Voltage U1	Corriente IA	Voltage U2	Voltage U3	Voltage UH
U1/V	IA/nA	U2/V	U3/V	UH/V

0,02	0,22	4,5	6,0	5,5
0,04	0,20	4,5	6,0	5,5
0,07	0,19	4,5	6,0	5,5
0,09	0,19	4,5	6,0	5,5
0,12	0,19	4,5	6,0	5,5
0,14	0,18	4,5	6,0	5,5
0,17	0,16	4,5	6,0	5,5
0,19	0,16	4,5	6,0	5,5
0,21	0,15	4,5	6,0	5,5
0,24	0,14	4,5	6,0	5,5
0,26	0,14	4,5	6,0	5,5
0,29	0,14	4,5	6,0	5,5
0,31	0,13	4,5	6,0	5,5
0,34	0,13	4,5	6,0	5,5
0,36	0,15	4,5	6,0	5,5
0,39	0,15	4,5	6,0	5,5
0,41	0,14	4,5	6,0	5,5
0,43	0,16	4,5	6,0	5,5
0,46	0,18	4,5	6,0	5,5
0,48	0,17	4,5	6,0	5,5
0,51	0,16	4,5	6,0	5,5
0,53	0,18	4,5	6,0	5,5
0,56	0,19	4,5	6,0	5,5
0,58	0,19	4,5	6,0	5,5
0,61	0,20	4,5	6,0	5,5
0,63	0,23	4,5	6,0	5,5
0,65	0,23	4,5	6,0	5,5
0,68	0,24	4,5	6,0	5,5
0,70	0,27	4,5	6,0	5,5
0,73	0,30	4,5	6,0	5,5
0,75	0,30	4,5	6,0	5,5
0,78	0,33	4,5	6,0	5,5
0,80	0,36	4,5	6,0	5,5
0,83	0,37	4,5	6,0	5,5
0,85	0,39	4,5	6,0	5,5
0,87	0,42	4,5	6,0	5,5
0,90	0,45	4,5	6,0	5,5
0,92	0,45	4,5	6,0	5,5
0,95	0,47	4,5	6,0	5,5
0,97	0,51	4,5	6,0	5,5
1,00	0,51	4,5	6,0	5,5
1,02	0,52	4,5	6,0	5,5
1,05	0,56	4,5	6,0	5,5
1,07	0,59	4,5	6,0	5,5
1,09	0,59	4,5	6,0	5,5
1,12	0,62	4,5	6,0	5,5
1,14	0,66	4,5	6,0	5,5
1,17	0,67	4,5	6,0	5,5
1,19	0,67	4,5	6,0	5,5
1,22	0,71	4,5	6,0	5,5
1,24	0,73	4,5	6,0	5,5
1,26	0,73	4,5	6,0	5,5
1,29	0,75	4,5	6,0	5,5
1,31	0,78	4,5	6,0	5,5
1,34	0,79	4,5	6,0	5,5
1,36	0,79	4,5	6,0	5,5
1,39	0,81	4,5	6,0	5,5
1,41	0,84	4,5	6,0	5,5
1,44	0,84	4,5	6,0	5,5
1,46	0,85	4,5	6,0	5,5
1,48	0,89	4,5	6,0	5,5
1,51	0,89	4,5	6,0	5,5
1,53	0,89	4,5	6,0	5,5
1,56	0,93	4,5	6,0	5,5
1,58	0,96	4,5	6,0	5,5
1,61	0,95	4,5	6,0	5,5
1,63	0,95	4,5	6,0	5,5
1,66	0,99	4,5	6,0	5,5
1,68	1,00	4,5	6,0	5,5
1,70	0,99	4,5	6,0	5,5
1,73	1,03	4,5	6,0	5,5
1,75	1,05	4,5	6,0	5,5
1,78	1,05	4,5	6,0	5,5
1,80	1,04	4,5	6,0	5,5
1,83	1,08	4,5	6,0	5,5
1,85	1,09	4,5	6,0	5,5
1,88	1,08	4,5	6,0	5,5
1,90	1,10	4,5	6,0	5,5
1,92	1,14	4,5	6,0	5,5
1,95	1,13	4,5	6,0	5,5
1,97	1,13	4,5	6,0	5,5
2,00	1,16	4,5	6,0	5,5
2,02	1,19	4,5	6,0	5,5
2,05	1,17	4,5	6,0	5,5
2,07	1,19	4,5	6,0	5,5
2,10	1,21	4,5	6,0	5,5
2,12	1,22	4,5	6,0	5,5
2,14	1,21	4,5	6,0	5,5
2,17	1,25	4,5	6,0	5,5
2,19	1,27	4,5	6,0	5,5
2,22	1,26	4,5	6,0	5,5
2,24	1,27	4,5	6,0	5,5
2,27	1,30	4,5	6,0	5,5
2,29	1,30	4,5	6,0	5,5
2,31	1,30	4,5	6,0	5,5
2,34	1,32	4,5	6,0	5,5
2,36	1,35	4,5	6,0	5,5
2,39	1,34	4,5	6,0	5,5
2,41	1,35	4,5	6,0	5,5
2,44	1,38	4,5	6,0	5,5
2,46	1,39	4,5	6,0	5,5
2,49	1,38	4,5	6,0	5,5
2,51	1,40	4,5	6,0	5,5
2,53	1,43	4,5	6,0	5,5
2,56	1,42	4,5	6,0	5,5
2,58	1,42	4,5	6,0	5,5
2,61	1,46	4,5	6,0	5,5
2,63	1,46	4,5	6,0	5,5
2,66	1,46	4,5	6,0	5,5
2,68	1,47	4,5	6,0	5,5
2,71	1,51	4,5	6,0	5,5
2,73	1,49	4,5	6,0	5,5
2,75	1,49	4,5	6,0	5,5
2,78	1,52	4,5	6,0	5,5
2,80	1,53	4,5	6,0	5,5
2,83	1,53	4,5	6,0	5,5
2,85	1,55	4,5	6,0	5,5
2,88	1,57	4,5	6,0	5,5
2,90	1,57	4,5	6,0	5,5
2,93	1,56	4,5	6,0	5,5
2,95	1,59	4,5	6,0	5,5
2,97	1,60	4,5	6,0	5,5
3,00	1,60	4,5	6,0	5,5
3,02	1,61	4,5	6,0	5,5
3,05	1,64	4,5	6,0	5,5
3,07	1,63	4,5	6,0	5,5
3,10	1,63	4,5	6,0	5,5
3,12	1,66	4,5	6,0	5,5
3,15	1,67	4,5	6,0	5,5
3,17	1,66	4,5	6,0	5,5
3,19	1,67	4,5	6,0	5,5
3,22	1,70	4,5	6,0	5,5
3,24	1,71	4,5	6,0	5,5
3,27	1,70	4,5	6,0	5,5
3,29	1,73	4,5	6,0	5,5
3,32	1,75	4,5	6,0	5,5
3,34	1,74	4,5	6,0	5,5
3,36	1,74	4,5	6,0	5,5
3,39	1,77	4,5	6,0	5,5
3,41	1,78	4,5	6,0	5,5
3,44	1,77	4,5	6,0	5,5
3,46	1,79	4,5	6,0	5,5
3,49	1,81	4,5	6,0	5,5
3,51	1,80	4,5	6,0	5,5
3,54	1,80	4,5	6,0	5,5
3,56	1,83	4,5	6,0	5,5
3,58	1,84	4,5	6,0	5,5
3,61	1,83	4,5	6,0	5,5
3,63	1,86	4,5	6,0	5,5
3,66	1,88	4,5	6,0	5,5
3,68	1,88	4,5	6,0	5,5
3,71	1,88	4,5	6,0	5,5
3,73	1,91	4,5	6,0	5,5
3,76	1,92	4,5	6,0	5,5
3,78	1,91	4,5	6,0	5,5
3,80	1,92	4,5	6,0	5,5
3,83	1,94	4,5	6,0	5,5
3,85	1,93	4,5	6,0	5,5
3,88	1,93	4,5	6,0	5,5
3,90	1,95	4,5	6,0	5,5
3,93	1,97	4,5	6,0	5,5
3,95	1,95	4,5	6,0	5,5
3,98	1,97	4,5	6,0	5,5
4,00	1,99	4,5	6,0	5,5
4,02	2,00	4,5	6,0	5,5
4,05	1,99	4,5	6,0	5,5
4,07	2,02	4,5	6,0	5,5
4,10	2,04	4,5	6,0	5,5
4,12	2,02	4,5	6,0	5,5
4,15	2,03	4,5	6,0	5,5
4,17	2,06	4,5	6,0	5,5
4,20	2,05	4,5	6,0	5,5
4,22	2,04	4,5	6,0	5,5
4,24	2,06	4,5	6,0	5,5
4,27	2,08	4,5	6,0	5,5
4,29	2,06	4,5	6,0	5,5
4,32	2,07	4,5	6,0	5,5
4,34	2,09	4,5	6,0	5,5
4,37	2,10	4,5	6,0	5,5
4,39	2,10	4,5	6,0	5,5
4,42	2,12	4,5	6,0	5,5
4,44	2,14	4,5	6,0	5,5
4,46	2,13	4,5	6,0	5,5
4,49	2,13	4,5	6,0	5,5
4,51	2,16	4,5	6,0	5,5
4,54	2,16	4,5	6,0	5,5
4,56	2,15	4,5	6,0	5,5
4,59	2,17	4,5	6,0	5,5
4,61	2,18	4,5	6,0	5,5
4,63	2,17	4,5	6,0	5,5
4,66	2,16	4,5	6,0	5,5
4,68	2,19	4,5	6,0	5,5
4,71	2,20	4,5	6,0	5,5
4,73	2,19	4,5	6,0	5,5
4,76	2,21	4,5	6,0	5,5
4,78	2,24	4,5	6,0	5,5
4,81	2,23	4,5	6,0	5,5
4,83	2,22	4,5	6,0	5,5
4,85	2,25	4,5	6,0	5,5
4,88	2,27	4,5	6,0	5,5
4,90	2,25	4,5	6,0	5,5
4,93	2,25	4,5	6,0	5,5
4,95	2,28	4,5	6,0	5,5
4,98	2,28	4,5	6,0	5,5
5,00	2,26	4,5	6,0	5,5
5,03	2,29	4,5	6,0	5,5
5,05	2,30	4,5	6,0	5,5
5,07	2,29	4,5	6,0	5,5
5,10	2,29	4,5	6,0	5,5
5,12	2,32	4,5	6,0	5,5
5,15	2,32	4,5	6,0	5,5
5,17	2,32	4,5	6,0	5,5
5,20	2,34	4,5	6,0	5,5
5,22	2,36	4,5	6,0	5,5
5,25	2,34	4,5	6,0	5,5
5,27	2,35	4,5	6,0	5,5
5,29	2,38	4,5	6,0	5,5
5,32	2,38	4,5	6,0	5,5
5,34	2,37	4,5	6,0	5,5
5,37	2,39	4,5	6,0	5,5
5,39	2,40	4,5	6,0	5,5
5,42	2,40	4,5	6,0	5,5
5,44	2,39	4,5	6,0	5,5
5,47	2,43	4,5	6,0	5,5
5,49	2,43	4,5	6,0	5,5
5,51	2,41	4,5	6,0	5,5
5,54	2,43	4,5	6,0	5,5
5,56	2,45	4,5	6,0	5,5
5,59	2,44	4,5	6,0	5,5
5,61	2,44	4,5	6,0	5,5
5,64	2,47	4,5	6,0	5,5
5,66	2,49	4,5	6,0	5,5
5,68	2,47	4,5	6,0	5,5
5,71	2,49	4,5	6,0	5,5
5,73	2,51	4,5	6,0	5,5
5,76	2,51	4,5	6,0	5,5
5,78	2,50	4,5	6,0	5,5
5,81	2,52	4,5	6,0	5,5
5,83	2,54	4,5	6,0	5,5
5,86	2,52	4,5	6,0	5,5
5,88	2,53	4,5	6,0	5,5
5,90	2,55	4,5	6,0	5,5
5,93	2,55	4,5	6,0	5,5
5,95	2,54	4,5	6,0	5,5
5,98	2,56	4,5	6,0	5,5
6,00	2,58	4,5	6,0	5,5
6,03	2,55	4,5	6,0	5,5
6,05	2,57	4,5	6,0	5,5
6,08	2,60	4,5	6,0	5,5
6,10	2,60	4,5	6,0	5,5
6,12	2,59	4,5	6,0	5,5
6,15	2,62	4,5	6,0	5,5
6,17	2,63	4,5	6,0	5,5
6,20	2,62	4,5	6,0	5,5
6,22	2,62	4,5	6,0	5,5
6,25	2,65	4,5	6,0	5,5
6,27	2,64	4,5	6,0	5,5
6,30	2,63	4,5	6,0	5,5
6,32	2,64	4,5	6,0	5,5
6,34	2,67	4,5	6,0	5,5
6,37	2,65	4,5	6,0	5,5
6,39	2,65	4,5	6,0	5,5
6,42	2,68	4,5	6,0	5,5
6,44	2,69	4,5	6,0	5,5
6,47	2,68	4,5	6,0	5,5
6,49	2,70	4,5	6,0	5,5
6,52	2,72	4,5	6,0	5,5
6,54	2,72	4,5	6,0	5,5
6,56	2,72	4,5	6,0	5,5
6,59	2,75	4,5	6,0	5,5
6,61	2,75	4,5	6,0	5,5
6,64	2,74	4,5	6,0	5,5
6,66	2,74	4,5	6,0	5,5
6,69	2,77	4,5	6,0	5,5
6,71	2,76	4,5	6,0	5,5
6,73	2,75	4,5	6,0	5,5
6,76	2,78	4,5	6,0	5,5
6,78	2,78	4,5	6,0	5,5
6,81	2,77	4,5	6,0	5,5
6,83	2,77	4,5	6,0	5,5
6,86	2,80	4,5	6,0	5,5
6,88	2,80	4,5	6,0	5,5
6,91	2,79	4,5	6,0	5,5
6,93	2,82	4,5	6,0	5,5
6,95	2,83	4,5	6,0	5,5
6,98	2,82	4,5	6,0	5,5
7,00	2,83	4,5	6,0	5,5
7,03	2,85	4,5	6,0	5,5
7,05	2,85	4,5	6,0	5,5
7,08	2,83	4,5	6,0	5,5
7,10	2,85	4,5	6,0	5,5
7,13	2,86	4,5	6,0	5,5
7,15	2,85	4,5	6,0	5,5
7,17	2,85	4,5	6,0	5,5
7,20	2,88	4,5	6,0	5,5
7,22	2,88	4,5	6,0	5,5
7,25	2,86	4,5	6,0	5,5
7,27	2,88	4,5	6,0	5,5
7,30	2,90	4,5	6,0	5,5
7,32	2,90	4,5	6,0	5,5
7,35	2,90	4,5	6,0	5,5
7,37	2,93	4,5	6,0	5,5
7,39	2,94	4,5	6,0	5,5
7,42	2,92	4,5	6,0	5,5
7,44	2,94	4,5	6,0	5,5
7,47	2,95	4,5	6,0	5,5
7,49	2,94	4,5	6,0	5,5
7,52	2,94	4,5	6,0	5,5
7,54	2,95	4,5	6,0	5,5
7,57	2,96	4,5	6,0	5,5
7,59	2,95	4,5	6,0	5,5
7,61	2,96	4,5	6,0	5,5
7,64	2,99	4,5	6,0	5,5
7,66	2,98	4,5	6,0	5,5
7,69	2,97	4,5	6,0	5,5
7,71	3,00	4,5	6,0	5,5
7,74	3,01	4,5	6,0	5,5
7,76	3,00	4,5	6,0	5,5
7,78	3,01	4,5	6,0	5,5
7,81	3,03	4,5	6,0	5,5
7,83	3,03	4,5	6,0	5,5
7,86	3,02	4,5	6,0	5,5
7,88	3,04	4,5	6,0	5,5
7,91	3,05	4,5	6,0	5,5
7,93	3,04	4,5	6,0	5,5
7,96	3,03	4,5	6,0	5,5
7,98	3,06	4,5	6,0	5,5
8,00	3,06	4,5	6,0	5,5
8,03	3,05	4,5	6,0	5,5
8,05	3,07	4,5	6,0	5,5
8,08	3,10	4,5	6,0	5,5
8,10	3,08	4,5	6,0	5,5
8,13	3,09	4,5	6,0	5,5
8,15	3,12	4,5	6,0	5,5
8,18	3,12	4,5	6,0	5,5
8,20	3,10	4,5	6,0	5,5
8,22	3,12	4,5	6,0	5,5
8,25	3,14	4,5	6,0	5,5
8,27	3,13	4,5	6,0	5,5
8,30	3,12	4,5	6,0	5,5
8,32	3,15	4,5	6,0	5,5
8,35	3,15	4,5	6,0	5,5
8,37	3,13	4,5	6,0	5,5
8,40	3,14	4,5	6,0	5,5
8,42	3,17	4,5	6,0	5,5
8,44	3,16	4,5	6,0	5,5
8,47	3,15	4,5	6,0	5,5
8,49	3,18	4,5	6,0	5,5
8,52	3,19	4,5	6,0	5,5
8,54	3,18	4,5	6,0	5,5
8,57	3,19	4,5	6,0	5,5
8,59	3,21	4,5	6,0	5,5
8,62	3,20	4,5	6,0	5,5
8,64	3,18	4,5	6,0	5,5
8,66	3,21	4,5	6,0	5,5
8,69	3,22	4,5	6,0	5,5
8,71	3,21	4,5	6,0	5,5
8,74	3,20	4,5	6,0	5,5
8,76	3,23	4,5	6,0	5,5
8,79	3,23	4,5	6,0	5,5
8,81	3,21	4,5	6,0	5,5
8,84	3,23	4,5	6,0	5,5
8,86	3,24	4,5	6,0	5,5
8,88	3,23	4,5	6,0	5,5
8,91	3,23	4,5	6,0	5,5
8,93	3,25	4,5	6,0	5,5
8,96	3,26	4,5	6,0	5,5
8,98	3,25	4,5	6,0	5,5
9,01	3,27	4,5	6,0	5,5
9,03	3,28	4,5	6,0	5,5
9,05	3,27	4,5	6,0	5,5
9,08	3,26	4,5	6,0	5,5
9,10	3,29	4,5	6,0	5,5
9,13	3,29	4,5	6,0	5,5
9,15	3,28	4,5	6,0	5,5
9,18	3,29	4,5	6,0	5,5
9,20	3,32	4,5	6,0	5,5
9,23	3,30	4,5	6,0	5,5
9,25	3,30	4,5	6,0	5,5
9,27	3,32	4,5	6,0	5,5
9,30	3,33	4,5	6,0	5,5
9,32	3,31	4,5	6,0	5,5
9,35	3,33	4,5	6,0	5,5
9,37	3,35	4,5	6,0	5,5
9,40	3,35	4,5	6,0	5,5
9,42	3,34	4,5	6,0	5,5
9,45	3,37	4,5	6,0	5,5
9,47	3,38	4,5	6,0	5,5
9,49	3,35	4,5	6,0	5,5
9,52	3,36	4,5	6,0	5,5
9,54	3,38	4,5	6,0	5,5
9,57	3,37	4,5	6,0	5,5
9,59	3,37	4,5	6,0	5,5
9,62	3,38	4,5	6,0	5,5
9,64	3,39	4,5	6,0	5,5
9,67	3,38	4,5	6,0	5,5
9,69	3,38	4,5	6,0	5,5
9,71	3,41	4,5	6,0	5,5
9,74	3,40	4,5	6,0	5,5
9,76	3,39	4,5	6,0	5,5
9,79	3,40	4,5	6,0	5,5
9,81	3,43	4,5	6,0	5,5
9,84	3,42	4,5	6,0	5,5
9,86	3,42	4,5	6,0	5,5
9,89	3,44	4,5	6,0	5,5
9,91	3,44	4,5	6,0	5,5
9,93	3,42	4,5	6,0	5,5
9,96	3,43	4,5	6,0	5,5
9,98	3,45	4,5	6,0	5,5
10,01	3,44	4,5	6,0	5,5
10,03	3,43	4,5	6,0	5,5
10,06	3,46	4,5	6,0	5,5
10,08	3,46	4,5	6,0	5,5
10,10	3,44	4,5	6,0	5,5
10,13	3,46	4,5	6,0	5,5
10,15	3,48	4,5	6,0	5,5
10,18	3,47	4,5	6,0	5,5
10,20	3,46	4,5	6,0	5,5
10,23	3,49	4,5	6,0	5,5
10,25	3,50	4,5	6,0	5,5
10,28	3,49	4,5	6,0	5,5
10,30	3,50	4,5	6,0	5,5
10,32	3,52	4,5	6,0	5,5
10,35	3,51	4,5	6,0	5,5
10,37	3,49	4,5	6,0	5,5
10,40	3,51	4,5	6,0	5,5
10,42	3,52	4,5	6,0	5,5
10,45	3,51	4,5	6,0	5,5
10,47	3,52	4,5	6,0	5,5
10,50	3,54	4,5	6,0	5,5
10,52	3,54	4,5	6,0	5,5
10,54	3,53	4,5	6,0	5,5
10,57	3,55	4,5	6,0	5,5
10,59	3,56	4,5	6,0	5,5
10,62	3,54	4,5	6,0	5,5
10,64	3,55	4,5	6,0	5,5
10,67	3,57	4,5	6,0	5,5
10,69	3,57	4,5	6,0	5,5
10,72	3,55	4,5	6,0	5,5
10,74	3,57	4,5	6,0	5,5
10,76	3,59	4,5	6,0	5,5
10,79	3,57	4,5	6,0	5,5
10,81	3,56	4,5	6,0	5,5
10,84	3,58	4,5	6,0	5,5
10,86	3,59	4,5	6,0	5,5
10,89	3,57	4,5	6,0	5,5
10,91	3,59	4,5	6,0	5,5
10,94	3,61	4,5	6,0	5,5
10,96	3,59	4,5	6,0	5,5
10,98	3,59	4,5	6,0	5,5
11,01	3,60	4,5	6,0	5,5
11,03	3,61	4,5	6,0	5,5
11,06	3,59	4,5	6,0	5,5
11,08	3,60	4,5	6,0	5,5
11,11	3,62	4,5	6,0	5,5
11,13	3,61	4,5	6,0	5,5
11,15	3,61	4,5	6,0	5,5
11,18	3,63	4,5	6,0	5,5
11,20	3,63	4,5	6,0	5,5
11,23	3,61	4,5	6,0	5,5
11,25	3,62	4,5	6,0	5,5
11,28	3,64	4,5	6,0	5,5
11,30	3,63	4,5	6,0	5,5
11,33	3,62	4,5	6,0	5,5
11,35	3,64	4,5	6,0	5,5
11,37	3,65	4,5	6,0	5,5
11,40	3,63	4,5	6,0	5,5
11,42	3,65	4,5	6,0	5,5
11,45	3,67	4,5	6,0	5,5
11,47	3,66	4,5	6,0	5,5
11,50	3,64	4,5	6,0	5,5
11,52	3,66	4,5	6,0	5,5
11,55	3,68	4,5	6,0	5,5
11,57	3,67	4,5	6,0	5,5
11,59	3,66	4,5	6,0	5,5
11,62	3,69	4,5	6,0	5,5
11,64	3,68	4,5	6,0	5,5
11,67	3,66	4,5	6,0	5,5
11,69	3,67	4,5	6,0	5,5
11,72	3,70	4,5	6,0	5,5
11,74	3,68	4,5	6,0	5,5
11,77	3,68	4,5	6,0	5,5
11,79	3,70	4,5	6,0	5,5
11,81	3,71	4,5	6,0	5,5
11,84	3,69	4,5	6,0	5,5
11,86	3,71	4,5	6,0	5,5
11,89	3,73	4,5	6,0	5,5
11,91	3,72	4,5	6,0	5,5
11,94	3,71	4,5	6,0	5,5
11,96	3,73	4,5	6,0	5,5
11,99	3,73	4,5	6,0	5,5
12,01	3,72	4,5	6,0	5,5
12,03	3,73	4,5	6,0	5,5
12,06	3,75	4,5	6,0	5,5
12,08	3,73	4,5	6,0	5,5
12,11	3,72	4,5	6,0	5,5
12,13	3,74	4,5	6,0	5,5
12,16	3,75	4,5	6,0	5,5
12,18	3,74	4,5	6,0	5,5
12,21	3,75	4,5	6,0	5,5
12,23	3,77	4,5	6,0	5,5
12,25	3,77	4,5	6,0	5,5
12,28	3,75	4,5	6,0	5,5
12,30	3,77	4,5	6,0	5,5
12,33	3,78	4,5	6,0	5,5
12,35	3,76	4,5	6,0	5,5
12,38	3,76	4,5	6,0	5,5
12,40	3,78	4,5	6,0	5,5
12,42	3,78	4,5	6,0	5,5
12,45	3,76	4,5	6,0	5,5
12,47	3,78	4,5	6,0	5,5
12,50	3,79	4,5	6,0	5,5
12,52	3,78	4,5	6,0	5,5
12,55	3,78	4,5	6,0	5,5
12,57	3,80	4,5	6,0	5,5
12,60	3,81	4,5	6,0	5,5
12,62	3,79	4,5	6,0	5,5
12,64	3,81	4,5	6,0	5,5
12,67	3,83	4,5	6,0	5,5
12,69	3,82	4,5	6,0	5,5
12,72	3,82	4,5	6,0	5,5
12,74	3,84	4,5	6,0	5,5
12,77	3,84	4,5	6,0	5,5
12,79	3,82	4,5	6,0	5,5
12,82	3,83	4,5	6,0	5,5
12,84	3,86	4,5	6,0	5,5
12,86	3,84	4,5	6,0	5,5
12,89	3,84	4,5	6,0	5,5
12,91	3,86	4,5	6,0	5,5
12,94	3,86	4,5	6,0	5,5
12,96	3,84	4,5	6,0	5,5
12,99	3,86	4,5	6,0	5,5
13,01	3,88	4,5	6,0	5,5
13,04	3,87	4,5	6,0	5,5
13,06	3,85	4,5	6,0	5,5
13,08	3,87	4,5	6,0	5,5
13,11	3,88	4,5	6,0	5,5
13,13	3,86	4,5	6,0	5,5
13,16	3,86	4,5	6,0	5,5
13,18	3,88	4,5	6,0	5,5
13,21	3,86	4,5	6,0	5,5
13,23	3,84	4,5	6,0	5,5
13,26	3,85	4,5	6,0	5,5
13,28	3,86	4,5	6,0	5,5
13,30	3,84	4,5	6,0	5,5
13,33	3,83	4,5	6,0	5,5
13,35	3,84	4,5	6,0	5,5
13,38	3,82	4,5	6,0	5,5
13,40	3,79	4,5	6,0	5,5
13,43	3,79	4,5	6,0	5,5
13,45	3,80	4,5	6,0	5,5
13,47	3,77	4,5	6,0	5,5
13,50	3,75	4,5	6,0	5,5
13,52	3,76	4,5	6,0	5,5
13,55	3,73	4,5	6,0	5,5
13,57	3,69	4,5	6,0	5,5
13,60	3,69	4,5	6,0	5,5
13,62	3,68	4,5	6,0	5,5
13,65	3,64	4,5	6,0	5,5
13,67	3,61	4,5	6,0	5,5
13,69	3,61	4,5	6,0	5,5
13,72	3,59	4,5	6,0	5,5
13,74	3,55	4,5	6,0	5,5
13,77	3,54	4,5	6,0	5,5
13,79	3,53	4,5	6,0	5,5
13,82	3,48	4,5	6,0	5,5
13,84	3,44	4,5	6,0	5,5
13,87	3,43	4,5	6,0	5,5
13,89	3,41	4,5	6,0	5,5
13,91	3,37	4,5	6,0	5,5
13,94	3,34	4,5	6,0	5,5
13,96	3,32	4,5	6,0	5,5
13,99	3,28	4,5	6,0	5,5
14,01	3,23	4,5	6,0	5,5
14,04	3,22	4,5	6,0	5,5
14,06	3,18	4,5	6,0	5,5
14,09	3,13	4,5	6,0	5,5
14,11	3,09	4,5	6,0	5,5
14,13	3,07	4,5	6,0	5,5
14,16	3,03	4,5	6,0	5,5
14,18	2,97	4,5	6,0	5,5
14,21	2,95	4,5	6,0	5,5
14,23	2,92	4,5	6,0	5,5
14,26	2,86	4,5	6,0	5,5
14,28	2,82	4,5	6,0	5,5
14,31	2,79	4,5	6,0	5,5
14,33	2,75	4,5	6,0	5,5
14,35	2,69	4,5	6,0	5,5
14,38	2,66	4,5	6,0	5,5
14,40	2,63	4,5	6,0	5,5
14,43	2,57	4,5	6,0	5,5
14,45	2,52	4,5	6,0	5,5
14,48	2,49	4,5	6,0	5,5
14,50	2,44	4,5	6,0	5,5
14,52	2,37	4,5	6,0	5,5
14,55	2,34	4,5	6,0	5,5
14,57	2,32	4,5	6,0	5,5
14,60	2,26	4,5	6,0	5,5
14,62	2,21	4,5	6,0	5,5
14,65	2,19	4,5	6,0	5,5
14,67	2,15	4,5	6,0	5,5
14,70	2,09	4,5	6,0	5,5
14,72	2,06	4,5	6,0	5,5
14,74	2,03	4,5	6,0	5,5
14,77	1,98	4,5	6,0	5,5
14,79	1,92	4,5	6,0	5,5
14,82	1,89	4,5	6,0	5,5
14,84	1,86	4,5	6,0	5,5
14,87	1,80	4,5	6,0	5,5
14,89	1,76	4,5	6,0	5,5
14,92	1,73	4,5	6,0	5,5
14,94	1,68	4,5	6,0	5,5
14,96	1,63	4,5	6,0	5,5
14,99	1,60	4,5	6,0	5,5
15,01	1,58	4,5	6,0	5,5
15,04	1,52	4,5	6,0	5,5
15,06	1,49	4,5	6,0	5,5
15,09	1,48	4,5	6,0	5,5
15,11	1,43	4,5	6,0	5,5
15,14	1,37	4,5	6,0	5,5
15,16	1,35	4,5	6,0	5,5
15,18	1,33	4,5	6,0	5,5
15,21	1,28	4,5	6,0	5,5
15,23	1,24	4,5	6,0	5,5
15,26	1,22	4,5	6,0	5,5
15,28	1,18	4,5	6,0	5,5
15,31	1,13	4,5	6,0	5,5
15,33	1,10	4,5	6,0	5,5
15,36	1,09	4,5	6,0	5,5
15,38	1,04	4,5	6,0	5,5
15,40	0,99	4,5	6,0	5,5
15,43	0,98	4,5	6,0	5,5
15,45	0,96	4,5	6,0	5,5
15,48	0,92	4,5	6,0	5,5
15,50	0,90	4,5	6,0	5,5
15,53	0,89	4,5	6,0	5,5
15,55	0,86	4,5	6,0	5,5
15,57	0,82	4,5	6,0	5,5
15,60	0,81	4,5	6,0	5,5
15,62	0,79	4,5	6,0	5,5
15,65	0,74	4,5	6,0	5,5
15,67	0,72	4,5	6,0	5,5
15,70	0,72	4,5	6,0	5,5
15,72	0,69	4,5	6,0	5,5
15,75	0,66	4,5	6,0	5,5
15,77	0,65	4,5	6,0	5,5
15,79	0,64	4,5	6,0	5,5
15,82	0,60	4,5	6,0	5,5
15,84	0,59	4,5	6,0	5,5
15,87	0,59	4,5	6,0	5,5
15,89	0,57	4,5	6,0	5,5
15,92	0,54	4,5	6,0	5,5
15,94	0,55	4,5	6,0	5,5
15,97	0,54	4,5	6,0	5,5
15,99	0,51	4,5	6,0	5,5
16,01	0,49	4,5	6,0	5,5
16,04	0,49	4,5	6,0	5,5
16,06	0,47	4,5	6,0	5,5
16,09	0,44	4,5	6,0	5,5
16,11	0,44	4,5	6,0	5,5
16,14	0,45	4,5	6,0	5,5
16,16	0,42	4,5	6,0	5,5
16,19	0,41	4,5	6,0	5,5
16,21	0,42	4,5	6,0	5,5
16,23	0,40	4,5	6,0	5,5
16,26	0,37	4,5	6,0	5,5
16,28	0,38	4,5	6,0	5,5
16,31	0,39	4,5	6,0	5,5
16,33	0,37	4,5	6,0	5,5
16,36	0,35	4,5	6,0	5,5
16,38	0,36	4,5	6,0	5,5
16,41	0,36	4,5	6,0	5,5
16,43	0,34	4,5	6,0	5,5
16,45	0,34	4,5	6,0	5,5
16,48	0,35	4,5	6,0	5,5
16,50	0,33	4,5	6,0	5,5
16,53	0,31	4,5	6,0	5,5
16,55	0,33	4,5	6,0	5,5
16,58	0,34	4,5	6,0	5,5
16,60	0,32	4,5	6,0	5,5
16,63	0,32	4,5	6,0	5,5
16,65	0,34	4,5	6,0	5,5
16,67	0,32	4,5	6,0	5,5
16,70	0,31	4,5	6,0	5,5
16,72	0,32	4,5	6,0	5,5
16,75	0,34	4,5	6,0	5,5
16,77	0,32	4,5	6,0	5,5
16,80	0,32	4,5	6,0	5,5
16,82	0,35	4,5	6,0	5,5
16,84	0,34	4,5	6,0	5,5
16,87	0,33	4,5	6,0	5,5
16,89	0,35	4,5	6,0	5,5
16,92	0,36	4,5	6,0	5,5
16,94	0,35	4,5	6,0	5,5
16,97	0,35	4,5	6,0	5,5
16,99	0,38	4,5	6,0	5,5
17,02	0,38	4,5	6,0	5,5
17,04	0,38	4,5	6,0	5,5
17,06	0,40	4,5	6,0	5,5
17,09	0,42	4,5	6,0	5,5
17,11	0,41	4,5	6,0	5,5
17,14	0,42	4,5	6,0	5,5
17,16	0,45	4,5	6,0	5,5
17,19	0,47	4,5	6,0	5,5
17,21	0,47	4,5	6,0	5,5
17,24	0,49	4,5	6,0	5,5
17,26	0,53	4,5	6,0	5,5
17,28	0,54	4,5	6,0	5,5
17,31	0,54	4,5	6,0	5,5
17,33	0,59	4,5	6,0	5,5
17,36	0,61	4,5	6,0	5,5
17,38	0,61	4,5	6,0	5,5
17,41	0,65	4,5	6,0	5,5
17,43	0,70	4,5	6,0	5,5
17,46	0,72	4,5	6,0	5,5
17,48	0,75	4,5	6,0	5,5
17,50	0,80	4,5	6,0	5,5
17,53	0,85	4,5	6,0	5,5
17,55	0,87	4,5	6,0	5,5
17,58	0,92	4,5	6,0	5,5
17,60	0,98	4,5	6,0	5,5
17,63	1,02	4,5	6,0	5,5
17,65	1,05	4,5	6,0	5,5
17,68	1,13	4,5	6,0	5,5
17,70	1,19	4,5	6,0	5,5
17,72	1,23	4,5	6,0	5,5
17,75	1,28	4,5	6,0	5,5
17,77	1,36	4,5	6,0	5,5
17,80	1,41	4,5	6,0	5,5
17,82	1,45	4,5	6,0	5,5
17,85	1,53	4,5	6,0	5,5
17,87	1,62	4,5	6,0	5,5
17,89	1,66	4,5	6,0	5,5
17,92	1,73	4,5	6,0	5,5
17,94	1,82	4,5	6,0	5,5
17,97	1,89	4,5	6,0	5,5
17,99	1,94	4,5	6,0	5,5
18,02	2,03	4,5	6,0	5,5
18,04	2,12	4,5	6,0	5,5
18,07	2,18	4,5	6,0	5,5
18,09	2,25	4,5	6,0	5,5
18,11	2,35	4,5	6,0	5,5
18,14	2,42	4,5	6,0	5,5
18,16	2,48	4,5	6,0	5,5
18,19	2,56	4,5	6,0	5,5
18,21	2,65	4,5	6,0	5,5
18,24	2,71	4,5	6,0	5,5
18,26	2,77	4,5	6,0	5,5
18,29	2,87	4,5	6,0	5,5
18,31	2,96	4,5	6,0	5,5
18,33	3,01	4,5	6,0	5,5
18,36	3,09	4,5	6,0	5,5
18,38	3,19	4,5	6,0	5,5
18,41	3,26	4,5	6,0	5,5
18,43	3,32	4,5	6,0	5,5
18,46	3,41	4,5	6,0	5,5
18,48	3,50	4,5	6,0	5,5
18,51	3,56	4,5	6,0	5,5
18,53	3,62	4,5	6,0	5,5
18,55	3,72	4,5	6,0	5,5
18,58	3,78	4,5	6,0	5,5
18,60	3,83	4,5	6,0	5,5
18,63	3,92	4,5	6,0	5,5
18,65	4,00	4,5	6,0	5,5
18,68	4,04	4,5	6,0	5,5
18,70	4,11	4,5	6,0	5,5
18,73	4,20	4,5	6,0	5,5
18,75	4,28	4,5	6,0	5,5
18,77	4,33	4,5	6,0	5,5
18,80	4,42	4,5	6,0	5,5
18,82	4,50	4,5	6,0	5,5
18,85	4,56	4,5	6,0	5,5
18,87	4,61	4,5	6,0	5,5
18,90	4,70	4,5	6,0	5,5
18,92	4,76	4,5	6,0	5,5
18,94	4,81	4,5	6,0	5,5
18,97	4,88	4,5	6,0	5,5
18,99	4,97	4,5	6,0	5,5
19,02	5,02	4,5	6,0	5,5
19,04	5,07	4,5	6,0	5,5
19,07	5,15	4,5	6,0	5,5
19,09	5,22	4,5	6,0	5,5
19,12	5,27	4,5	6,0	5,5
19,14	5,34	4,5	6,0	5,5
19,16	5,43	4,5	6,0	5,5
19,19	5,48	4,5	6,0	5,5
19,21	5,53	4,5	6,0	5,5
19,24	5,61	4,5	6,0	5,5
19,26	5,68	4,5	6,0	5,5
19,29	5,73	4,5	6,0	5,5
19,31	5,79	4,5	6,0	5,5
19,34	5,87	4,5	6,0	5,5
19,36	5,91	4,5	6,0	5,5
19,38	5,96	4,5	6,0	5,5
19,41	6,04	4,5	6,0	5,5
19,43	6,12	4,5	6,0	5,5
19,46	6,16	4,5	6,0	5,5
19,48	6,24	4,5	6,0	5,5
19,51	6,32	4,5	6,0	5,5
19,53	6,37	4,5	6,0	5,5
19,56	6,41	4,5	6,0	5,5
19,58	6,49	4,5	6,0	5,5
19,60	6,57	4,5	6,0	5,5
19,63	6,61	4,5	6,0	5,5
19,65	6,67	4,5	6,0	5,5
19,68	6,75	4,5	6,0	5,5
19,70	6,81	4,5	6,0	5,5
19,73	6,85	4,5	6,0	5,5
19,75	6,93	4,5	6,0	5,5
19,78	7,00	4,5	6,0	5,5
19,80	7,05	4,5	6,0	5,5
19,82	7,10	4,5	6,0	5,5
19,85	7,18	4,5	6,0	5,5
19,87	7,25	4,5	6,0	5,5
19,90	7,29	4,5	6,0	5,5
19,92	7,35	4,5	6,0	5,5
19,95	7,43	4,5	6,0	5,5
19,97	7,46	4,5	6,0	5,5
19,99	7,52	4,5	6,0	5,5
20,02	7,59	4,5	6,0	5,5
20,04	7,66	4,5	6,0	5,5
20,07	7,70	4,5	6,0	5,5
20,09	7,76	4,5	6,0	5,5
20,12	7,84	4,5	6,0	5,5
20,14	7,89	4,5	6,0	5,5
20,17	7,94	4,5	6,0	5,5
20,19	8,01	4,5	6,0	5,5
20,21	8,08	4,5	6,0	5,5
20,24	8,11	4,5	6,0	5,5
20,26	8,16	4,5	6,0	5,5
20,29	8,24	4,5	6,0	5,5
20,31	8,29	4,5	6,0	5,5
20,34	8,33	4,5	6,0	5,5
20,36	8,40	4,5	6,0	5,5
20,39	8,47	4,5	6,0	5,5
20,41	8,50	4,5	6,0	5,5
20,43	8,56	4,5	6,0	5,5
20,46	8,64	4,5	6,0	5,5
20,48	8,69	4,5	6,0	5,5
20,51	8,73	4,5	6,0	5,5
20,53	8,80	4,5	6,0	5,5
20,56	8,86	4,5	6,0	5,5
20,58	8,90	4,5	6,0	5,5
20,61	8,94	4,5	6,0	5,5
20,63	9,01	4,5	6,0	5,5
20,65	9,05	4,5	6,0	5,5
20,68	9,08	4,5	6,0	5,5
20,70	9,14	4,5	6,0	5,5
20,73	9,21	4,5	6,0	5,5
20,75	9,24	4,5	6,0	5,5
20,78	9,28	4,5	6,0	5,5
20,80	9,35	4,5	6,0	5,5
20,83	9,41	4,5	6,0	5,5
20,85	9,44	4,5	6,0	5,5
20,87	9,50	4,5	6,0	5,5
20,90	9,57	4,5	6,0	5,5
20,92	9,61	4,5	6,0	5,5
20,95	9,64	4,5	6,0	5,5
20,97	9,71	4,5	6,0	5,5
21,00	9,76	4,5	6,0	5,5
21,02	9,78	4,5	6,0	5,5
21,05	9,83	4,5	6,0	5,5
21,07	9,90	4,5	6,0	5,5
21,09	9,93	4,5	6,0	5,5
21,12	9,96	4,5	6,0	5,5
21,14	10,03	4,5	6,0	5,5
21,17	10,10	4,5	6,0	5,5
21,19	10,12	4,5	6,0	5,5
21,22	10,18	4,5	6,0	5,5
21,24	10,24	4,5	6,0	5,5
21,26	10,28	4,5	6,0	5,5
21,29	10,31	4,5	6,0	5,5
21,31	10,38	4,5	6,0	5,5
21,34	10,43	4,5	6,0	5,5
21,36	10,46	4,5	6,0	5,5
21,39	10,49	4,5	6,0	5,5
21,41	10,56	4,5	6,0	5,5
21,44	10,60	4,5	6,0	5,5
21,46	10,63	4,5	6,0	5,5
21,48	10,68	4,5	6,0	5,5
21,51	10,74	4,5	6,0	5,5
21,53	10,76	4,5	6,0	5,5
21,56	10,80	4,5	6,0	5,5
21,58	10,86	4,5	6,0	5,5
21,61	10,91	4,5	6,0	5,5
21,63	10,94	4,5	6,0	5,5
21,66	10,99	4,5	6,0	5,5
21,68	11,04	4,5	6,0	5,5
21,70	11,07	4,5	6,0	5,5
21,73	11,10	4,5	6,0	5,5
21,75	11,16	4,5	6,0	5,5
21,78	11,21	4,5	6,0	5,5
21,80	11,22	4,5	6,0	5,5
21,83	11,26	4,5	6,0	5,5
21,85	11,32	4,5	6,0	5,5
21,88	11,34	4,5	6,0	5,5
21,90	11,36	4,5	6,0	5,5
21,92	11,42	4,5	6,0	5,5
21,95	11,46	4,5	6,0	5,5
21,97	11,48	4,5	6,0	5,5
22,00	11,52	4,5	6,0	5,5
22,02	11,58	4,5	6,0	5,5
22,05	11,61	4,5	6,0	5,5
22,07	11,62	4,5	6,0	5,5
22,10	11,68	4,5	6,0	5,5
22,12	11,72	4,5	6,0	5,5
22,14	11,74	4,5	6,0	5,5
22,17	11,77	4,5	6,0	5,5
22,19	11,82	4,5	6,0	5,5
22,22	11,85	4,5	6,0	5,5
22,24	11,87	4,5	6,0	5,5
22,27	11,92	4,5	6,0	5,5
22,29	11,96	4,5	6,0	5,5
22,31	11,98	4,5	6,0	5,5
22,34	12,01	4,5	6,0	5,5
22,36	12,06	4,5	6,0	5,5
22,39	12,09	4,5	6,0	5,5
22,41	12,11	4,5	6,0	5,5
22,44	12,17	4,5	6,0	5,5
22,46	12,22	4,5	6,0	5,5
22,49	12,23	4,5	6,0	5,5
22,51	12,26	4,5	6,0	5,5
22,53	12,32	4,5	6,0	5,5
22,56	12,35	4,5	6,0	5,5
22,58	12,36	4,5	6,0	5,5
22,61	12,41	4,5	6,0	5,5
22,63	12,45	4,5	6,0	5,5
22,66	12,47	4,5	6,0	5,5
22,68	12,49	4,5	6,0	5,5
22,71	12,54	4,5	6,0	5,5
22,73	12,58	4,5	6,0	5,5
22,75	12,59	4,5	6,0	5,5
22,78	12,63	4,5	6,0	5,5
22,80	12,68	4,5	6,0	5,5
22,83	12,69	4,5	6,0	5,5
22,85	12,70	4,5	6,0	5,5
22,88	12,76	4,5	6,0	5,5
22,90	12,80	4,5	6,0	5,5
22,93	12,80	4,5	6,0	5,5
22,95	12,84	4,5	6,0	5,5
22,97	12,88	4,5	6,0	5,5
23,00	12,90	4,5	6,0	5,5
23,02	12,91	4,5	6,0	5,5
23,05	12,96	4,5	6,0	5,5
23,07	13,00	4,5	6,0	5,5
23,10	13,01	4,5	6,0	5,5
23,12	13,04	4,5	6,0	5,5
23,15	13,09	4,5	6,0	5,5
23,17	13,11	4,5	6,0	5,5
23,19	13,13	4,5	6,0	5,5
23,22	13,17	4,5	6,0	5,5
23,24	13,21	4,5	6,0	5,5
23,27	13,21	4,5	6,0	5,5
23,29	13,24	4,5	6,0	5,5
23,32	13,30	4,5	6,0	5,5
23,34	13,33	4,5	6,0	5,5
23,36	13,33	4,5	6,0	5,5
23,39	13,38	4,5	6,0	5,5
23,41	13,43	4,5	6,0	5,5
23,44	13,43	4,5	6,0	5,5
23,46	13,45	4,5	6,0	5,5
23,49	13,50	4,5	6,0	5,5
23,51	13,52	4,5	6,0	5,5
23,54	13,53	4,5	6,0	5,5
23,56	13,57	4,5	6,0	5,5
23,58	13,62	4,5	6,0	5,5
23,61	13,62	4,5	6,0	5,5
23,63	13,64	4,5	6,0	5,5
23,66	13,69	4,5	6,0	5,5
23,68	13,72	4,5	6,0	5,5
23,71	13,73	4,5	6,0	5,5
23,73	13,76	4,5	6,0	5,5
23,76	13,81	4,5	6,0	5,5
23,78	13,82	4,5	6,0	5,5
23,80	13,84	4,5	6,0	5,5
23,83	13,88	4,5	6,0	5,5
23,85	13,91	4,5	6,0	5,5
23,88	13,91	4,5	6,0	5,5
23,90	13,93	4,5	6,0	5,5
23,93	13,98	4,5	6,0	5,5
23,95	13,98	4,5	6,0	5,5
23,98	13,99	4,5	6,0	5,5
24,00	14,04	4,5	6,0	5,5
24,02	14,07	4,5	6,0	5,5
24,05	14,08	4,5	6,0	5,5
24,07	14,10	4,5	6,0	5,5
24,10	14,14	4,5	6,0	5,5
24,12	14,16	4,5	6,0	5,5
24,15	14,16	4,5	6,0	5,5
24,17	14,20	4,5	6,0	5,5
24,20	14,24	4,5	6,0	5,5
24,22	14,24	4,5	6,0	5,5
24,24	14,25	4,5	6,0	5,5
24,27	14,29	4,5	6,0	5,5
24,29	14,31	4,5	6,0	5,5
24,32	14,31	4,5	6,0	5,5
24,34	14,34	4,5	6,0	5,5
24,37	14,37	4,5	6,0	5,5
24,39	14,38	4,5	6,0	5,5
24,42	14,40	4,5	6,0	5,5
24,44	14,44	4,5	6,0	5,5
24,46	14,47	4,5	6,0	5,5
24,49	14,47	4,5	6,0	5,5
24,51	14,51	4,5	6,0	5,5
24,54	14,54	4,5	6,0	5,5
24,56	14,55	4,5	6,0	5,5
24,59	14,55	4,5	6,0	5,5
24,61	14,59	4,5	6,0	5,5
24,63	14,61	4,5	6,0	5,5
24,66	14,61	4,5	6,0	5,5
24,68	14,63	4,5	6,0	5,5
24,71	14,68	4,5	6,0	5,5
24,73	14,68	4,5	6,0	5,5
24,76	14,69	4,5	6,0	5,5
24,78	14,72	4,5	6,0	5,5
24,81	14,76	4,5	6,0	5,5
24,83	14,75	4,5	6,0	5,5
24,85	14,78	4,5	6,0	5,5
24,88	14,82	4,5	6,0	5,5
24,90	14,83	4,5	6,0	5,5
24,93	14,83	4,5	6,0	5,5
24,95	14,86	4,5	6,0	5,5
24,98	14,89	4,5	6,0	5,5
25,00	14,89	4,5	6,0	5,5
25,03	14,89	4,5	6,0	5,5
25,05	14,93	4,5	6,0	5,5
25,07	14,95	4,5	6,0	5,5
25,10	14,94	4,5	6,0	5,5
25,12	14,97	4,5	6,0	5,5
25,15	15,01	4,5	6,0	5,5
25,17	15,01	4,5	6,0	5,5
25,20	15,02	4,5	6,0	5,5
25,22	15,06	4,5	6,0	5,5
25,25	15,08	4,5	6,0	5,5
25,27	15,07	4,5	6,0	5,5
25,29	15,10	4,5	6,0	5,5
25,32	15,13	4,5	6,0	5,5
25,34	15,14	4,5	6,0	5,5
25,37	15,13	4,5	6,0	5,5
25,39	15,18	4,5	6,0	5,5
25,42	15,19	4,5	6,0	5,5
25,44	15,18	4,5	6,0	5,5
25,47	15,19	4,5	6,0	5,5
25,49	15,23	4,5	6,0	5,5
25,51	15,23	4,5	6,0	5,5
25,54	15,23	4,5	6,0	5,5
25,56	15,26	4,5	6,0	5,5
25,59	15,29	4,5	6,0	5,5
25,61	15,28	4,5	6,0	5,5
25,64	15,29	4,5	6,0	5,5
25,66	15,32	4,5	6,0	5,5
25,68	15,33	4,5	6,0	5,5
25,71	15,32	4,5	6,0	5,5
25,73	15,35	4,5	6,0	5,5
25,76	15,37	4,5	6,0	5,5
25,78	15,36	4,5	6,0	5,5
25,81	15,37	4,5	6,0	5,5
25,83	15,40	4,5	6,0	5,5
25,86	15,41	4,5	6,0	5,5
25,88	15,39	4,5	6,0	5,5
25,90	15,41	4,5	6,0	5,5
25,93	15,43	4,5	6,0	5,5
25,95	15,42	4,5	6,0	5,5
25,98	15,43	4,5	6,0	5,5
26,00	15,46	4,5	6,0	5,5
26,03	15,47	4,5	6,0	5,5
26,05	15,46	4,5	6,0	5,5
26,08	15,48	4,5	6,0	5,5
26,10	15,49	4,5	6,0	5,5
26,12	15,49	4,5	6,0	5,5
26,15	15,49	4,5	6,0	5,5
26,17	15,53	4,5	6,0	5,5
26,20	15,54	4,5	6,0	5,5
26,22	15,53	4,5	6,0	5,5
26,25	15,53	4,5	6,0	5,5
26,27	15,57	4,5	6,0	5,5
26,30	15,56	4,5	6,0	5,5
26,32	15,55	4,5	6,0	5,5
26,34	15,57	4,5	6,0	5,5
26,37	15,59	4,5	6,0	5,5
26,39	15,57	4,5	6,0	5,5
26,42	15,59	4,5	6,0	5,5
26,44	15,62	4,5	6,0	5,5
26,47	15,62	4,5	6,0	5,5
26,49	15,61	4,5	6,0	5,5
26,52	15,64	4,5	6,0	5,5
26,54	15,65	4,5	6,0	5,5
26,56	15,64	4,5	6,0	5,5
26,59	15,65	4,5	6,0	5,5
26,61	15,68	4,5	6,0	5,5
26,64	15,68	4,5	6,0	5,5
26,66	15,67	4,5	6,0	5,5
26,69	15,68	4,5	6,0	5,5
26,71	15,70	4,5	6,0	5,5
26,73	15,69	4,5	6,0	5,5
26,76	15,68	4,5	6,0	5,5
26,78	15,71	4,5	6,0	5,5
26,81	15,71	4,5	6,0	5,5
26,83	15,70	4,5	6,0	5,5
26,86	15,73	4,5	6,0	5,5
26,88	15,75	4,5	6,0	5,5
26,91	15,74	4,5	6,0	5,5
26,93	15,74	4,5	6,0	5,5
26,95	15,77	4,5	6,0	5,5
26,98	15,76	4,5	6,0	5,5
27,00	15,75	4,5	6,0	5,5
27,03	15,77	4,5	6,0	5,5
27,05	15,79	4,5	6,0	5,5
27,08	15,77	4,5	6,0	5,5
27,10	15,77	4,5	6,0	5,5
27,13	15,79	4,5	6,0	5,5
27,15	15,80	4,5	6,0	5,5
27,17	15,78	4,5	6,0	5,5
27,20	15,79	4,5	6,0	5,5
27,22	15,81	4,5	6,0	5,5
27,25	15,79	4,5	6,0	5,5
27,27	15,79	4,5	6,0	5,5
27,30	15,82	4,5	6,0	5,5
27,32	15,83	4,5	6,0	5,5
27,35	15,82	4,5	6,0	5,5
27,37	15,82	4,5	6,0	5,5
27,39	15,84	4,5	6,0	5,5
27,42	15,83	4,5	6,0	5,5
27,44	15,81	4,5	6,0	5,5
27,47	15,84	4,5	6,0	5,5
27,49	15,85	4,5	6,0	5,5
27,52	15,83	4,5	6,0	5,5
27,54	15,83	4,5	6,0	5,5
27,57	15,85	4,5	6,0	5,5
27,59	15,85	4,5	6,0	5,5
27,61	15,84	4,5	6,0	5,5
27,64	15,86	4,5	6,0	5,5
27,66	15,87	4,5	6,0	5,5
27,69	15,86	4,5	6,0	5,5
27,71	15,86	4,5	6,0	5,5
27,74	15,89	4,5	6,0	5,5
27,76	15,89	4,5	6,0	5,5
27,78	15,87	4,5	6,0	5,5
27,81	15,89	4,5	6,0	5,5
27,83	15,90	4,5	6,0	5,5
27,86	15,88	4,5	6,0	5,5
27,88	15,87	4,5	6,0	5,5
27,91	15,90	4,5	6,0	5,5
27,93	15,89	4,5	6,0	5,5
27,96	15,87	4,5	6,0	5,5
27,98	15,89	4,5	6,0	5,5
28,00	15,91	4,5	6,0	5,5
28,03	15,90	4,5	6,0	5,5
28,05	15,89	4,5	6,0	5,5
28,08	15,90	4,5	6,0	5,5
28,10	15,91	4,5	6,0	5,5
28,13	15,89	4,5	6,0	5,5
28,15	15,91	4,5	6,0	5,5
28,18	15,93	4,5	6,0	5,5
28,20	15,92	4,5	6,0	5,5
28,22	15,90	4,5	6,0	5,5
28,25	15,91	4,5	6,0	5,5
28,27	15,92	4,5	6,0	5,5
28,30	15,89	4,5	6,0	5,5
28,32	15,89	4,5	6,0	5,5
28,35	15,92	4,5	6,0	5,5
28,37	15,90	4,5	6,0	5,5
28,40	15,89	4,5	6,0	5,5
28,42	15,90	4,5	6,0	5,5
28,44	15,92	4,5	6,0	5,5
28,47	15,90	4,5	6,0	5,5
28,49	15,90	4,5	6,0	5,5
28,52	15,92	4,5	6,0	5,5
28,54	15,91	4,5	6,0	5,5
28,57	15,89	4,5	6,0	5,5
28,59	15,90	4,5	6,0	5,5
28,62	15,92	4,5	6,0	5,5
28,64	15,91	4,5	6,0	5,5
28,66	15,89	4,5	6,0	5,5
28,69	15,91	4,5	6,0	5,5
28,71	15,90	4,5	6,0	5,5
28,74	15,88	4,5	6,0	5,5
28,76	15,88	4,5	6,0	5,5
28,79	15,90	4,5	6,0	5,5
28,81	15,88	4,5	6,0	5,5
28,84	15,87	4,5	6,0	5,5
28,86	15,89	4,5	6,0	5,5
28,88	15,90	4,5	6,0	5,5
28,91	15,88	4,5	6,0	5,5
28,93	15,88	4,5	6,0	5,5
28,96	15,89	4,5	6,0	5,5
28,98	15,88	4,5	6,0	5,5
29,01	15,86	4,5	6,0	5,5
29,03	15,88	4,5	6,0	5,5
29,05	15,88	4,5	6,0	5,5
29,08	15,86	4,5	6,0	5,5
29,10	15,86	4,5	6,0	5,5
29,13	15,88	4,5	6,0	5,5
29,15	15,86	4,5	6,0	5,5
29,18	15,84	4,5	6,0	5,5
29,20	15,85	4,5	6,0	5,5
29,23	15,86	4,5	6,0	5,5
29,25	15,84	4,5	6,0	5,5
29,27	15,84	4,5	6,0	5,5
29,30	15,86	4,5	6,0	5,5
29,32	15,85	4,5	6,0	5,5
29,35	15,82	4,5	6,0	5,5
29,37	15,84	4,5	6,0	5,5
29,40	15,85	4,5	6,0	5,5
29,42	15,82	4,5	6,0	5,5
29,45	15,82	4,5	6,0	5,5
29,47	15,84	4,5	6,0	5,5
29,49	15,83	4,5	6,0	5,5
29,52	15,81	4,5	6,0	5,5
29,54	15,81	4,5	6,0	5,5
29,57	15,83	4,5	6,0	5,5
29,59	15,80	4,5	6,0	5,5
29,62	15,79	4,5	6,0	5,5
29,64	15,80	4,5	6,0	5,5
29,67	15,79	4,5	6,0	5,5
29,69	15,77	4,5	6,0	5,5
29,71	15,77	4,5	6,0	5,5
29,74	15,79	4,5	6,0	5,5
29,76	15,77	4,5	6,0	5,5
29,79	15,75	4,5	6,0	5,5
29,81	15,75	4,5	6,0	5,5
29,84	15,74	4,5	6,0	5,5
29,86	15,70	4,5	6,0	5,5
29,89	15,70	4,5	6,0	5,5
29,91	15,70	4,5	6,0	5,5
29,93	15,67	4,5	6,0	5,5
29,96	15,63	4,5	6,0	5,5
29,98	15,63	4,5	6,0	5,5
30,01	15,62	4,5	6,0	5,5
30,03	15,56	4,5	6,0	5,5
30,06	15,54	4,5	6,0	5,5
30,08	15,53	4,5	6,0	5,5
30,10	15,48	4,5	6,0	5,5
30,13	15,43	4,5	6,0	5,5
30,15	15,41	4,5	6,0	5,5
30,18	15,38	4,5	6,0	5,5
30,20	15,32	4,5	6,0	5,5
30,23	15,27	4,5	6,0	5,5
30,25	15,24	4,5	6,0	5,5
30,28	15,18	4,5	6,0	5,5
30,30	15,10	4,5	6,0	5,5
30,32	15,06	4,5	6,0	5,5
30,35	15,01	4,5	6,0	5,5
30,37	14,93	4,5	6,0	5,5
30,40	14,85	4,5	6,0	5,5
30,42	14,80	4,5	6,0	5,5
30,45	14,71	4,5	6,0	5,5
30,47	14,62	4,5	6,0	5,5
30,50	14,54	4,5	6,0	5,5
30,52	14,47	4,5	6,0	5,5
30,54	14,36	4,5	6,0	5,5
30,57	14,28	4,5	6,0	5,5
30,59	14,20	4,5	6,0	5,5
30,62	14,11	4,5	6,0	5,5
30,64	14,00	4,5	6,0	5,5
30,67	13,91	4,5	6,0	5,5
30,69	13,82	4,5	6,0	5,5
30,72	13,70	4,5	6,0	5,5
30,74	13,58	4,5	6,0	5,5
30,76	13,49	4,5	6,0	5,5
30,79	13,37	4,5	6,0	5,5
30,81	13,23	4,5	6,0	5,5
30,84	13,13	4,5	6,0	5,5
30,86	13,03	4,5	6,0	5,5
30,89	12,90	4,5	6,0	5,5
30,91	12,77	4,5	6,0	5,5
30,94	12,68	4,5	6,0	5,5
30,96	12,57	4,5	6,0	5,5
30,98	12,44	4,5	6,0	5,5
31,01	12,33	4,5	6,0	5,5
31,03	12,24	4,5	6,0	5,5
31,06	12,11	4,5	6,0	5,5
31,08	11,98	4,5	6,0	5,5
31,11	11,87	4,5	6,0	5,5
31,13	11,75	4,5	6,0	5,5
31,15	11,61	4,5	6,0	5,5
31,18	11,49	4,5	6,0	5,5
31,20	11,38	4,5	6,0	5,5
31,23	11,25	4,5	6,0	5,5
31,25	11,12	4,5	6,0	5,5
31,28	11,02	4,5	6,0	5,5
31,30	10,93	4,5	6,0	5,5
31,33	10,79	4,5	6,0	5,5
31,35	10,68	4,5	6,0	5,5
31,37	10,59	4,5	6,0	5,5
31,40	10,48	4,5	6,0	5,5
31,42	10,35	4,5	6,0	5,5
31,45	10,25	4,5	6,0	5,5
31,47	10,15	4,5	6,0	5,5
31,50	10,01	4,5	6,0	5,5
31,52	9,88	4,5	6,0	5,5
31,55	9,79	4,5	6,0	5,5
31,57	9,67	4,5	6,0	5,5
31,59	9,54	4,5	6,0	5,5
31,62	9,43	4,5	6,0	5,5
31,64	9,34	4,5	6,0	5,5
31,67	9,22	4,5	6,0	5,5
31,69	9,10	4,5	6,0	5,5
31,72	9,01	4,5	6,0	5,5
31,74	8,91	4,5	6,0	5,5
31,77	8,79	4,5	6,0	5,5
31,79	8,69	4,5	6,0	5,5
31,81	8,60	4,5	6,0	5,5
31,84	8,48	4,5	6,0	5,5
31,86	8,35	4,5	6,0	5,5
31,89	8,26	4,5	6,0	5,5
31,91	8,17	4,5	6,0	5,5
31,94	8,04	4,5	6,0	5,5
31,96	7,93	4,5	6,0	5,5
31,99	7,84	4,5	6,0	5,5
32,01	7,72	4,5	6,0	5,5
32,03	7,60	4,5	6,0	5,5
32,06	7,51	4,5	6,0	5,5
32,08	7,42	4,5	6,0	5,5
32,11	7,29	4,5	6,0	5,5
32,13	7,18	4,5	6,0	5,5
32,16	7,09	4,5	6,0	5,5
32,18	6,98	4,5	6,0	5,5
32,20	6,86	4,5	6,0	5,5
32,23	6,77	4,5	6,0	5,5
32,25	6,68	4,5	6,0	5,5
32,28	6,56	4,5	6,0	5,5
32,30	6,45	4,5	6,0	5,5
32,33	6,37	4,5	6,0	5,5
32,35	6,27	4,5	6,0	5,5
32,38	6,14	4,5	6,0	5,5
32,40	6,05	4,5	6,0	5,5
32,42	5,97	4,5	6,0	5,5
32,45	5,85	4,5	6,0	5,5
32,47	5,73	4,5	6,0	5,5
32,50	5,65	4,5	6,0	5,5
32,52	5,55	4,5	6,0	5,5
32,55	5,43	4,5	6,0	5,5
32,57	5,36	4,5	6,0	5,5
32,60	5,28	4,5	6,0	5,5
32,62	5,18	4,5	6,0	5,5
32,64	5,07	4,5	6,0	5,5
32,67	5,00	4,5	6,0	5,5
32,69	4,92	4,5	6,0	5,5
32,72	4,82	4,5	6,0	5,5
32,74	4,74	4,5	6,0	5,5
32,77	4,67	4,5	6,0	5,5
32,79	4,57	4,5	6,0	5,5
32,82	4,46	4,5	6,0	5,5
32,84	4,39	4,5	6,0	5,5
32,86	4,32	4,5	6,0	5,5
32,89	4,22	4,5	6,0	5,5
32,91	4,14	4,5	6,0	5,5
32,94	4,09	4,5	6,0	5,5
32,96	4,00	4,5	6,0	5,5
32,99	3,91	4,5	6,0	5,5
33,01	3,85	4,5	6,0	5,5
33,04	3,80	4,5	6,0	5,5
33,06	3,71	4,5	6,0	5,5
33,08	3,64	4,5	6,0	5,5
33,11	3,59	4,5	6,0	5,5
33,13	3,52	4,5	6,0	5,5
33,16	3,43	4,5	6,0	5,5
33,18	3,39	4,5	6,0	5,5
33,21	3,34	4,5	6,0	5,5
33,23	3,26	4,5	6,0	5,5
33,26	3,18	4,5	6,0	5,5
33,28	3,14	4,5	6,0	5,5
33,30	3,08	4,5	6,0	5,5
33,33	3,01	4,5	6,0	5,5
33,35	2,96	4,5	6,0	5,5
33,38	2,92	4,5	6,0	5,5
33,40	2,85	4,5	6,0	5,5
33,43	2,79	4,5	6,0	5,5
33,45	2,76	4,5	6,0	5,5
33,47	2,72	4,5	6,0	5,5
33,50	2,64	4,5	6,0	5,5
33,52	2,60	4,5	6,0	5,5
33,55	2,57	4,5	6,0	5,5
33,57	2,51	4,5	6,0	5,5
33,60	2,46	4,5	6,0	5,5
33,62	2,44	4,5	6,0	5,5
33,65	2,41	4,5	6,0	5,5
33,67	2,35	4,5	6,0	5,5
33,69	2,31	4,5	6,0	5,5
33,72	2,30	4,5	6,0	5,5
33,74	2,24	4,5	6,0	5,5
33,77	2,19	4,5	6,0	5,5
33,79	2,18	4,5	6,0	5,5
33,82	2,16	4,5	6,0	5,5
33,84	2,12	4,5	6,0	5,5
33,87	2,09	4,5	6,0	5,5
33,89	2,09	4,5	6,0	5,5
33,91	2,06	4,5	6,0	5,5
33,94	2,02	4,5	6,0	5,5
33,96	2,02	4,5	6,0	5,5
33,99	2,02	4,5	6,0	5,5
34,01	1,99	4,5	6,0	5,5
34,04	1,96	4,5	6,0	5,5
34,06	1,98	4,5	6,0	5,5
34,09	1,97	4,5	6,0	5,5
34,11	1,94	4,5	6,0	5,5
34,13	1,95	4,5	6,0	5,5
34,16	1,97	4,5	6,0	5,5
34,18	1,96	4,5	6,0	5,5
34,21	1,95	4,5	6,0	5,5
34,23	1,98	4,5	6,0	5,5
34,26	2,01	4,5	6,0	5,5
34,28	2,01	4,5	6,0	5,5
34,31	2,05	4,5	6,0	5,5
34,33	2,09	4,5	6,0	5,5
34,35	2,11	4,5	6,0	5,5
34,38	2,12	4,5	6,0	5,5
34,40	2,18	4,5	6,0	5,5
34,43	2,22	4,5	6,0	5,5
34,45	2,24	4,5	6,0	5,5
34,48	2,29	4,5	6,0	5,5
34,50	2,37	4,5	6,0	5,5
34,52	2,40	4,5	6,0	5,5
34,55	2,44	4,5	6,0	5,5
34,57	2,52	4,5	6,0	5,5
34,60	2,60	4,5	6,0	5,5
34,62	2,64	4,5	6,0	5,5
34,65	2,71	4,5	6,0	5,5
34,67	2,81	4,5	6,0	5,5
34,70	2,89	4,5	6,0	5,5
34,72	2,94	4,5	6,0	5,5
34,74	3,04	4,5	6,0	5,5
34,77	3,14	4,5	6,0	5,5
34,79	3,20	4,5	6,0	5,5
34,82	3,27	4,5	6,0	5,5
34,84	3,38	4,5	6,0	5,5
34,87	3,46	4,5	6,0	5,5
34,89	3,53	4,5	6,0	5,5
34,92	3,63	4,5	6,0	5,5
34,94	3,74	4,5	6,0	5,5
34,96	3,81	4,5	6,0	5,5
34,99	3,89	4,5	6,0	5,5
35,01	4,01	4,5	6,0	5,5
35,04	4,12	4,5	6,0	5,5
35,06	4,19	4,5	6,0	5,5
35,09	4,29	4,5	6,0	5,5
35,11	4,41	4,5	6,0	5,5
35,14	4,51	4,5	6,0	5,5
35,16	4,60	4,5	6,0	5,5
35,18	4,73	4,5	6,0	5,5
35,21	4,83	4,5	6,0	5,5
35,23	4,91	4,5	6,0	5,5
35,26	5,01	4,5	6,0	5,5
35,28	5,13	4,5	6,0	5,5
35,31	5,21	4,5	6,0	5,5
35,33	5,29	4,5	6,0	5,5
35,36	5,41	4,5	6,0	5,5
35,38	5,53	4,5	6,0	5,5
35,40	5,61	4,5	6,0	5,5
35,43	5,71	4,5	6,0	5,5
35,45	5,84	4,5	6,0	5,5
35,48	5,93	4,5	6,0	5,5
35,50	6,02	4,5	6,0	5,5
35,53	6,14	4,5	6,0	5,5
35,55	6,26	4,5	6,0	5,5
35,57	6,34	4,5	6,0	5,5
35,60	6,44	4,5	6,0	5,5
35,62	6,56	4,5	6,0	5,5
35,65	6,66	4,5	6,0	5,5
35,67	6,73	4,5	6,0	5,5
35,70	6,83	4,5	6,0	5,5
35,72	6,95	4,5	6,0	5,5
35,75	7,03	4,5	6,0	5,5
35,77	7,12	4,5	6,0	5,5
35,79	7,26	4,5	6,0	5,5
35,82	7,36	4,5	6,0	5,5
35,84	7,44	4,5	6,0	5,5
35,87	7,57	4,5	6,0	5,5
35,89	7,70	4,5	6,0	5,5
35,92	7,79	4,5	6,0	5,5
35,94	7,87	4,5	6,0	5,5
35,97	8,01	4,5	6,0	5,5
35,99	8,12	4,5	6,0	5,5
36,01	8,20	4,5	6,0	5,5
36,04	8,32	4,5	6,0	5,5
36,06	8,45	4,5	6,0	5,5
36,09	8,55	4,5	6,0	5,5
36,11	8,64	4,5	6,0	5,5
36,14	8,77	4,5	6,0	5,5
36,16	8,90	4,5	6,0	5,5
36,19	8,99	4,5	6,0	5,5
36,21	9,12	4,5	6,0	5,5
36,23	9,26	4,5	6,0	5,5
36,26	9,36	4,5	6,0	5,5
36,28	9,47	4,5	6,0	5,5
36,31	9,61	4,5	6,0	5,5
36,33	9,74	4,5	6,0	5,5
36,36	9,84	4,5	6,0	5,5
36,38	9,96	4,5	6,0	5,5
36,41	10,11	4,5	6,0	5,5
36,43	10,23	4,5	6,0	5,5
36,45	10,33	4,5	6,0	5,5
36,48	10,49	4,5	6,0	5,5
36,50	10,65	4,5	6,0	5,5
36,53	10,75	4,5	6,0	5,5
36,55	10,88	4,5	6,0	5,5
36,58	11,03	4,5	6,0	5,5
36,60	11,16	4,5	6,0	5,5
36,62	11,27	4,5	6,0	5,5
36,65	11,42	4,5	6,0	5,5
36,67	11,58	4,5	6,0	5,5
36,70	11,69	4,5	6,0	5,5
36,72	11,83	4,5	6,0	5,5
36,75	11,99	4,5	6,0	5,5
36,77	12,13	4,5	6,0	5,5
36,80	12,25	4,5	6,0	5,5
36,82	12,40	4,5	6,0	5,5
36,84	12,57	4,5	6,0	5,5
36,87	12,69	4,5	6,0	5,5
36,89	12,82	4,5	6,0	5,5
36,92	12,98	4,5	6,0	5,5
36,94	13,12	4,5	6,0	5,5
36,97	13,23	4,5	6,0	5,5
36,99	13,36	4,5	6,0	5,5
37,02	13,53	4,5	6,0	5,5
37,04	13,64	4,5	6,0	5,5
37,06	13,76	4,5	6,0	5,5
37,09	13,92	4,5	6,0	5,5
37,11	14,07	4,5	6,0	5,5
37,14	14,19	4,5	6,0	5,5
37,16	14,34	4,5	6,0	5,5
37,19	14,50	4,5	6,0	5,5
37,21	14,64	4,5	6,0	5,5
37,24	14,75	4,5	6,0	5,5
37,26	14,90	4,5	6,0	5,5
37,28	15,05	4,5	6,0	5,5
37,31	15,16	4,5	6,0	5,5
37,33	15,29	4,5	6,0	5,5
37,36	15,45	4,5	6,0	5,5
37,38	15,57	4,5	6,0	5,5
37,41	15,68	4,5	6,0	5,5
37,43	15,83	4,5	6,0	5,5
37,46	15,98	4,5	6,0	5,5
37,48	16,10	4,5	6,0	5,5
37,50	16,23	4,5	6,0	5,5
37,53	16,40	4,5	6,0	5,5
37,55	16,54	4,5	6,0	5,5
37,58	16,65	4,5	6,0	5,5
37,60	16,80	4,5	6,0	5,5
37,63	16,95	4,5	6,0	5,5
37,65	17,07	4,5	6,0	5,5
37,68	17,18	4,5	6,0	5,5
37,70	17,34	4,5	6,0	5,5
37,72	17,47	4,5	6,0	5,5
37,75	17,57	4,5	6,0	5,5
37,77	17,71	4,5	6,0	5,5
37,80	17,87	4,5	6,0	5,5
37,82	17,98	4,5	6,0	5,5
37,85	18,11	4,5	6,0	5,5
37,87	18,27	4,5	6,0	5,5
37,89	18,41	4,5	6,0	5,5
37,92	18,51	4,5	6,0	5,5
37,94	18,65	4,5	6,0	5,5
37,97	18,81	4,5	6,0	5,5
37,99	18,93	4,5	6,0	5,5
38,02	19,05	4,5	6,0	5,5
38,04	19,20	4,5	6,0	5,5
38,07	19,35	4,5	6,0	5,5
38,09	19,45	4,5	6,0	5,5
38,11	19,58	4,5	6,0	5,5
38,14	19,73	4,5	6,0	5,5
38,16	19,87	4,5	6,0	5,5
38,19	19,98	4,5	6,0	5,5
38,21	20,13	4,5	6,0	5,5
38,24	20,28	4,5	6,0	5,5
38,26	20,38	4,5	6,0	5,5
38,29	20,52	4,5	6,0	5,5
38,31	20,68	4,5	6,0	5,5
38,33	20,80	4,5	6,0	5,5
38,36	20,91	4,5	6,0	5,5
38,38	21,06	4,5	6,0	5,5
38,41	21,21	4,5	6,0	5,5
38,43	21,32	4,5	6,0	5,5
38,46	21,44	4,5	6,0	5,5
38,48	21,61	4,5	6,0	5,5
38,51	21,75	4,5	6,0	5,5
38,53	21,85	4,5	6,0	5,5
38,55	21,99	4,5	6,0	5,5
38,58	22,14	4,5	6,0	5,5
38,60	22,25	4,5	6,0	5,5
38,63	22,37	4,5	6,0	5,5
38,65	22,52	4,5	6,0	5,5
38,68	22,64	4,5	6,0	5,5
38,70	22,75	4,5	6,0	5,5
38,73	22,89	4,5	6,0	5,5
38,75	23,05	4,5	6,0	5,5
38,77	23,16	4,5	6,0	5,5
38,80	23,27	4,5	6,0	5,5
38,82	23,44	4,5	6,0	5,5
38,85	23,57	4,5	6,0	5,5
38,87	23,68	4,5	6,0	5,5
38,90	23,82	4,5	6,0	5,5
38,92	23,96	4,5	6,0	5,5
38,94	24,07	4,5	6,0	5,5
38,97	24,17	4,5	6,0	5,5
38,99	24,32	4,5	6,0	5,5
39,02	24,45	4,5	6,0	5,5
39,04	24,54	4,5	6,0	5,5
39,07	24,67	4,5	6,0	5,5
39,09	24,82	4,5	6,0	5,5
39,12	24,93	4,5	6,0	5,5
39,14	25,05	4,5	6,0	5,5
39,16	25,19	4,5	6,0	5,5
39,19	25,33	4,5	6,0	5,5
39,21	25,44	4,5	6,0	5,5
39,24	25,56	4,5	6,0	5,5
39,26	25,71	4,5	6,0	5,5
39,29	25,82	4,5	6,0	5,5
39,31	25,92	4,5	6,0	5,5
39,34	26,06	4,5	6,0	5,5
39,36	26,19	4,5	6,0	5,5
39,38	26,28	4,5	6,0	5,5
39,41	26,39	4,5	6,0	5,5
39,43	26,53	4,5	6,0	5,5
39,46	26,65	4,5	6,0	5,5
39,48	26,76	4,5	6,0	5,5
39,51	26,89	4,5	6,0	5,5
39,53	27,03	4,5	6,0	5,5
39,56	27,14	4,5	6,0	5,5
39,58	27,24	4,5	6,0	5,5
39,60	27,39	4,5	6,0	5,5
39,63	27,51	4,5	6,0	5,5
39,65	27,59	4,5	6,0	5,5
39,68	27,71	4,5	6,0	5,5
39,70	27,85	4,5	6,0	5,5
39,73	27,96	4,5	6,0	5,5
39,75	28,06	4,5	6,0	5,5
39,78	28,20	4,5	6,0	5,5
39,80	28,32	4,5	6,0	5,5
39,82	28,41	4,5	6,0	5,5
39,85	28,53	4,5	6,0	5,5
39,87	28,67	4,5	6,0	5,5
39,90	28,77	4,5	6,0	5,5
39,92	28,87	4,5	6,0	5,5
39,95	29,01	4,5	6,0	5,5
39,97	29,14	4,5	6,0	5,5
39,99	29,23	4,5	6,0	5,5
40,02	29,35	4,5	6,0	5,5
40,04	29,49	4,5	6,0	5,5
40,07	29,59	4,5	6,0	5,5
40,09	29,68	4,5	6,0	5,5
40,12	29,81	4,5	6,0	5,5
40,14	29,94	4,5	6,0	5,5
40,17	30,03	4,5	6,0	5,5
40,19	30,14	4,5	6,0	5,5
40,21	30,29	4,5	6,0	5,5
40,24	30,39	4,5	6,0	5,5
40,26	30,47	4,5	6,0	5,5
40,29	30,58	4,5	6,0	5,5
40,31	30,71	4,5	6,0	5,5
40,34	30,79	4,5	6,0	5,5
40,36	30,90	4,5	6,0	5,5
40,39	31,03	4,5	6,0	5,5
40,41	31,13	4,5	6,0	5,5
40,43	31,21	4,5	6,0	5,5
40,46	31,34	4,5	6,0	5,5
40,48	31,47	4,5	6,0	5,5
40,51	31,56	4,5	6,0	5,5
40,53	31,65	4,5	6,0	5,5
40,56	31,77	4,5	6,0	5,5
40,58	31,87	4,5	6,0	5,5
40,61	31,95	4,5	6,0	5,5
40,63	32,05	4,5	6,0	5,5
40,65	32,19	4,5	6,0	5,5
40,68	32,26	4,5	6,0	5,5
40,70	32,35	4,5	6,0	5,5
40,73	32,47	4,5	6,0	5,5
40,75	32,58	4,5	6,0	5,5
40,78	32,65	4,5	6,0	5,5
40,80	32,75	4,5	6,0	5,5
40,83	32,89	4,5	6,0	5,5
40,85	32,99	4,5	6,0	5,5
40,87	33,07	4,5	6,0	5,5
40,90	33,21	4,5	6,0	5,5
40,92	33,31	4,5	6,0	5,5
40,95	33,39	4,5	6,0	5,5
40,97	33,48	4,5	6,0	5,5
41,00	33,61	4,5	6,0	5,5
41,02	33,68	4,5	6,0	5,5
41,05	33,75	4,5	6,0	5,5
41,07	33,87	4,5	6,0	5,5
41,09	33,98	4,5	6,0	5,5
41,12	34,06	4,5	6,0	5,5
41,14	34,16	4,5	6,0	5,5
41,17	34,29	4,5	6,0	5,5
41,19	34,38	4,5	6,0	5,5
41,22	34,45	4,5	6,0	5,5
41,24	34,57	4,5	6,0	5,5
41,26	34,69	4,5	6,0	5,5
41,29	34,77	4,5	6,0	5,5
41,31	34,86	4,5	6,0	5,5
41,34	34,98	4,5	6,0	5,5
41,36	35,07	4,5	6,0	5,5
41,39	35,13	4,5	6,0	5,5
41,41	35,22	4,5	6,0	5,5
41,44	35,33	4,5	6,0	5,5
41,46	35,39	4,5	6,0	5,5
41,48	35,47	4,5	6,0	5,5
41,51	35,58	4,5	6,0	5,5
41,53	35,68	4,5	6,0	5,5
41,56	35,75	4,5	6,0	5,5
41,58	35,85	4,5	6,0	5,5
41,61	35,96	4,5	6,0	5,5
41,63	36,04	4,5	6,0	5,5
41,66	36,12	4,5	6,0	5,5
41,68	36,22	4,5	6,0	5,5
41,70	36,32	4,5	6,0	5,5
41,73	36,38	4,5	6,0	5,5
41,75	36,48	4,5	6,0	5,5
41,78	36,58	4,5	6,0	5,5
41,80	36,65	4,5	6,0	5,5
41,83	36,72	4,5	6,0	5,5
41,85	36,81	4,5	6,0	5,5
41,88	36,91	4,5	6,0	5,5
41,90	36,98	4,5	6,0	5,5
41,92	37,05	4,5	6,0	5,5
41,95	37,16	4,5	6,0	5,5
41,97	37,22	4,5	6,0	5,5
42,00	37,29	4,5	6,0	5,5
42,02	37,39	4,5	6,0	5,5
42,05	37,50	4,5	6,0	5,5
42,07	37,55	4,5	6,0	5,5
42,10	37,62	4,5	6,0	5,5
42,12	37,73	4,5	6,0	5,5
42,14	37,80	4,5	6,0	5,5
42,17	37,86	4,5	6,0	5,5
42,19	37,95	4,5	6,0	5,5
42,22	38,04	4,5	6,0	5,5
42,24	38,09	4,5	6,0	5,5
42,27	38,15	4,5	6,0	5,5
42,29	38,25	4,5	6,0	5,5
42,31	38,32	4,5	6,0	5,5
42,34	38,37	4,5	6,0	5,5
42,36	38,45	4,5	6,0	5,5
42,39	38,55	4,5	6,0	5,5
42,41	38,60	4,5	6,0	5,5
42,44	38,66	4,5	6,0	5,5
42,46	38,75	4,5	6,0	5,5
42,49	38,84	4,5	6,0	5,5
42,51	38,88	4,5	6,0	5,5
42,53	38,96	4,5	6,0	5,5
42,56	39,06	4,5	6,0	5,5
42,58	39,12	4,5	6,0	5,5
42,61	39,17	4,5	6,0	5,5
42,63	39,26	4,5	6,0	5,5
42,66	39,33	4,5	6,0	5,5
42,68	39,36	4,5	6,0	5,5
42,71	39,42	4,5	6,0	5,5
42,73	39,52	4,5	6,0	5,5
42,75	39,57	4,5	6,0	5,5
42,78	39,62	4,5	6,0	5,5
42,80	39,71	4,5	6,0	5,5
42,83	39,79	4,5	6,0	5,5
42,85	39,84	4,5	6,0	5,5
42,88	39,90	4,5	6,0	5,5
42,90	39,99	4,5	6,0	5,5
42,93	40,04	4,5	6,0	5,5
42,95	40,08	4,5	6,0	5,5
42,97	40,15	4,5	6,0	5,5
43,00	40,23	4,5	6,0	5,5
43,02	40,27	4,5	6,0	5,5
43,05	40,32	4,5	6,0	5,5
43,07	40,40	4,5	6,0	5,5
43,10	40,46	4,5	6,0	5,5
43,12	40,48	4,5	6,0	5,5
43,15	40,55	4,5	6,0	5,5
43,17	40,63	4,5	6,0	5,5
43,19	40,67	4,5	6,0	5,5
43,22	40,72	4,5	6,0	5,5
43,24	40,81	4,5	6,0	5,5
43,27	40,88	4,5	6,0	5,5
43,29	40,90	4,5	6,0	5,5
43,32	40,97	4,5	6,0	5,5
43,34	41,04	4,5	6,0	5,5
43,36	41,08	4,5	6,0	5,5
43,39	41,11	4,5	6,0	5,5
43,41	41,19	4,5	6,0	5,5
43,44	41,24	4,5	6,0	5,5
43,46	41,28	4,5	6,0	5,5
43,49	41,33	4,5	6,0	5,5
43,51	41,42	4,5	6,0	5,5
43,54	41,45	4,5	6,0	5,5
43,56	41,49	4,5	6,0	5,5
43,58	41,56	4,5	6,0	5,5
43,61	41,63	4,5	6,0	5,5
43,63	41,66	4,5	6,0	5,5
43,66	41,72	4,5	6,0	5,5
43,68	41,79	4,5	6,0	5,5
43,71	41,83	4,5	6,0	5,5
43,73	41,86	4,5	6,0	5,5
43,76	41,93	4,5	6,0	5,5
43,78	41,98	4,5	6,0	5,5
43,80	42,00	4,5	6,0	5,5
43,83	42,03	4,5	6,0	5,5
43,85	42,11	4,5	6,0	5,5
43,88	42,16	4,5	6,0	5,5
43,90	42,19	4,5	6,0	5,5
43,93	42,24	4,5	6,0	5,5
43,95	42,31	4,5	6,0	5,5
43,98	42,32	4,5	6,0	5,5
44,00	42,36	4,5	6,0	5,5
44,02	42,43	4,5	6,0	5,5
44,05	42,48	4,5	6,0	5,5
44,07	42,49	4,5	6,0	5,5
44,10	42,55	4,5	6,0	5,5
44,12	42,62	4,5	6,0	5,5
44,15	42,65	4,5	6,0	5,5
44,17	42,68	4,5	6,0	5,5
44,20	42,75	4,5	6,0	5,5
44,22	42,78	4,5	6,0	5,5
44,24	42,81	4,5	6,0	5,5
44,27	42,85	4,5	6,0	5,5
44,29	42,92	4,5	6,0	5,5
44,32	42,94	4,5	6,0	5,5
44,34	42,96	4,5	6,0	5,5
44,37	43,03	4,5	6,0	5,5
44,39	43,08	4,5	6,0	5,5
44,41	43,09	4,5	6,0	5,5
44,44	43,13	4,5	6,0	5,5
44,46	43,19	4,5	6,0	5,5
44,49	43,22	4,5	6,0	5,5
44,51	43,23	4,5	6,0	5,5
44,54	43,29	4,5	6,0	5,5
44,56	43,33	4,5	6,0	5,5
44,59	43,35	4,5	6,0	5,5
44,61	43,38	4,5	6,0	5,5
44,63	43,43	4,5	6,0	5,5
44,66	43,46	4,5	6,0	5,5
44,68	43,46	4,5	6,0	5,5
44,71	43,49	4,5	6,0	5,5
44,73	43,53	4,5	6,0	5,5
44,76	43,54	4,5	6,0	5,5
44,78	43,57	4,5	6,0	5,5
44,81	43,61	4,5	6,0	5,5
44,83	43,64	4,5	6,0	5,5
44,85	43,65	4,5	6,0	5,5
44,88	43,70	4,5	6,0	5,5
44,90	43,74	4,5	6,0	5,5
44,93	43,75	4,5	6,0	5,5
44,95	43,76	4,5	6,0	5,5
44,98	43,82	4,5	6,0	5,5
45,00	43,85	4,5	6,0	5,5
45,03	43,85	4,5	6,0	5,5
45,05	43,89	4,5	6,0	5,5
45,07	43,93	4,5	6,0	5,5
45,10	43,93	4,5	6,0	5,5
45,12	43,93	4,5	6,0	5,5
45,15	43,98	4,5	6,0	5,5
45,17	44,01	4,5	6,0	5,5
45,20	44,01	4,5	6,0	5,5
45,22	44,04	4,5	6,0	5,5
45,25	44,09	4,5	6,0	5,5
45,27	44,09	4,5	6,0	5,5
45,29	44,11	4,5	6,0	5,5
45,32	44,14	4,5	6,0	5,5
45,34	44,18	4,5	6,0	5,5
45,37	44,17	4,5	6,0	5,5
45,39	44,20	4,5	6,0	5,5
45,42	44,24	4,5	6,0	5,5
45,44	44,25	4,5	6,0	5,5
45,47	44,25	4,5	6,0	5,5
45,49	44,28	4,5	6,0	5,5
45,51	44,31	4,5	6,0	5,5
45,54	44,30	4,5	6,0	5,5
45,56	44,32	4,5	6,0	5,5
45,59	44,36	4,5	6,0	5,5
45,61	44,37	4,5	6,0	5,5
45,64	44,38	4,5	6,0	5,5
45,66	44,41	4,5	6,0	5,5
45,68	44,45	4,5	6,0	5,5
45,71	44,43	4,5	6,0	5,5
45,73	44,45	4,5	6,0	5,5
45,76	44,50	4,5	6,0	5,5
45,78	44,51	4,5	6,0	5,5
45,81	44,49	4,5	6,0	5,5
45,83	44,53	4,5	6,0	5,5
45,86	44,57	4,5	6,0	5,5
45,88	44,56	4,5	6,0	5,5
45,90	44,55	4,5	6,0	5,5
45,93	44,59	4,5	6,0	5,5
45,95	44,59	4,5	6,0	5,5
45,98	44,59	4,5	6,0	5,5
46,00	44,60	4,5	6,0	5,5
46,03	44,65	4,5	6,0	5,5
46,05	44,64	4,5	6,0	5,5
46,08	44,64	4,5	6,0	5,5
46,10	44,69	4,5	6,0	5,5
46,12	44,70	4,5	6,0	5,5
46,15	44,68	4,5	6,0	5,5
46,17	44,70	4,5	6,0	5,5
46,20	44,73	4,5	6,0	5,5
46,22	44,72	4,5	6,0	5,5
46,25	44,71	4,5	6,0	5,5
46,27	44,74	4,5	6,0	5,5
46,30	44,75	4,5	6,0	5,5
46,32	44,74	4,5	6,0	5,5
46,34	44,74	4,5	6,0	5,5
46,37	44,77	4,5	6,0	5,5
46,39	44,76	4,5	6,0	5,5
46,42	44,74	4,5	6,0	5,5
46,44	44,76	4,5	6,0	5,5
46,47	44,78	4,5	6,0	5,5
46,49	44,78	4,5	6,0	5,5
46,52	44,78	4,5	6,0	5,5
46,54	44,79	4,5	6,0	5,5
46,56	44,79	4,5	6,0	5,5
46,59	44,75	4,5	6,0	5,5
46,61	44,77	4,5	6,0	5,5
46,64	44,78	4,5	6,0	5,5
46,66	44,76	4,5	6,0	5,5
46,69	44,74	4,5	6,0	5,5
46,71	44,75	4,5	6,0	5,5
46,73	44,74	4,5	6,0	5,5
46,76	44,69	4,5	6,0	5,5
46,78	44,68	4,5	6,0	5,5
46,81	44,68	4,5	6,0	5,5
46,83	44,64	4,5	6,0	5,5
46,86	44,60	4,5	6,0	5,5
46,88	44,60	4,5	6,0	5,5
46,91	44,57	4,5	6,0	5,5
46,93	44,52	4,5	6,0	5,5
46,95	44,50	4,5	6,0	5,5
46,98	44,48	4,5	6,0	5,5
47,00	44,43	4,5	6,0	5,5
47,03	44,39	4,5	6,0	5,5
47,05	44,35	4,5	6,0	5,5
47,08	44,31	4,5	6,0	5,5
47,10	44,24	4,5	6,0	5,5
47,13	44,19	4,5	6,0	5,5
47,15	44,16	4,5	6,0	5,5
47,17	44,07	4,5	6,0	5,5
47,20	44,00	4,5	6,0	5,5
47,22	43,94	4,5	6,0	5,5
47,25	43,88	4,5	6,0	5,5
47,27	43,77	4,5	6,0	5,5
47,30	43,71	4,5	6,0	5,5
47,32	43,66	4,5	6,0	5,5
47,35	43,58	4,5	6,0	5,5
47,37	43,47	4,5	6,0	5,5
47,39	43,41	4,5	6,0	5,5
47,42	43,33	4,5	6,0	5,5
47,44	43,22	4,5	6,0	5,5
47,47	43,13	4,5	6,0	5,5
47,49	43,06	4,5	6,0	5,5
47,52	42,95	4,5	6,0	5,5
47,54	42,83	4,5	6,0	5,5
47,57	42,73	4,5	6,0	5,5
47,59	42,64	4,5	6,0	5,5
47,61	42,52	4,5	6,0	5,5
47,64	42,40	4,5	6,0	5,5
47,66	42,32	4,5	6,0	5,5
47,69	42,20	4,5	6,0	5,5
47,71	42,08	4,5	6,0	5,5
47,74	41,97	4,5	6,0	5,5
47,76	41,88	4,5	6,0	5,5
47,78	41,74	4,5	6,0	5,5
47,81	41,63	4,5	6,0	5,5
47,83	41,55	4,5	6,0	5,5
47,86	41,43	4,5	6,0	5,5
47,88	41,29	4,5	6,0	5,5
47,91	41,19	4,5	6,0	5,5
47,93	41,09	4,5	6,0	5,5
47,96	40,97	4,5	6,0	5,5
47,98	40,84	4,5	6,0	5,5
48,00	40,75	4,5	6,0	5,5
48,03	40,64	4,5	6,0	5,5
48,05	40,51	4,5	6,0	5,5
48,08	40,40	4,5	6,0	5,5
48,10	40,31	4,5	6,0	5,5
48,13	40,18	4,5	6,0	5,5
48,15	40,05	4,5	6,0	5,5
48,18	39,97	4,5	6,0	5,5
48,20	39,86	4,5	6,0	5,5
48,22	39,73	4,5	6,0	5,5
48,25	39,62	4,5	6,0	5,5
48,27	39,53	4,5	6,0	5,5
48,30	39,42	4,5	6,0	5,5
48,32	39,29	4,5	6,0	5,5
48,35	39,21	4,5	6,0	5,5
48,37	39,10	4,5	6,0	5,5
48,40	38,97	4,5	6,0	5,5
48,42	38,85	4,5	6,0	5,5
48,44	38,76	4,5	6,0	5,5
48,47	38,64	4,5	6,0	5,5
48,49	38,51	4,5	6,0	5,5
48,52	38,40	4,5	6,0	5,5
48,54	38,32	4,5	6,0	5,5
48,57	38,18	4,5	6,0	5,5
48,59	38,05	4,5	6,0	5,5
48,62	37,96	4,5	6,0	5,5
48,64	37,85	4,5	6,0	5,5
48,66	37,71	4,5	6,0	5,5
48,69	37,62	4,5	6,0	5,5
48,71	37,53	4,5	6,0	5,5
48,74	37,38	4,5	6,0	5,5
48,76	37,26	4,5	6,0	5,5
48,79	37,16	4,5	6,0	5,5
48,81	37,05	4,5	6,0	5,5
48,84	36,90	4,5	6,0	5,5
48,86	36,79	4,5	6,0	5,5
48,88	36,69	4,5	6,0	5,5
48,91	36,54	4,5	6,0	5,5
48,93	36,40	4,5	6,0	5,5
48,96	36,30	4,5	6,0	5,5
48,98	36,19	4,5	6,0	5,5
49,01	36,05	4,5	6,0	5,5
49,03	35,93	4,5	6,0	5,5
49,05	35,82	4,5	6,0	5,5
49,08	35,68	4,5	6,0	5,5
49,10	35,53	4,5	6,0	5,5
49,13	35,42	4,5	6,0	5,5
49,15	35,31	4,5	6,0	5,5
49,18	35,15	4,5	6,0	5,5
49,20	35,01	4,5	6,0	5,5
49,23	34,90	4,5	6,0	5,5
49,25	34,74	4,5	6,0	5,5
49,27	34,58	4,5	6,0	5,5
49,30	34,47	4,5	6,0	5,5
49,32	34,35	4,5	6,0	5,5
49,35	34,20	4,5	6,0	5,5
49,37	34,05	4,5	6,0	5,5
49,40	33,95	4,5	6,0	5,5
49,42	33,81	4,5	6,0	5,5
49,45	33,65	4,5	6,0	5,5
49,47	33,54	4,5	6,0	5,5
49,49	33,43	4,5	6,0	5,5
49,52	33,26	4,5	6,0	5,5
49,54	33,10	4,5	6,0	5,5
49,57	32,98	4,5	6,0	5,5
49,59	32,85	4,5	6,0	5,5
49,62	32,70	4,5	6,0	5,5
49,64	32,58	4,5	6,0	5,5
49,67	32,46	4,5	6,0	5,5
49,69	32,31	4,5	6,0	5,5
49,71	32,16	4,5	6,0	5,5
49,74	32,06	4,5	6,0	5,5
49,76	31,95	4,5	6,0	5,5
49,79	31,80	4,5	6,0	5,5
49,81	31,68	4,5	6,0	5,5
49,84	31,57	4,5	6,0	5,5
49,86	31,43	4,5	6,0	5,5
49,89	31,28	4,5	6,0	5,5
49,91	31,18	4,5	6,0	5,5
49,93	31,05	4,5	6,0	5,5
49,96	30,91	4,5	6,0	5,5
49,98	30,77	4,5	6,0	5,5
50,01	30,68	4,5	6,0	5,5
50,03	30,56	4,5	6,0	5,5
50,06	30,41	4,5	6,0	5,5
50,08	30,31	4,5	6,0	5,5
50,10	30,21	4,5	6,0	5,5
50,13	30,07	4,5	6,0	5,5
50,15	29,96	4,5	6,0	5,5
50,18	29,86	4,5	6,0	5,5
50,20	29,74	4,5	6,0	5,5
50,23	29,60	4,5	6,0	5,5
50,25	29,50	4,5	6,0	5,5
50,28	29,40	4,5	6,0	5,5
50,30	29,27	4,5	6,0	5,5
50,32	29,15	4,5	6,0	5,5
50,35	29,06	4,5	6,0	5,5
50,37	28,94	4,5	6,0	5,5
50,40	28,81	4,5	6,0	5,5
50,42	28,72	4,5	6,0	5,5
50,45	28,64	4,5	6,0	5,5
50,47	28,52	4,5	6,0	5,5
50,50	28,40	4,5	6,0	5,5
50,52	28,31	4,5	6,0	5,5
50,54	28,21	4,5	6,0	5,5
50,57	28,08	4,5	6,0	5,5
50,59	27,99	4,5	6,0	5,5
50,62	27,91	4,5	6,0	5,5
50,64	27,81	4,5	6,0	5,5
50,67	27,69	4,5	6,0	5,5
50,69	27,62	4,5	6,0	5,5
50,72	27,53	4,5	6,0	5,5
50,74	27,41	4,5	6,0	5,5
50,76	27,32	4,5	6,0	5,5
50,79	27,26	4,5	6,0	5,5
50,81	27,15	4,5	6,0	5,5
50,84	27,05	4,5	6,0	5,5
50,86	26,98	4,5	6,0	5,5
50,89	26,93	4,5	6,0	5,5
50,91	26,82	4,5	6,0	5,5
50,94	26,74	4,5	6,0	5,5
50,96	26,69	4,5	6,0	5,5
50,98	26,61	4,5	6,0	5,5
51,01	26,51	4,5	6,0	5,5
51,03	26,46	4,5	6,0	5,5
51,06	26,43	4,5	6,0	5,5
51,08	26,34	4,5	6,0	5,5
51,11	26,26	4,5	6,0	5,5
51,13	26,24	4,5	6,0	5,5
51,15	26,18	4,5	6,0	5,5
51,18	26,10	4,5	6,0	5,5
51,20	26,05	4,5	6,0	5,5
51,23	26,02	4,5	6,0	5,5
51,25	25,95	4,5	6,0	5,5
51,28	25,90	4,5	6,0	5,5
51,30	25,89	4,5	6,0	5,5
51,33	25,87	4,5	6,0	5,5
51,35	25,80	4,5	6,0	5,5
51,37	25,78	4,5	6,0	5,5
51,40	25,77	4,5	6,0	5,5
51,42	25,74	4,5	6,0	5,5
51,45	25,69	4,5	6,0	5,5
51,47	25,70	4,5	6,0	5,5
51,50	25,69	4,5	6,0	5,5
51,52	25,65	4,5	6,0	5,5
51,55	25,63	4,5	6,0	5,5
51,57	25,64	4,5	6,0	5,5
51,59	25,62	4,5	6,0	5,5
51,62	25,59	4,5	6,0	5,5
51,64	25,60	4,5	6,0	5,5
51,67	25,61	4,5	6,0	5,5
51,69	25,58	4,5	6,0	5,5
51,72	25,58	4,5	6,0	5,5
51,74	25,61	4,5	6,0	5,5
51,77	25,61	4,5	6,0	5,5
51,79	25,58	4,5	6,0	5,5
51,81	25,60	4,5	6,0	5,5
51,84	25,63	4,5	6,0	5,5
51,86	25,61	4,5	6,0	5,5
51,89	25,61	4,5	6,0	5,5
51,91	25,66	4,5	6,0	5,5
51,94	25,66	4,5	6,0	5,5
51,96	25,63	4,5	6,0	5,5
51,99	25,65	4,5	6,0	5,5
52,01	25,69	4,5	6,0	5,5
52,03	25,67	4,5	6,0	5,5
52,06	25,67	4,5	6,0	5,5
52,08	25,71	4,5	6,0	5,5
52,11	25,72	4,5	6,0	5,5
52,13	25,71	4,5	6,0	5,5
52,16	25,74	4,5	6,0	5,5
52,18	25,78	4,5	6,0	5,5
52,20	25,78	4,5	6,0	5,5
52,23	25,77	4,5	6,0	5,5
52,25	25,82	4,5	6,0	5,5
52,28	25,84	4,5	6,0	5,5
52,30	25,83	4,5	6,0	5,5
52,33	25,86	4,5	6,0	5,5
52,35	25,90	4,5	6,0	5,5
52,38	25,90	4,5	6,0	5,5
52,40	25,90	4,5	6,0	5,5
52,42	25,95	4,5	6,0	5,5
52,45	25,98	4,5	6,0	5,5
52,47	25,97	4,5	6,0	5,5
52,50	26,00	4,5	6,0	5,5
52,52	26,06	4,5	6,0	5,5
52,55	26,06	4,5	6,0	5,5
52,57	26,07	4,5	6,0	5,5
52,60	26,12	4,5	6,0	5,5
52,62	26,17	4,5	6,0	5,5
52,64	26,18	4,5	6,0	5,5
52,67	26,20	4,5	6,0	5,5
52,69	26,27	4,5	6,0	5,5
52,72	26,29	4,5	6,0	5,5
52,74	26,30	4,5	6,0	5,5
52,77	26,37	4,5	6,0	5,5
52,79	26,43	4,5	6,0	5,5
52,82	26,44	4,5	6,0	5,5
52,84	26,48	4,5	6,0	5,5
52,86	26,56	4,5	6,0	5,5
52,89	26,60	4,5	6,0	5,5
52,91	26,63	4,5	6,0	5,5
52,94	26,70	4,5	6,0	5,5
52,96	26,77	4,5	6,0	5,5
52,99	26,80	4,5	6,0	5,5
53,01	26,85	4,5	6,0	5,5
53,04	26,95	4,5	6,0	5,5
53,06	27,02	4,5	6,0	5,5
53,08	27,06	4,5	6,0	5,5
53,11	27,15	4,5	6,0	5,5
53,13	27,24	4,5	6,0	5,5
53,16	27,30	4,5	6,0	5,5
53,18	27,35	4,5	6,0	5,5
53,21	27,46	4,5	6,0	5,5
53,23	27,54	4,5	6,0	5,5
53,26	27,60	4,5	6,0	5,5
53,28	27,69	4,5	6,0	5,5
53,30	27,81	4,5	6,0	5,5
53,33	27,88	4,5	6,0	5,5
53,35	27,95	4,5	6,0	5,5
53,38	28,07	4,5	6,0	5,5
53,40	28,19	4,5	6,0	5,5
53,43	28,25	4,5	6,0	5,5
53,45	28,37	4,5	6,0	5,5
53,47	28,50	4,5	6,0	5,5
53,50	28,60	4,5	6,0	5,5
53,52	28,68	4,5	6,0	5,5
53,55	28,82	4,5	6,0	5,5
53,57	28,95	4,5	6,0	5,5
53,60	29,03	4,5	6,0	5,5
53,62	29,13	4,5	6,0	5,5
53,65	29,27	4,5	6,0	5,5
53,67	29,37	4,5	6,0	5,5
53,69	29,46	4,5	6,0	5,5
53,72	29,59	4,5	6,0	5,5
53,74	29,73	4,5	6,0	5,5
53,77	29,82	4,5	6,0	5,5
53,79	29,94	4,5	6,0	5,5
53,82	30,08	4,5	6,0	5,5
53,84	30,20	4,5	6,0	5,5
53,87	30,30	4,5	6,0	5,5
53,89	30,45	4,5	6,0	5,5
53,91	30,60	4,5	6,0	5,5
53,94	30,70	4,5	6,0	5,5
53,96	30,79	4,5	6,0	5,5
53,99	30,95	4,5	6,0	5,5
54,01	31,07	4,5	6,0	5,5
54,04	31,17	4,5	6,0	5,5
54,06	31,28	4,5	6,0	5,5
54,09	31,44	4,5	6,0	5,5
54,11	31,54	4,5	6,0	5,5
54,13	31,65	4,5	6,0	5,5
54,16	31,80	4,5	6,0	5,5
54,18	31,94	4,5	6,0	5,5
54,21	32,04	4,5	6,0	5,5
54,23	32,18	4,5	6,0	5,5
54,26	32,34	4,5	6,0	5,5
54,28	32,46	4,5	6,0	5,5
54,31	32,56	4,5	6,0	5,5
54,33	32,72	4,5	6,0	5,5
54,35	32,87	4,5	6,0	5,5
54,38	32,97	4,5	6,0	5,5
54,40	33,09	4,5	6,0	5,5
54,43	33,26	4,5	6,0	5,5
54,45	33,37	4,5	6,0	5,5
54,48	33,47	4,5	6,0	5,5
54,50	33,62	4,5	6,0	5,5
54,52	33,78	4,5	6,0	5,5
54,55	33,88	4,5	6,0	5,5
54,57	34,02	4,5	6,0	5,5
54,60	34,19	4,5	6,0	5,5
54,62	34,34	4,5	6,0	5,5
54,65	34,43	4,5	6,0	5,5
54,67	34,59	4,5	6,0	5,5
54,70	34,75	4,5	6,0	5,5
54,72	34,86	4,5	6,0	5,5
54,74	34,97	4,5	6,0	5,5
54,77	35,15	4,5	6,0	5,5
54,79	35,29	4,5	6,0	5,5
54,82	35,41	4,5	6,0	5,5
54,84	35,56	4,5	6,0	5,5
54,87	35,74	4,5	6,0	5,5
54,89	35,87	4,5	6,0	5,5
54,92	36,00	4,5	6,0	5,5
54,94	36,18	4,5	6,0	5,5
54,96	36,33	4,5	6,0	5,5
54,99	36,44	4,5	6,0	5,5
55,01	36,61	4,5	6,0	5,5
55,04	36,80	4,5	6,0	5,5
55,06	36,95	4,5	6,0	5,5
55,09	37,08	4,5	6,0	5,5
55,11	37,27	4,5	6,0	5,5
55,14	37,43	4,5	6,0	5,5
55,16	37,56	4,5	6,0	5,5
55,18	37,73	4,5	6,0	5,5
55,21	37,92	4,5	6,0	5,5
55,23	38,07	4,5	6,0	5,5
55,26	38,22	4,5	6,0	5,5
55,28	38,42	4,5	6,0	5,5
55,31	38,61	4,5	6,0	5,5
55,33	38,74	4,5	6,0	5,5
55,36	38,91	4,5	6,0	5,5
55,38	39,09	4,5	6,0	5,5
55,40	39,24	4,5	6,0	5,5
55,43	39,38	4,5	6,0	5,5
55,45	39,58	4,5	6,0	5,5
55,48	39,78	4,5	6,0	5,5
55,50	39,92	4,5	6,0	5,5
55,53	40,09	4,5	6,0	5,5
55,55	40,30	4,5	6,0	5,5
55,57	40,47	4,5	6,0	5,5
55,60	40,61	4,5	6,0	5,5
55,62	40,81	4,5	6,0	5,5
55,65	41,00	4,5	6,0	5,5
55,67	41,14	4,5	6,0	5,5
55,70	41,29	4,5	6,0	5,5
55,72	41,50	4,5	6,0	5,5
55,75	41,68	4,5	6,0	5,5
55,77	41,83	4,5	6,0	5,5
55,79	42,01	4,5	6,0	5,5
55,82	42,21	4,5	6,0	5,5
55,84	42,35	4,5	6,0	5,5
55,87	42,52	4,5	6,0	5,5
55,89	42,74	4,5	6,0	5,5
55,92	42,94	4,5	6,0	5,5
55,94	43,09	4,5	6,0	5,5
55,97	43,27	4,5	6,0	5,5
55,99	43,46	4,5	6,0	5,5
56,01	43,61	4,5	6,0	5,5
56,04	43,76	4,5	6,0	5,5
56,06	43,96	4,5	6,0	5,5
56,09	44,15	4,5	6,0	5,5
56,11	44,28	4,5	6,0	5,5
56,14	44,45	4,5	6,0	5,5
56,16	44,66	4,5	6,0	5,5
56,19	44,82	4,5	6,0	5,5
56,21	44,98	4,5	6,0	5,5
56,23	45,19	4,5	6,0	5,5
56,26	45,39	4,5	6,0	5,5
56,28	45,53	4,5	6,0	5,5
56,31	45,71	4,5	6,0	5,5
56,33	45,93	4,5	6,0	5,5
56,36	46,10	4,5	6,0	5,5
56,38	46,24	4,5	6,0	5,5
56,41	46,45	4,5	6,0	5,5
56,43	46,64	4,5	6,0	5,5
56,45	46,79	4,5	6,0	5,5
56,48	46,94	4,5	6,0	5,5
56,50	47,15	4,5	6,0	5,5
56,53	47,34	4,5	6,0	5,5
56,55	47,50	4,5	6,0	5,5
56,58	47,70	4,5	6,0	5,5
56,60	47,90	4,5	6,0	5,5
56,62	48,07	4,5	6,0	5,5
56,65	48,24	4,5	6,0	5,5
56,67	48,43	4,5	6,0	5,5
56,70	48,58	4,5	6,0	5,5
56,72	48,71	4,5	6,0	5,5
56,75	48,86	4,5	6,0	5,5
56,77	49,01	4,5	6,0	5,5
56,80	49,12	4,5	6,0	5,5
56,82	49,22	4,5	6,0	5,5
56,84	49,34	4,5	6,0	5,5
56,87	49,44	4,5	6,0	5,5
56,89	49,50	4,5	6,0	5,5
56,92	49,60	4,5	6,0	5,5
56,94	49,69	4,5	6,0	5,5
56,97	49,75	4,5	6,0	5,5
56,99	49,80	4,5	6,0	5,5
57,02	49,86	4,5	6,0	5,5
57,04	49,92	4,5	6,0	5,5
57,06	49,93	4,5	6,0	5,5
57,09	49,97	4,5	6,0	5,5
57,11	49,99	4,5	6,0	5,5
57,14	49,99	4,5	6,0	5,5
57,16	49,99	4,5	6,0	5,5
57,19	49,99	4,5	6,0	5,5
57,21	49,99	4,5	6,0	5,5
57,24	49,99	4,5	6,0	5,5
57,26	49,99	4,5	6,0	5,5
57,28	49,99	4,5	6,0	5,5
57,31	49,99	4,5	6,0	5,5
57,33	49,99	4,5	6,0	5,5
57,36	49,99	4,5	6,0	5,5
57,38	49,99	4,5	6,0	5,5
57,41	49,99	4,5	6,0	5,5
57,43	49,99	4,5	6,0	5,5
57,46	49,99	4,5	6,0	5,5
57,48	49,99	4,5	6,0	5,5
57,50	49,99	4,5	6,0	5,5
57,53	49,99	4,5	6,0	5,5
57,55	49,99	4,5	6,0	5,5
57,58	49,99	4,5	6,0	5,5
57,60	49,99	4,5	6,0	5,5
57,63	49,99	4,5	6,0	5,5
57,65	49,99	4,5	6,0	5,5
57,68	49,99	4,5	6,0	5,5
57,70	49,99	4,5	6,0	5,5
57,72	49,99	4,5	6,0	5,5
57,75	49,99	4,5	6,0	5,5
57,77	49,99	4,5	6,0	5,5
57,80	49,99	4,5	6,0	5,5
57,82	49,99	4,5	6,0	5,5
57,85	49,99	4,5	6,0	5,5
57,87	49,99	4,5	6,0	5,5
57,89	49,99	4,5	6,0	5,5
57,92	49,99	4,5	6,0	5,5
57,94	49,99	4,5	6,0	5,5
57,97	49,99	4,5	6,0	5,5
57,99	49,99	4,5	6,0	5,5
58,02	49,99	4,5	6,0	5,5
58,04	49,99	4,5	6,0	5,5
58,07	49,99	4,5	6,0	5,5
58,09	49,99	4,5	6,0	5,5
58,11	49,99	4,5	6,0	5,5
58,14	49,99	4,5	6,0	5,5
58,16	49,99	4,5	6,0	5,5
58,19	49,99	4,5	6,0	5,5
58,21	49,99	4,5	6,0	5,5
58,24	49,99	4,5	6,0	5,5
58,26	49,99	4,5	6,0	5,5
58,29	49,99	4,5	6,0	5,5
58,31	49,99	4,5	6,0	5,5
58,33	49,99	4,5	6,0	5,5
58,36	49,99	4,5	6,0	5,5
58,38	49,99	4,5	6,0	5,5
58,41	49,99	4,5	6,0	5,5
58,43	49,99	4,5	6,0	5,5
58,46	49,99	4,5	6,0	5,5
58,48	49,99	4,5	6,0	5,5
58,51	49,99	4,5	6,0	5,5
58,53	49,99	4,5	6,0	5,5
58,55	49,99	4,5	6,0	5,5
58,58	49,99	4,5	6,0	5,5
58,60	49,99	4,5	6,0	5,5
58,63	49,99	4,5	6,0	5,5
58,65	49,99	4,5	6,0	5,5
58,68	49,99	4,5	6,0	5,5
58,70	49,99	4,5	6,0	5,5
58,73	49,99	4,5	6,0	5,5
58,75	49,99	4,5	6,0	5,5
58,77	49,99	4,5	6,0	5,5
58,80	49,99	4,5	6,0	5,5
58,82	49,99	4,5	6,0	5,5
58,85	49,99	4,5	6,0	5,5
58,87	49,99	4,5	6,0	5,5
58,90	49,99	4,5	6,0	5,5
58,92	49,99	4,5	6,0	5,5
58,94	49,99	4,5	6,0	5,5
58,97	49,99	4,5	6,0	5,5
58,99	49,99	4,5	6,0	5,5
59,02	49,99	4,5	6,0	5,5
59,04	49,99	4,5	6,0	5,5
59,07	49,99	4,5	6,0	5,5
59,09	49,99	4,5	6,0	5,5
59,12	49,99	4,5	6,0	5,5
59,14	49,99	4,5	6,0	5,5
59,16	49,99	4,5	6,0	5,5
59,19	49,99	4,5	6,0	5,5
59,21	49,99	4,5	6,0	5,5
59,24	49,99	4,5	6,0	5,5
59,26	49,99	4,5	6,0	5,5
59,29	49,99	4,5	6,0	5,5
59,31	49,99	4,5	6,0	5,5
59,34	49,99	4,5	6,0	5,5
59,36	49,99	4,5	6,0	5,5
59,38	49,99	4,5	6,0	5,5
59,41	49,99	4,5	6,0	5,5
59,43	49,99	4,5	6,0	5,5
59,46	49,99	4,5	6,0	5,5
59,48	49,99	4,5	6,0	5,5
59,51	49,99	4,5	6,0	5,5
59,53	49,99	4,5	6,0	5,5
59,56	49,99	4,5	6,0	5,5
59,58	49,99	4,5	6,0	5,5
59,60	49,99	4,5	6,0	5,5
59,63	49,99	4,5	6,0	5,5
59,65	49,99	4,5	6,0	5,5
59,68	49,99	4,5	6,0	5,5
59,70	49,99	4,5	6,0	5,5
59,73	49,99	4,5	6,0	5,5
59,75	49,99	4,5	6,0	5,5
59,78	49,99	4,5	6,0	5,5
59,80	49,99	4,5	6,0	5,5
59,82	49,99	4,5	6,0	5,5
59,85	49,99	4,5	6,0	5,5
59,87	49,99	4,5	6,0	5,5
59,90	49,99	4,5	6,0	5,5
59,92	49,99	4,5	6,0	5,5
59,95	49,99	4,5	6,0	5,5
59,97	49,99	4,5	6,0	5,5
59,99	49,99	4,5	6,0	5,5
60,02	49,99	4,5	6,0	5,5
60,04	49,99	4,5	6,0	5,5
60,07	49,99	4,5	6,0	5,5
60,09	49,99	4,5	6,0	5,5
60,12	49,99	4,5	6,0	5,5
60,14	49,99	4,5	6,0	5,5
60,17	49,99	4,5	6,0	5,5
60,19	49,99	4,5	6,0	5,5
60,21	49,99	4,5	6,0	5,5
60,24	49,99	4,5	6,0	5,5
60,26	49,99	4,5	6,0	5,5
60,29	49,99	4,5	6,0	5,5
60,31	49,99	4,5	6,0	5,5
60,34	49,99	4,5	6,0	5,5
60,36	49,99	4,5	6,0	5,5
60,39	49,99	4,5	6,0	5,5
60,41	49,99	4,5	6,0	5,5
60,43	49,99	4,5	6,0	5,5
60,46	49,99	4,5	6,0	5,5
60,48	49,99	4,5	6,0	5,5
60,51	49,99	4,5	6,0	5,5
60,53	49,99	4,5	6,0	5,5
60,56	49,99	4,5	6,0	5,5
60,58	49,99	4,5	6,0	5,5
60,61	49,99	4,5	6,0	5,5
60,63	49,99	4,5	6,0	5,5
60,65	49,99	4,5	6,0	5,5
60,68	49,99	4,5	6,0	5,5
60,70	49,99	4,5	6,0	5,5
60,73	49,99	4,5	6,0	5,5
60,75	49,99	4,5	6,0	5,5
60,78	49,99	4,5	6,0	5,5
60,80	49,99	4,5	6,0	5,5
60,83	49,99	4,5	6,0	5,5
60,85	49,99	4,5	6,0	5,5
60,87	49,99	4,5	6,0	5,5
60,90	49,99	4,5	6,0	5,5
60,92	49,99	4,5	6,0	5,5
60,95	49,99	4,5	6,0	5,5
60,97	49,99	4,5	6,0	5,5
61,00	49,99	4,5	6,0	5,5
61,02	49,99	4,5	6,0	5,5
61,05	49,99	4,5	6,0	5,5
61,07	49,99	4,5	6,0	5,5
61,09	49,99	4,5	6,0	5,5
61,12	49,99	4,5	6,0	5,5
61,14	49,99	4,5	6,0	5,5
61,17	49,99	4,5	6,0	5,5
61,19	49,99	4,5	6,0	5,5
61,22	49,99	4,5	6,0	5,5
61,24	49,99	4,5	6,0	5,5
61,26	49,99	4,5	6,0	5,5
61,29	49,99	4,5	6,0	5,5
61,31	49,99	4,5	6,0	5,5
61,34	49,99	4,5	6,0	5,5
61,36	49,99	4,5	6,0	5,5
61,39	49,99	4,5	6,0	5,5
61,41	49,99	4,5	6,0	5,5
61,44	49,99	4,5	6,0	5,5
61,46	49,99	4,5	6,0	5,5
61,48	49,99	4,5	6,0	5,5
61,51	49,99	4,5	6,0	5,5
61,53	49,99	4,5	6,0	5,5
61,56	49,99	4,5	6,0	5,5
61,58	49,99	4,5	6,0	5,5
61,61	49,99	4,5	6,0	5,5
61,63	49,99	4,5	6,0	5,5
61,66	49,99	4,5	6,0	5,5
61,68	49,99	4,5	6,0	5,5
61,70	49,99	4,5	6,0	5,5
61,73	49,99	4,5	6,0	5,5
61,75	49,99	4,5	6,0	5,5
61,78	49,99	4,5	6,0	5,5
61,80	49,99	4,5	6,0	5,5
61,83	49,99	4,5	6,0	5,5
61,85	49,99	4,5	6,0	5,5
61,88	49,99	4,5	6,0	5,5
61,90	49,99	4,5	6,0	5,5
61,92	49,99	4,5	6,0	5,5
61,95	49,99	4,5	6,0	5,5
61,97	49,99	4,5	6,0	5,5
62,00	49,99	4,5	6,0	5,5
62,02	49,99	4,5	6,0	5,5
62,05	49,99	4,5	6,0	5,5
62,07	49,99	4,5	6,0	5,5
62,10	49,99	4,5	6,0	5,5
62,12	49,99	4,5	6,0	5,5
62,14	49,99	4,5	6,0	5,5
62,17	49,99	4,5	6,0	5,5
62,19	49,99	4,5	6,0	5,5
62,22	49,99	4,5	6,0	5,5
62,24	49,99	4,5	6,0	5,5
62,27	49,99	4,5	6,0	5,5
62,29	49,99	4,5	6,0	5,5
62,31	49,99	4,5	6,0	5,5
62,34	49,99	4,5	6,0	5,5
62,36	49,99	4,5	6,0	5,5
62,39	49,99	4,5	6,0	5,5
62,41	49,99	4,5	6,0	5,5
62,44	49,99	4,5	6,0	5,5
62,46	49,99	4,5	6,0	5,5
62,49	49,99	4,5	6,0	5,5
62,51	49,99	4,5	6,0	5,5
62,53	49,99	4,5	6,0	5,5
62,56	49,99	4,5	6,0	5,5
62,58	49,99	4,5	6,0	5,5
62,61	49,99	4,5	6,0	5,5
62,63	49,99	4,5	6,0	5,5
62,66	49,99	4,5	6,0	5,5
62,68	49,99	4,5	6,0	5,5
62,71	49,99	4,5	6,0	5,5
62,73	49,99	4,5	6,0	5,5
62,75	49,99	4,5	6,0	5,5
62,78	49,99	4,5	6,0	5,5
62,80	49,99	4,5	6,0	5,5
62,83	49,99	4,5	6,0	5,5
62,85	49,99	4,5	6,0	5,5
62,88	49,99	4,5	6,0	5,5
62,90	49,99	4,5	6,0	5,5
62,93	49,99	4,5	6,0	5,5
62,95	49,99	4,5	6,0	5,5
62,97	49,99	4,5	6,0	5,5
63,00	49,99	4,5	6,0	5,5
63,02	49,99	4,5	6,0	5,5
63,05	49,99	4,5	6,0	5,5
63,07	49,99	4,5	6,0	5,5
63,10	49,99	4,5	6,0	5,5
63,12	49,99	4,5	6,0	5,5
63,15	49,99	4,5	6,0	5,5
63,17	49,99	4,5	6,0	5,5
63,19	49,99	4,5	6,0	5,5
63,22	49,99	4,5	6,0	5,5
63,24	49,99	4,5	6,0	5,5
63,27	49,99	4,5	6,0	5,5
63,29	49,99	4,5	6,0	5,5
63,32	49,99	4,5	6,0	5,5
63,34	49,99	4,5	6,0	5,5
63,36	49,99	4,5	6,0	5,5
63,39	49,99	4,5	6,0	5,5
63,41	49,99	4,5	6,0	5,5
63,44	49,99	4,5	6,0	5,5
63,46	49,99	4,5	6,0	5,5
63,49	49,99	4,5	6,0	5,5
63,51	49,99	4,5	6,0	5,5
63,54	49,99	4,5	6,0	5,5
63,56	49,99	4,5	6,0	5,5
63,58	49,99	4,5	6,0	5,5
63,61	49,99	4,5	6,0	5,5
63,63	49,99	4,5	6,0	5,5
63,66	49,99	4,5	6,0	5,5
63,68	49,99	4,5	6,0	5,5
63,71	49,99	4,5	6,0	5,5
63,73	49,99	4,5	6,0	5,5
63,76	49,99	4,5	6,0	5,5
63,78	49,99	4,5	6,0	5,5
63,80	49,99	4,5	6,0	5,5
63,83	49,99	4,5	6,0	5,5
63,85	49,99	4,5	6,0	5,5
63,88	49,99	4,5	6,0	5,5
63,90	49,99	4,5	6,0	5,5
63,93	49,99	4,5	6,0	5,5
63,95	49,99	4,5	6,0	5,5
63,98	49,99	4,5	6,0	5,5
64,00	49,99	4,5	6,0	5,5
64,02	49,99	4,5	6,0	5,5
64,05	49,99	4,5	6,0	5,5
64,07	49,99	4,5	6,0	5,5
64,10	49,99	4,5	6,0	5,5
64,12	49,99	4,5	6,0	5,5
64,15	49,99	4,5	6,0	5,5
64,17	49,99	4,5	6,0	5,5
64,20	49,99	4,5	6,0	5,5
64,22	49,99	4,5	6,0	5,5
64,24	49,99	4,5	6,0	5,5
64,27	49,99	4,5	6,0	5,5
64,29	49,99	4,5	6,0	5,5
64,32	49,99	4,5	6,0	5,5
64,34	49,99	4,5	6,0	5,5
64,37	49,99	4,5	6,0	5,5
64,39	49,99	4,5	6,0	5,5
64,41	49,99	4,5	6,0	5,5
64,44	49,99	4,5	6,0	5,5
64,46	49,99	4,5	6,0	5,5
64,49	49,99	4,5	6,0	5,5
64,51	49,99	4,5	6,0	5,5
64,54	49,99	4,5	6,0	5,5
64,56	49,99	4,5	6,0	5,5
64,59	49,99	4,5	6,0	5,5
64,61	49,99	4,5	6,0	5,5
64,63	49,99	4,5	6,0	5,5
64,66	49,99	4,5	6,0	5,5
64,68	49,99	4,5	6,0	5,5
64,71	49,99	4,5	6,0	5,5
64,73	49,99	4,5	6,0	5,5
64,76	49,99	4,5	6,0	5,5
64,78	49,99	4,5	6,0	5,5
64,81	49,99	4,5	6,0	5,5
64,83	49,99	4,5	6,0	5,5
64,85	49,99	4,5	6,0	5,5
64,88	49,99	4,5	6,0	5,5
64,90	49,99	4,5	6,0	5,5
64,93	49,99	4,5	6,0	5,5
64,95	49,99	4,5	6,0	5,5
64,98	49,99	4,5	6,0	5,5
65,00	49,99	4,5	6,0	5,5
65,03	49,99	4,5	6,0	5,5
65,05	49,99	4,5	6,0	5,5
65,07	49,99	4,5	6,0	5,5
65,10	49,99	4,5	6,0	5,5
65,12	49,99	4,5	6,0	5,5
65,15	49,99	4,5	6,0	5,5
65,17	49,99	4,5	6,0	5,5
65,20	49,99	4,5	6,0	5,5
65,22	49,99	4,5	6,0	5,5
65,25	49,99	4,5	6,0	5,5
65,27	49,99	4,5	6,0	5,5
65,29	49,99	4,5	6,0	5,5
65,32	49,99	4,5	6,0	5,5
65,34	49,99	4,5	6,0	5,5
65,37	49,99	4,5	6,0	5,5
65,39	49,99	4,5	6,0	5,5
65,42	49,99	4,5	6,0	5,5
65,44	49,99	4,5	6,0	5,5
65,47	49,99	4,5	6,0	5,5
65,49	49,99	4,5	6,0	5,5
65,51	49,99	4,5	6,0	5,5
65,54	49,99	4,5	6,0	5,5
65,56	49,99	4,5	6,0	5,5
65,59	49,99	4,5	6,0	5,5
65,61	49,99	4,5	6,0	5,5
65,64	49,99	4,5	6,0	5,5
65,66	49,99	4,5	6,0	5,5
65,68	49,99	4,5	6,0	5,5
65,71	49,99	4,5	6,0	5,5
65,73	49,99	4,5	6,0	5,5
65,76	49,99	4,5	6,0	5,5
65,78	49,99	4,5	6,0	5,5
65,81	49,99	4,5	6,0	5,5
65,83	49,99	4,5	6,0	5,5
65,86	49,99	4,5	6,0	5,5
65,88	49,99	4,5	6,0	5,5
65,90	49,99	4,5	6,0	5,5
65,93	49,99	4,5	6,0	5,5
65,95	49,99	4,5	6,0	5,5
65,98	49,99	4,5	6,0	5,5
66,00	49,99	4,5	6,0	5,5
66,03	49,99	4,5	6,0	5,5
66,05	49,99	4,5	6,0	5,5
66,08	49,99	4,5	6,0	5,5
66,10	49,99	4,5	6,0	5,5
66,12	49,99	4,5	6,0	5,5
66,15	49,99	4,5	6,0	5,5
66,17	49,99	4,5	6,0	5,5
66,20	49,99	4,5	6,0	5,5
66,22	49,99	4,5	6,0	5,5
66,25	49,99	4,5	6,0	5,5
66,27	49,99	4,5	6,0	5,5
66,30	49,99	4,5	6,0	5,5
66,32	49,99	4,5	6,0	5,5
66,34	49,99	4,5	6,0	5,5
66,37	49,99	4,5	6,0	5,5
66,39	49,99	4,5	6,0	5,5
66,42	49,99	4,5	6,0	5,5
66,44	49,99	4,5	6,0	5,5
66,47	49,99	4,5	6,0	5,5
66,49	49,99	4,5	6,0	5,5
66,52	49,99	4,5	6,0	5,5
66,54	49,99	4,5	6,0	5,5
66,56	49,99	4,5	6,0	5,5
66,59	49,99	4,5	6,0	5,5
66,61	49,99	4,5	6,0	5,5
66,64	49,99	4,5	6,0	5,5
66,66	49,99	4,5	6,0	5,5
66,69	49,99	4,5	6,0	5,5
66,71	49,99	4,5	6,0	5,5
66,73	49,99	4,5	6,0	5,5
66,76	49,99	4,5	6,0	5,5
66,78	49,99	4,5	6,0	5,5
66,81	49,99	4,5	6,0	5,5
66,83	49,99	4,5	6,0	5,5
66,86	49,99	4,5	6,0	5,5
66,88	49,99	4,5	6,0	5,5
66,91	49,99	4,5	6,0	5,5
66,93	49,99	4,5	6,0	5,5
66,95	49,99	4,5	6,0	5,5
66,98	49,99	4,5	6,0	5,5
67,00	49,99	4,5	6,0	5,5
67,03	49,99	4,5	6,0	5,5
67,05	49,99	4,5	6,0	5,5
67,08	49,99	4,5	6,0	5,5
67,10	49,99	4,5	6,0	5,5
67,13	49,99	4,5	6,0	5,5
67,15	49,99	4,5	6,0	5,5
67,17	49,99	4,5	6,0	5,5
67,20	49,99	4,5	6,0	5,5
67,22	49,99	4,5	6,0	5,5
67,25	49,99	4,5	6,0	5,5
67,27	49,99	4,5	6,0	5,5
67,30	49,99	4,5	6,0	5,5
67,32	49,99	4,5	6,0	5,5
67,35	49,99	4,5	6,0	5,5
67,37	49,99	4,5	6,0	5,5
67,39	49,99	4,5	6,0	5,5
67,42	49,99	4,5	6,0	5,5
67,44	49,99	4,5	6,0	5,5
67,47	49,99	4,5	6,0	5,5
67,49	49,99	4,5	6,0	5,5
67,52	49,99	4,5	6,0	5,5
67,54	49,99	4,5	6,0	5,5
67,57	49,99	4,5	6,0	5,5
67,59	49,99	4,5	6,0	5,5
67,61	49,99	4,5	6,0	5,5
67,64	49,99	4,5	6,0	5,5
67,66	49,99	4,5	6,0	5,5
67,69	49,99	4,5	6,0	5,5
67,71	49,99	4,5	6,0	5,5
67,74	49,99	4,5	6,0	5,5
67,76	49,99	4,5	6,0	5,5
67,78	49,99	4,5	6,0	5,5
67,81	49,99	4,5	6,0	5,5
67,83	49,99	4,5	6,0	5,5
67,86	49,99	4,5	6,0	5,5
67,88	49,99	4,5	6,0	5,5
67,91	49,99	4,5	6,0	5,5
67,93	49,99	4,5	6,0	5,5
67,96	49,99	4,5	6,0	5,5
67,98	49,99	4,5	6,0	5,5
68,00	49,99	4,5	6,0	5,5
68,03	49,99	4,5	6,0	5,5
68,05	49,99	4,5	6,0	5,5
68,08	49,99	4,5	6,0	5,5
68,10	49,99	4,5	6,0	5,5
68,13	49,99	4,5	6,0	5,5
68,15	49,99	4,5	6,0	5,5
68,18	49,99	4,5	6,0	5,5
68,20	49,99	4,5	6,0	5,5
68,22	49,99	4,5	6,0	5,5
68,25	49,99	4,5	6,0	5,5
68,27	49,99	4,5	6,0	5,5
68,30	49,99	4,5	6,0	5,5
68,32	49,99	4,5	6,0	5,5
68,35	49,99	4,5	6,0	5,5
68,37	49,99	4,5	6,0	5,5
68,40	49,99	4,5	6,0	5,5
68,42	49,99	4,5	6,0	5,5
68,44	49,99	4,5	6,0	5,5
68,47	49,99	4,5	6,0	5,5
68,49	49,99	4,5	6,0	5,5
68,52	49,99	4,5	6,0	5,5
68,54	49,99	4,5	6,0	5,5
68,57	49,99	4,5	6,0	5,5
68,59	49,99	4,5	6,0	5,5
68,62	49,99	4,5	6,0	5,5
68,64	49,99	4,5	6,0	5,5
68,66	49,99	4,5	6,0	5,5
68,69	49,99	4,5	6,0	5,5
68,71	49,99	4,5	6,0	5,5
68,74	49,99	4,5	6,0	5,5
68,76	49,99	4,5	6,0	5,5
68,79	49,99	4,5	6,0	5,5
68,81	49,99	4,5	6,0	5,5
68,83	49,99	4,5	6,0	5,5
68,86	49,99	4,5	6,0	5,5
68,88	49,99	4,5	6,0	5,5
68,91	49,99	4,5	6,0	5,5
68,93	49,99	4,5	6,0	5,5
68,96	49,99	4,5	6,0	5,5
68,98	49,99	4,5	6,0	5,5
69,01	49,99	4,5	6,0	5,5
69,03	49,99	4,5	6,0	5,5
69,05	49,99	4,5	6,0	5,5
69,08	49,99	4,5	6,0	5,5
69,10	49,99	4,5	6,0	5,5
69,13	49,99	4,5	6,0	5,5
69,15	49,99	4,5	6,0	5,5
69,18	49,99	4,5	6,0	5,5
69,20	49,99	4,5	6,0	5,5
69,23	49,99	4,5	6,0	5,5
69,25	49,99	4,5	6,0	5,5
69,27	49,99	4,5	6,0	5,5
69,30	49,99	4,5	6,0	5,5
69,32	49,99	4,5	6,0	5,5
69,35	49,99	4,5	6,0	5,5
69,37	49,99	4,5	6,0	5,5
69,40	49,99	4,5	6,0	5,5
69,42	49,99	4,5	6,0	5,5
69,45	49,99	4,5	6,0	5,5
69,47	49,99	4,5	6,0	5,5
69,49	49,99	4,5	6,0	5,5
69,52	49,99	4,5	6,0	5,5
69,54	49,99	4,5	6,0	5,5
69,57	49,99	4,5	6,0	5,5
69,59	49,99	4,5	6,0	5,5
69,62	49,99	4,5	6,0	5,5
69,64	49,99	4,5	6,0	5,5
69,67	49,99	4,5	6,0	5,5
69,69	49,99	4,5	6,0	5,5
69,71	49,99	4,5	6,0	5,5
69,74	49,99	4,5	6,0	5,5
69,76	49,99	4,5	6,0	5,5
69,79	49,99	4,5	6,0	5,5
69,81	49,99	4,5	6,0	5,5
69,84	49,99	4,5	6,0	5,5
69,86	49,99	4,5	6,0	5,5
69,89	49,99	4,5	6,0	5,5
69,91	49,99	4,5	6,0	5,5
69,93	49,99	4,5	6,0	5,5
69,96	49,99	4,5	6,0	5,5
69,98	49,99	4,5	6,0	5,5
70,01	49,99	4,5	6,0	5,5
70,03	49,99	4,5	6,0	5,5
70,06	49,99	4,5	6,0	5,5
70,08	49,99	4,5	6,0	5,5
70,10	49,99	4,5	6,0	5,5
70,13	49,99	4,5	6,0	5,5
70,15	49,99	4,5	6,0	5,5
70,18	49,99	4,5	6,0	5,5
70,20	49,99	4,5	6,0	5,5
70,23	49,99	4,5	6,0	5,5
70,25	49,99	4,5	6,0	5,5
70,28	49,99	4,5	6,0	5,5
70,30	49,99	4,5	6,0	5,5
70,32	49,99	4,5	6,0	5,5
70,35	49,99	4,5	6,0	5,5
70,37	49,99	4,5	6,0	5,5
70,40	49,99	4,5	6,0	5,5
70,42	49,99	4,5	6,0	5,5
70,45	49,99	4,5	6,0	5,5
70,47	49,99	4,5	6,0	5,5
70,50	49,99	4,5	6,0	5,5
70,52	49,99	4,5	6,0	5,5
70,54	49,99	4,5	6,0	5,5
70,57	49,99	4,5	6,0	5,5
70,59	49,99	4,5	6,0	5,5
70,62	49,99	4,5	6,0	5,5
70,64	49,99	4,5	6,0	5,5
70,67	49,99	4,5	6,0	5,5
70,69	49,99	4,5	6,0	5,5
70,72	49,99	4,5	6,0	5,5
70,74	49,99	4,5	6,0	5,5
70,76	49,99	4,5	6,0	5,5
70,79	49,99	4,5	6,0	5,5
70,81	49,99	4,5	6,0	5,5
70,84	49,99	4,5	6,0	5,5
70,86	49,99	4,5	6,0	5,5
70,89	49,99	4,5	6,0	5,5
70,91	49,99	4,5	6,0	5,5
70,94	49,99	4,5	6,0	5,5
70,96	49,99	4,5	6,0	5,5
70,98	49,99	4,5	6,0	5,5
71,01	49,99	4,5	6,0	5,5
71,03	49,99	4,5	6,0	5,5
71,06	49,99	4,5	6,0	5,5
71,08	49,99	4,5	6,0	5,5
71,11	49,99	4,5	6,0	5,5
71,13	49,99	4,5	6,0	5,5
71,15	49,99	4,5	6,0	5,5
71,18	49,99	4,5	6,0	5,5
71,20	49,99	4,5	6,0	5,5
71,23	49,99	4,5	6,0	5,5
71,25	49,99	4,5	6,0	5,5
71,28	49,99	4,5	6,0	5,5
71,30	49,99	4,5	6,0	5,5
71,33	49,99	4,5	6,0	5,5
71,35	49,99	4,5	6,0	5,5
71,37	49,99	4,5	6,0	5,5
71,40	49,99	4,5	6,0	5,5
71,42	49,99	4,5	6,0	5,5
71,45	49,99	4,5	6,0	5,5
71,47	49,99	4,5	6,0	5,5
71,50	49,99	4,5	6,0	5,5
71,52	49,99	4,5	6,0	5,5
71,55	49,99	4,5	6,0	5,5
71,57	49,99	4,5	6,0	5,5
71,59	49,99	4,5	6,0	5,5
71,62	49,99	4,5	6,0	5,5
71,64	49,99	4,5	6,0	5,5
71,67	49,99	4,5	6,0	5,5
71,69	49,99	4,5	6,0	5,5
71,72	49,99	4,5	6,0	5,5
71,74	49,99	4,5	6,0	5,5
71,77	49,99	4,5	6,0	5,5
71,79	49,99	4,5	6,0	5,5
71,81	49,99	4,5	6,0	5,5
71,84	49,99	4,5	6,0	5,5
71,86	49,99	4,5	6,0	5,5
71,89	49,99	4,5	6,0	5,5
71,91	49,99	4,5	6,0	5,5
71,94	49,99	4,5	6,0	5,5
71,96	49,99	4,5	6,0	5,5
71,99	49,99	4,5	6,0	5,5
72,01	49,99	4,5	6,0	5,5
72,03	49,99	4,5	6,0	5,5
72,06	49,99	4,5	6,0	5,5
72,08	49,99	4,5	6,0	5,5
72,11	49,99	4,5	6,0	5,5
72,13	49,99	4,5	6,0	5,5
72,16	49,99	4,5	6,0	5,5
72,18	49,99	4,5	6,0	5,5
72,20	49,99	4,5	6,0	5,5
72,23	49,99	4,5	6,0	5,5
72,25	49,99	4,5	6,0	5,5
72,28	49,99	4,5	6,0	5,5
72,30	49,99	4,5	6,0	5,5
72,33	49,99	4,5	6,0	5,5
72,35	49,99	4,5	6,0	5,5
72,38	49,99	4,5	6,0	5,5
72,40	49,99	4,5	6,0	5,5
72,42	49,99	4,5	6,0	5,5
72,45	49,99	4,5	6,0	5,5
72,47	49,99	4,5	6,0	5,5
72,50	49,99	4,5	6,0	5,5
72,52	49,99	4,5	6,0	5,5
72,55	49,99	4,5	6,0	5,5
72,57	49,99	4,5	6,0	5,5
72,60	49,99	4,5	6,0	5,5
72,62	49,99	4,5	6,0	5,5
72,64	49,99	4,5	6,0	5,5
72,67	49,99	4,5	6,0	5,5
72,69	49,99	4,5	6,0	5,5
72,72	49,99	4,5	6,0	5,5
72,74	49,99	4,5	6,0	5,5
72,77	49,99	4,5	6,0	5,5
72,79	49,99	4,5	6,0	5,5
72,82	49,99	4,5	6,0	5,5
72,84	49,99	4,5	6,0	5,5
72,86	49,99	4,5	6,0	5,5
72,89	49,99	4,5	6,0	5,5
72,91	49,99	4,5	6,0	5,5
72,94	49,99	4,5	6,0	5,5
72,96	49,99	4,5	6,0	5,5
72,99	49,99	4,5	6,0	5,5
73,01	49,99	4,5	6,0	5,5
73,04	49,99	4,5	6,0	5,5
73,06	49,99	4,5	6,0	5,5
73,08	49,99	4,5	6,0	5,5
73,11	49,99	4,5	6,0	5,5
73,13	49,99	4,5	6,0	5,5
73,16	49,99	4,5	6,0	5,5
73,18	49,99	4,5	6,0	5,5
73,21	49,99	4,5	6,0	5,5
73,23	49,99	4,5	6,0	5,5
73,25	49,99	4,5	6,0	5,5
73,28	49,99	4,5	6,0	5,5
73,30	49,99	4,5	6,0	5,5
73,33	49,99	4,5	6,0	5,5
73,35	49,99	4,5	6,0	5,5
73,38	49,99	4,5	6,0	5,5
73,40	49,99	4,5	6,0	5,5
73,43	49,99	4,5	6,0	5,5
73,45	49,99	4,5	6,0	5,5
73,47	49,99	4,5	6,0	5,5
73,50	49,99	4,5	6,0	5,5
73,52	49,99	4,5	6,0	5,5
73,55	49,99	4,5	6,0	5,5
73,57	49,99	4,5	6,0	5,5
73,60	49,99	4,5	6,0	5,5
73,62	49,99	4,5	6,0	5,5
73,65	49,99	4,5	6,0	5,5
73,67	49,99	4,5	6,0	5,5
73,69	49,99	4,5	6,0	5,5
73,72	49,99	4,5	6,0	5,5
73,74	49,99	4,5	6,0	5,5
73,77	49,99	4,5	6,0	5,5
73,79	49,99	4,5	6,0	5,5
73,82	49,99	4,5	6,0	5,5
73,84	49,99	4,5	6,0	5,5
73,87	49,99	4,5	6,0	5,5
73,89	49,99	4,5	6,0	5,5
73,91	49,99	4,5	6,0	5,5
73,94	49,99	4,5	6,0	5,5
73,96	49,99	4,5	6,0	5,5
73,99	49,99	4,5	6,0	5,5
74,01	49,99	4,5	6,0	5,5
74,04	49,99	4,5	6,0	5,5
74,06	49,99	4,5	6,0	5,5
74,09	49,99	4,5	6,0	5,5
74,11	49,99	4,5	6,0	5,5
74,13	49,99	4,5	6,0	5,5
74,16	49,99	4,5	6,0	5,5
74,18	49,99	4,5	6,0	5,5
74,21	49,99	4,5	6,0	5,5
74,23	49,99	4,5	6,0	5,5
74,26	49,99	4,5	6,0	5,5
74,28	49,99	4,5	6,0	5,5
74,31	49,99	4,5	6,0	5,5
74,33	49,99	4,5	6,0	5,5
74,35	49,99	4,5	6,0	5,5
74,38	49,99	4,5	6,0	5,5
74,40	49,99	4,5	6,0	5,5
74,43	49,99	4,5	6,0	5,5
74,45	49,99	4,5	6,0	5,5
74,48	49,99	4,5	6,0	5,5
74,50	49,99	4,5	6,0	5,5
74,52	49,99	4,5	6,0	5,5
74,55	49,99	4,5	6,0	5,5
74,57	49,99	4,5	6,0	5,5
74,60	49,99	4,5	6,0	5,5
74,62	49,99	4,5	6,0	5,5
74,65	49,99	4,5	6,0	5,5
74,67	49,99	4,5	6,0	5,5
74,70	49,99	4,5	6,0	5,5
74,72	49,99	4,5	6,0	5,5
74,74	49,99	4,5	6,0	5,5
74,77	49,99	4,5	6,0	5,5
74,79	49,99	4,5	6,0	5,5
74,82	49,99	4,5	6,0	5,5
74,84	49,99	4,5	6,0	5,5
74,87	49,99	4,5	6,0	5,5
74,89	49,99	4,5	6,0	5,5
74,92	49,99	4,5	6,0	5,5
74,94	49,99	4,5	6,0	5,5
74,96	49,99	4,5	6,0	5,5
74,99	49,99	4,5	6,0	5,5
75,01	49,99	4,5	6,0	5,5
75,04	49,99	4,5	6,0	5,5
75,06	49,99	4,5	6,0	5,5
75,09	49,99	4,5	6,0	5,5
75,11	49,99	4,5	6,0	5,5
75,14	49,99	4,5	6,0	5,5
75,16	49,99	4,5	6,0	5,5
75,18	49,99	4,5	6,0	5,5
75,21	49,99	4,5	6,0	5,5
75,23	49,99	4,5	6,0	5,5
75,26	49,99	4,5	6,0	5,5
75,28	49,99	4,5	6,0	5,5
75,31	49,99	4,5	6,0	5,5
75,33	49,99	4,5	6,0	5,5
75,36	49,99	4,5	6,0	5,5
75,38	49,99	4,5	6,0	5,5
75,40	49,99	4,5	6,0	5,5
75,43	49,99	4,5	6,0	5,5
75,45	49,99	4,5	6,0	5,5
75,48	49,99	4,5	6,0	5,5
75,50	49,99	4,5	6,0	5,5
75,53	49,99	4,5	6,0	5,5
75,55	49,99	4,5	6,0	5,5
75,57	49,99	4,5	6,0	5,5
75,60	49,99	4,5	6,0	5,5
75,62	49,99	4,5	6,0	5,5
75,65	49,99	4,5	6,0	5,5
75,67	49,99	4,5	6,0	5,5
75,70	49,99	4,5	6,0	5,5
75,72	49,99	4,5	6,0	5,5
75,75	49,99	4,5	6,0	5,5
75,77	49,99	4,5	6,0	5,5
75,79	49,99	4,5	6,0	5,5
75,82	49,99	4,5	6,0	5,5
75,84	49,99	4,5	6,0	5,5
75,87	49,99	4,5	6,0	5,5
75,89	49,99	4,5	6,0	5,5
75,92	49,99	4,5	6,0	5,5
75,94	49,99	4,5	6,0	5,5
75,97	49,99	4,5	6,0	5,5
75,99	49,99	4,5	6,0	5,5
76,01	49,99	4,5	6,0	5,5
76,04	49,99	4,5	6,0	5,5
76,06	49,99	4,5	6,0	5,5
76,09	49,99	4,5	6,0	5,5
76,11	49,99	4,5	6,0	5,5
76,14	49,99	4,5	6,0	5,5
76,16	49,99	4,5	6,0	5,5
76,19	49,99	4,5	6,0	5,5
76,21	49,99	4,5	6,0	5,5
76,23	49,99	4,5	6,0	5,5
76,26	49,99	4,5	6,0	5,5
76,28	49,99	4,5	6,0	5,5
76,31	49,99	4,5	6,0	5,5
76,33	49,99	4,5	6,0	5,5
76,36	49,99	4,5	6,0	5,5
76,38	49,99	4,5	6,0	5,5
76,41	49,99	4,5	6,0	5,5
76,43	49,99	4,5	6,0	5,5
76,45	49,99	4,5	6,0	5,5
76,48	49,99	4,5	6,0	5,5
76,50	49,99	4,5	6,0	5,5
76,53	49,99	4,5	6,0	5,5
76,55	49,99	4,5	6,0	5,5
76,58	49,99	4,5	6,0	5,5
76,60	49,99	4,5	6,0	5,5
76,62	49,99	4,5	6,0	5,5
76,65	49,99	4,5	6,0	5,5
76,67	49,99	4,5	6,0	5,5
76,70	49,99	4,5	6,0	5,5
76,72	49,99	4,5	6,0	5,5
76,75	49,99	4,5	6,0	5,5
76,77	49,99	4,5	6,0	5,5
76,80	49,99	4,5	6,0	5,5
76,82	49,99	4,5	6,0	5,5
76,84	49,99	4,5	6,0	5,5
76,87	49,99	4,5	6,0	5,5
76,89	49,99	4,5	6,0	5,5
76,92	49,99	4,5	6,0	5,5
76,94	49,99	4,5	6,0	5,5
76,97	49,99	4,5	6,0	5,5
76,99	49,99	4,5	6,0	5,5
77,02	49,99	4,5	6,0	5,5
77,04	49,99	4,5	6,0	5,5
77,06	49,99	4,5	6,0	5,5
77,09	49,99	4,5	6,0	5,5
77,11	49,99	4,5	6,0	5,5
77,14	49,99	4,5	6,0	5,5
77,16	49,99	4,5	6,0	5,5
77,19	49,99	4,5	6,0	5,5
77,21	49,99	4,5	6,0	5,5
77,24	49,99	4,5	6,0	5,5
77,26	49,99	4,5	6,0	5,5
77,28	49,99	4,5	6,0	5,5
77,31	49,99	4,5	6,0	5,5
77,33	49,99	4,5	6,0	5,5
77,36	49,99	4,5	6,0	5,5
77,38	49,99	4,5	6,0	5,5
77,41	49,99	4,5	6,0	5,5
77,43	49,99	4,5	6,0	5,5
77,46	49,99	4,5	6,0	5,5
77,48	49,99	4,5	6,0	5,5
77,50	49,99	4,5	6,0	5,5
77,53	49,99	4,5	6,0	5,5
77,55	49,99	4,5	6,0	5,5
77,58	49,99	4,5	6,0	5,5
77,60	49,99	4,5	6,0	5,5
77,63	49,99	4,5	6,0	5,5
77,65	49,99	4,5	6,0	5,5
77,68	49,99	4,5	6,0	5,5
77,70	49,99	4,5	6,0	5,5
77,72	49,99	4,5	6,0	5,5
77,75	49,99	4,5	6,0	5,5
77,77	49,99	4,5	6,0	5,5
77,80	49,99	4,5	6,0	5,5
77,82	49,99	4,5	6,0	5,5
77,85	49,99	4,5	6,0	5,5
77,87	49,99	4,5	6,0	5,5
77,89	49,99	4,5	6,0	5,5
77,92	49,99	4,5	6,0	5,5
77,94	49,99	4,5	6,0	5,5
77,97	49,99	4,5	6,0	5,5
77,99	49,99	4,5	6,0	5,5
78,02	49,99	4,5	6,0	5,5
78,04	49,99	4,5	6,0	5,5
78,07	49,99	4,5	6,0	5,5
78,09	49,99	4,5	6,0	5,5
78,11	49,99	4,5	6,0	5,5
78,14	49,99	4,5	6,0	5,5
78,16	49,99	4,5	6,0	5,5
78,19	49,99	4,5	6,0	5,5
78,21	49,99	4,5	6,0	5,5
78,24	49,99	4,5	6,0	5,5
78,26	49,99	4,5	6,0	5,5
78,29	49,99	4,5	6,0	5,5
78,31	49,99	4,5	6,0	5,5
78,33	49,99	4,5	6,0	5,5
78,36	49,99	4,5	6,0	5,5
78,38	49,99	4,5	6,0	5,5
78,41	49,99	4,5	6,0	5,5
78,43	49,99	4,5	6,0	5,5
78,46	49,99	4,5	6,0	5,5
78,48	49,99	4,5	6,0	5,5
78,51	49,99	4,5	6,0	5,5
78,53	49,99	4,5	6,0	5,5
78,55	49,99	4,5	6,0	5,5
78,58	49,99	4,5	6,0	5,5
78,60	49,99	4,5	6,0	5,5
78,63	49,99	4,5	6,0	5,5
78,65	49,99	4,5	6,0	5,5
78,68	49,99	4,5	6,0	5,5
78,70	49,99	4,5	6,0	5,5
78,73	49,99	4,5	6,0	5,5
78,75	49,99	4,5	6,0	5,5
78,77	49,99	4,5	6,0	5,5
78,80	49,99	4,5	6,0	5,5
78,82	49,99	4,5	6,0	5,5
78,85	49,99	4,5	6,0	5,5
78,87	49,99	4,5	6,0	5,5
78,90	49,99	4,5	6,0	5,5
78,92	49,99	4,5	6,0	5,5
78,94	49,99	4,5	6,0	5,5
78,97	49,99	4,5	6,0	5,5
78,99	49,99	4,5	6,0	5,5
79,02	49,99	4,5	6,0	5,5
79,04	49,99	4,5	6,0	5,5
79,07	49,99	4,5	6,0	5,5
79,09	49,99	4,5	6,0	5,5
79,12	49,99	4,5	6,0	5,5
79,14	49,99	4,5	6,0	5,5
79,16	49,99	4,5	6,0	5,5
79,19	49,99	4,5	6,0	5,5
79,21	49,99	4,5	6,0	5,5
79,24	49,99	4,5	6,0	5,5
79,26	49,99	4,5	6,0	5,5
79,29	49,99	4,5	6,0	5,5
79,31	49,99	4,5	6,0	5,5
79,34	49,99	4,5	6,0	5,5
79,36	49,99	4,5	6,0	5,5
79,38	49,99	4,5	6,0	5,5
79,41	49,99	4,5	6,0	5,5
79,43	49,99	4,5	6,0	5,5
79,46	49,99	4,5	6,0	5,5
79,48	49,99	4,5	6,0	5,5
79,51	49,99	4,5	6,0	5,5
79,53	49,99	4,5	6,0	5,5
79,56	49,99	4,5	6,0	5,5
79,58	49,99	4,5	6,0	5,5
79,60	49,99	4,5	6,0	5,5
79,63	49,99	4,5	6,0	5,5
79,65	49,99	4,5	6,0	5,5
79,68	49,99	4,5	6,0	5,5
79,70	49,99	4,5	6,0	5,5
79,73	49,99	4,5	6,0	5,5
79,75	49,99	4,5	6,0	5,5
79,78	49,99	4,5	6,0	5,5
79,80	49,99	4,5	6,0	5,5
79,82	49,99	4,5	6,0	5,5
79,85	49,99	4,5	6,0	5,5
79,87	49,99	4,5	6,0	5,5
79,90	49,99	4,5	6,0	5,5
79,92	49,99	4,5	6,0	5,5
79,95	49,99	4,5	6,0	5,5
79,97	49,99	4,5	6,0	5,5
79,99	49,99	4,5	6,0	5,5
80,02	49,99	4,5	6,0	5,5
80,04	49,99	4,5	6,0	5,5
80,07	49,99	4,5	6,0	5,5
80,09	49,99	4,5	6,0	5,5
80,12	49,99	4,5	6,0	5,5
80,14	49,99	4,5	6,0	5,5
80,17	49,99	4,5	6,0	5,5
80,19	49,99	4,5	6,0	5,5
80,21	49,99	4,5	6,0	5,5
80,24	49,99	4,5	6,0	5,5
80,26	49,99	4,5	6,0	5,5
80,29	49,99	4,5	6,0	5,5
80,31	49,99	4,5	6,0	5,5
80,34	49,99	4,5	6,0	5,5
80,36	49,99	4,5	6,0	5,5
80,39	49,99	4,5	6,0	5,5
80,41	49,99	4,5	6,0	5,5
80,43	49,99	4,5	6,0	5,5
80,46	49,99	4,5	6,0	5,5
80,48	49,99	4,5	6,0	5,5
80,51	49,99	4,5	6,0	5,5
80,53	49,99	4,5	6,0	5,5
80,56	49,99	4,5	6,0	5,5
80,58	49,99	4,5	6,0	5,5
80,61	49,99	4,5	6,0	5,5
80,63	49,99	4,5	6,0	5,5
80,65	49,99	4,5	6,0	5,5
80,68	49,99	4,5	6,0	5,5
80,70	49,99	4,5	6,0	5,5
80,73	49,99	4,5	6,0	5,5
80,75	49,99	4,5	6,0	5,5
80,78	49,99	4,5	6,0	5,5
80,80	49,99	4,5	6,0	5,5
80,83	49,99	4,5	6,0	5,5
80,85	49,99	4,5	6,0	5,5
80,87	49,99	4,5	6,0	5,5
80,90	49,99	4,5	6,0	5,5
80,92	49,99	4,5	6,0	5,5
80,95	49,99	4,5	6,0	5,5
80,97	49,99	4,5	6,0	5,5
81,00	49,99	4,5	6,0	5,5
81,02	49,99	4,5	6,0	5,5
81,04	49,99	4,5	6,0	5,5
81,07	49,99	4,5	6,0	5,5
81,09	49,99	4,5	6,0	5,5
81,12	49,99	4,5	6,0	5,5
81,14	49,99	4,5	6,0	5,5
81,17	49,99	4,5	6,0	5,5
81,19	49,99	4,5	6,0	5,5
81,22	49,99	4,5	6,0	5,5
81,24	49,99	4,5	6,0	5,5
81,26	49,99	4,5	6,0	5,5
81,29	49,99	4,5	6,0	5,5
81,31	49,99	4,5	6,0	5,5
81,34	49,99	4,5	6,0	5,5
81,36	49,99	4,5	6,0	5,5
81,39	49,99	4,5	6,0	5,5
81,41	49,99	4,5	6,0	5,5
81,44	49,99	4,5	6,0	5,5
81,46	49,99	4,5	6,0	5,5
81,48	49,99	4,5	6,0	5,5
81,51	49,99	4,5	6,0	5,5
81,53	49,99	4,5	6,0	5,5
81,56	49,99	4,5	6,0	5,5
81,58	49,99	4,5	6,0	5,5
81,61	49,99	4,5	6,0	5,5
81,63	49,99	4,5	6,0	5,5
81,66	49,99	4,5	6,0	5,5
81,68	49,99	4,5	6,0	5,5
81,70	49,99	4,5	6,0	5,5
81,73	49,99	4,5	6,0	5,5
81,75	49,99	4,5	6,0	5,5
81,78	49,99	4,5	6,0	5,5
81,80	49,99	4,5	6,0	5,5
81,83	49,99	4,5	6,0	5,5
81,85	49,99	4,5	6,0	5,5
81,88	49,99	4,5	6,0	5,5
81,90	49,99	4,5	6,0	5,5
81,92	49,99	4,5	6,0	5,5
81,95	49,99	4,5	6,0	5,5
81,97	49,99	4,5	6,0	5,5
82,00	49,99	4,5	6,0	5,5
82,02	49,99	4,5	6,0	5,5
82,05	49,99	4,5	6,0	5,5
82,07	49,99	4,5	6,0	5,5
82,10	49,99	4,5	6,0	5,5
82,12	49,99	4,5	6,0	5,5
82,14	49,99	4,5	6,0	5,5
82,17	49,99	4,5	6,0	5,5
82,19	49,99	4,5	6,0	5,5
82,22	49,99	4,5	6,0	5,5
82,24	49,99	4,5	6,0	5,5
82,27	49,99	4,5	6,0	5,5
82,29	49,99	4,5	6,0	5,5
82,31	49,99	4,5	6,0	5,5
82,34	49,99	4,5	6,0	5,5
82,36	49,99	4,5	6,0	5,5
82,39	49,99	4,5	6,0	5,5
82,41	49,99	4,5	6,0	5,5
82,44	49,99	4,5	6,0	5,5
82,46	49,99	4,5	6,0	5,5
82,49	49,99	4,5	6,0	5,5
82,51	49,99	4,5	6,0	5,5
82,53	49,99	4,5	6,0	5,5
82,56	49,99	4,5	6,0	5,5
82,58	49,99	4,5	6,0	5,5
82,61	49,99	4,5	6,0	5,5
82,63	49,99	4,5	6,0	5,5
82,66	49,99	4,5	6,0	5,5
82,68	49,99	4,5	6,0	5,5
82,71	49,99	4,5	6,0	5,5
82,73	49,99	4,5	6,0	5,5
82,75	49,99	4,5	6,0	5,5
82,78	49,99	4,5	6,0	5,5
82,80	49,99	4,5	6,0	5,5
82,83	49,99	4,5	6,0	5,5
82,85	49,99	4,5	6,0	5,5
82,88	49,99	4,5	6,0	5,5
82,90	49,99	4,5	6,0	5,5
82,93	49,99	4,5	6,0	5,5
82,95	49,99	4,5	6,0	5,5
82,97	49,99	4,5	6,0	5,5
83,00	49,99	4,5	6,0	5,5
83,02	49,99	4,5	6,0	5,5
83,05	49,99	4,5	6,0	5,5
83,07	49,99	4,5	6,0	5,5
83,10	49,99	4,5	6,0	5,5
83,12	49,99	4,5	6,0	5,5
83,15	49,99	4,5	6,0	5,5
83,17	49,99	4,5	6,0	5,5
83,19	49,99	4,5	6,0	5,5
83,22	49,99	4,5	6,0	5,5
83,24	49,99	4,5	6,0	5,5
83,27	49,99	4,5	6,0	5,5
83,29	49,99	4,5	6,0	5,5
83,32	49,99	4,5	6,0	5,5
83,34	49,99	4,5	6,0	5,5
83,36	49,99	4,5	6,0	5,5
83,39	49,99	4,5	6,0	5,5
83,41	49,99	4,5	6,0	5,5
83,44	49,99	4,5	6,0	5,5
83,46	49,99	4,5	6,0	5,5
83,49	49,99	4,5	6,0	5,5
83,51	49,99	4,5	6,0	5,5
83,54	49,99	4,5	6,0	5,5
83,56	49,99	4,5	6,0	5,5
83,58	49,99	4,5	6,0	5,5
83,61	49,99	4,5	6,0	5,5
83,63	49,99	4,5	6,0	5,5
83,66	49,99	4,5	6,0	5,5
83,68	49,99	4,5	6,0	5,5
83,71	49,99	4,5	6,0	5,5
83,73	49,99	4,5	6,0	5,5
83,76	49,99	4,5	6,0	5,5
83,78	49,99	4,5	6,0	5,5
83,80	49,99	4,5	6,0	5,5
83,83	49,99	4,5	6,0	5,5
83,85	49,99	4,5	6,0	5,5
83,88	49,99	4,5	6,0	5,5
83,90	49,99	4,5	6,0	5,5
83,93	49,99	4,5	6,0	5,5
83,95	49,99	4,5	6,0	5,5
83,98	49,99	4,5	6,0	5,5
84,00	49,99	4,5	6,0	5,5
84,02	49,99	4,5	6,0	5,5
84,05	49,99	4,5	6,0	5,5
84,07	49,99	4,5	6,0	5,5
84,10	49,99	4,5	6,0	5,5
84,12	49,99	4,5	6,0	5,5
84,15	49,99	4,5	6,0	5,5
84,17	49,99	4,5	6,0	5,5
84,20	49,99	4,5	6,0	5,5
84,22	49,99	4,5	6,0	5,5
84,24	49,99	4,5	6,0	5,5
84,27	49,99	4,5	6,0	5,5
84,29	49,99	4,5	6,0	5,5
84,32	49,99	4,5	6,0	5,5
84,34	49,99	4,5	6,0	5,5
84,37	49,99	4,5	6,0	5,5
84,39	49,99	4,5	6,0	5,5
84,41	49,99	4,5	6,0	5,5
84,44	49,99	4,5	6,0	5,5
84,46	49,99	4,5	6,0	5,5
84,49	49,99	4,5	6,0	5,5
84,51	49,99	4,5	6,0	5,5
84,54	49,99	4,5	6,0	5,5
84,56	49,99	4,5	6,0	5,5
84,59	49,99	4,5	6,0	5,5
84,61	49,99	4,5	6,0	5,5
84,63	49,99	4,5	6,0	5,5
84,66	49,99	4,5	6,0	5,5
84,68	49,99	4,5	6,0	5,5
84,71	49,99	4,5	6,0	5,5
84,73	49,99	4,5	6,0	5,5
84,76	49,99	4,5	6,0	5,5
84,78	49,99	4,5	6,0	5,5
84,81	49,99	4,5	6,0	5,5
84,83	49,99	4,5	6,0	5,5
84,85	49,99	4,5	6,0	5,5
84,88	49,99	4,5	6,0	5,5
84,90	49,99	4,5	6,0	5,5
84,93	49,99	4,5	6,0	5,5
84,95	49,99	4,5	6,0	5,5
84,98	49,99	4,5	6,0	5,5
85,00	49,99	4,5	6,0	5,5
85,03	49,99	4,5	6,0	5,5
85,05	49,99	4,5	6,0	5,5
85,07	49,99	4,5	6,0	5,5
85,10	49,99	4,5	6,0	5,5
85,12	49,99	4,5	6,0	5,5
85,15	49,99	4,5	6,0	5,5
85,17	49,99	4,5	6,0	5,5
85,20	49,99	4,5	6,0	5,5
85,22	49,99	4,5	6,0	5,5
85,25	49,99	4,5	6,0	5,5
85,27	49,99	4,5	6,0	5,5
85,29	49,99	4,5	6,0	5,5
85,32	49,99	4,5	6,0	5,5
85,34	49,99	4,5	6,0	5,5
85,37	49,99	4,5	6,0	5,5
85,39	49,99	4,5	6,0	5,5
85,42	49,99	4,5	6,0	5,5
85,44	49,99	4,5	6,0	5,5
85,47	49,99	4,5	6,0	5,5
85,49	49,99	4,5	6,0	5,5
85,51	49,99	4,5	6,0	5,5
85,54	49,99	4,5	6,0	5,5
85,56	49,99	4,5	6,0	5,5
85,59	49,99	4,5	6,0	5,5
85,61	49,99	4,5	6,0	5,5
85,64	49,99	4,5	6,0	5,5
85,66	49,99	4,5	6,0	5,5
85,68	49,99	4,5	6,0	5,5
85,71	49,99	4,5	6,0	5,5
85,73	49,99	4,5	6,0	5,5
85,76	49,99	4,5	6,0	5,5
85,78	49,99	4,5	6,0	5,5
85,81	49,99	4,5	6,0	5,5
85,83	49,99	4,5	6,0	5,5
85,86	49,99	4,5	6,0	5,5
85,88	49,99	4,5	6,0	5,5
85,90	49,99	4,5	6,0	5,5
85,93	49,99	4,5	6,0	5,5
85,95	49,99	4,5	6,0	5,5
85,98	49,99	4,5	6,0	5,5
86,00	49,99	4,5	6,0	5,5
86,03	49,99	4,5	6,0	5,5
86,05	49,99	4,5	6,0	5,5
86,08	49,99	4,5	6,0	5,5
86,10	49,99	4,5	6,0	5,5
86,12	49,99	4,5	6,0	5,5
86,15	49,99	4,5	6,0	5,5
86,17	49,99	4,5	6,0	5,5
86,20	49,99	4,5	6,0	5,5
86,22	49,99	4,5	6,0	5,5
86,25	49,99	4,5	6,0	5,5
86,27	49,99	4,5	6,0	5,5
86,30	49,99	4,5	6,0	5,5
86,32	49,99	4,5	6,0	5,5
86,34	49,99	4,5	6,0	5,5
86,37	49,99	4,5	6,0	5,5
86,39	49,99	4,5	6,0	5,5
86,42	49,99	4,5	6,0	5,5
86,44	49,99	4,5	6,0	5,5
86,47	49,99	4,5	6,0	5,5
86,49	49,99	4,5	6,0	5,5
86,52	49,99	4,5	6,0	5,5
86,54	49,99	4,5	6,0	5,5
86,56	49,99	4,5	6,0	5,5
86,59	49,99	4,5	6,0	5,5
86,61	49,99	4,5	6,0	5,5
86,64	49,99	4,5	6,0	5,5
86,66	49,99	4,5	6,0	5,5
86,69	49,99	4,5	6,0	5,5
86,71	49,99	4,5	6,0	5,5
86,73	49,99	4,5	6,0	5,5
86,76	49,99	4,5	6,0	5,5
86,78	49,99	4,5	6,0	5,5
86,81	49,99	4,5	6,0	5,5
86,83	49,99	4,5	6,0	5,5
86,86	49,99	4,5	6,0	5,5
86,88	49,99	4,5	6,0	5,5
86,91	49,99	4,5	6,0	5,5
86,93	49,99	4,5	6,0	5,5
86,95	49,99	4,5	6,0	5,5
86,98	49,99	4,5	6,0	5,5
87,00	49,99	4,5	6,0	5,5
87,03	49,99	4,5	6,0	5,5
87,05	49,99	4,5	6,0	5,5
87,08	49,99	4,5	6,0	5,5
87,10	49,99	4,5	6,0	5,5
87,13	49,99	4,5	6,0	5,5
87,15	49,99	4,5	6,0	5,5
87,17	49,99	4,5	6,0	5,5
87,20	49,99	4,5	6,0	5,5
87,22	49,99	4,5	6,0	5,5
87,25	49,99	4,5	6,0	5,5
87,27	49,99	4,5	6,0	5,5
87,30	49,99	4,5	6,0	5,5
87,32	49,99	4,5	6,0	5,5
87,35	49,99	4,5	6,0	5,5
87,37	49,99	4,5	6,0	5,5
87,39	49,99	4,5	6,0	5,5
87,42	49,99	4,5	6,0	5,5
87,44	49,99	4,5	6,0	5,5
87,47	49,99	4,5	6,0	5,5
87,49	49,99	4,5	6,0	5,5
87,52	49,99	4,5	6,0	5,5
87,54	49,99	4,5	6,0	5,5
87,57	49,99	4,5	6,0	5,5
87,59	49,99	4,5	6,0	5,5
87,61	49,99	4,5	6,0	5,5
87,64	49,99	4,5	6,0	5,5
87,66	49,99	4,5	6,0	5,5
87,69	49,99	4,5	6,0	5,5
