Voltage U1	Corriente IA	Voltage U2	Voltage U3	Voltage UH
U1/V	IA/nA	U2/V	U3/V	UH/V

0,02	0,10	5,0	6,0	5,2
0,04	0,11	5,0	6,0	5,2
0,07	0,11	5,0	6,0	5,2
0,09	0,11	5,0	6,0	5,2
0,12	0,10	5,0	6,0	5,2
0,14	0,11	5,0	6,0	5,2
0,17	0,10	5,0	6,0	5,2
0,19	0,10	5,0	6,0	5,2
0,21	0,10	5,0	6,0	5,2
0,24	0,11	5,0	6,0	5,2
0,26	0,10	5,0	6,0	5,2
0,29	0,10	5,0	6,0	5,2
0,31	0,10	5,0	6,0	5,2
0,34	0,10	5,0	6,0	5,2
0,36	0,10	5,0	6,0	5,2
0,39	0,11	5,0	6,0	5,2
0,41	0,10	5,0	6,0	5,2
0,43	0,10	5,0	6,0	5,2
0,46	0,10	5,0	6,0	5,2
0,48	0,11	5,0	6,0	5,2
0,51	0,10	5,0	6,0	5,2
0,53	0,10	5,0	6,0	5,2
0,56	0,10	5,0	6,0	5,2
0,58	0,10	5,0	6,0	5,2
0,61	0,10	5,0	6,0	5,2
0,63	0,10	5,0	6,0	5,2
0,65	0,10	5,0	6,0	5,2
0,68	0,10	5,0	6,0	5,2
0,70	0,10	5,0	6,0	5,2
0,73	0,10	5,0	6,0	5,2
0,75	0,09	5,0	6,0	5,2
0,78	0,10	5,0	6,0	5,2
0,80	0,10	5,0	6,0	5,2
0,83	0,10	5,0	6,0	5,2
0,85	0,09	5,0	6,0	5,2
0,87	0,09	5,0	6,0	5,2
0,90	0,10	5,0	6,0	5,2
0,92	0,09	5,0	6,0	5,2
0,95	0,09	5,0	6,0	5,2
0,97	0,09	5,0	6,0	5,2
1,00	0,09	5,0	6,0	5,2
1,02	0,10	5,0	6,0	5,2
1,05	0,10	5,0	6,0	5,2
1,07	0,11	5,0	6,0	5,2
1,09	0,11	5,0	6,0	5,2
1,12	0,11	5,0	6,0	5,2
1,14	0,11	5,0	6,0	5,2
1,17	0,12	5,0	6,0	5,2
1,19	0,12	5,0	6,0	5,2
1,22	0,12	5,0	6,0	5,2
1,24	0,13	5,0	6,0	5,2
1,26	0,13	5,0	6,0	5,2
1,29	0,13	5,0	6,0	5,2
1,31	0,13	5,0	6,0	5,2
1,34	0,15	5,0	6,0	5,2
1,36	0,16	5,0	6,0	5,2
1,39	0,16	5,0	6,0	5,2
1,41	0,16	5,0	6,0	5,2
1,44	0,17	5,0	6,0	5,2
1,46	0,18	5,0	6,0	5,2
1,48	0,19	5,0	6,0	5,2
1,51	0,20	5,0	6,0	5,2
1,53	0,22	5,0	6,0	5,2
1,56	0,22	5,0	6,0	5,2
1,58	0,22	5,0	6,0	5,2
1,61	0,24	5,0	6,0	5,2
1,63	0,25	5,0	6,0	5,2
1,66	0,26	5,0	6,0	5,2
1,68	0,26	5,0	6,0	5,2
1,70	0,27	5,0	6,0	5,2
1,73	0,27	5,0	6,0	5,2
1,75	0,28	5,0	6,0	5,2
1,78	0,30	5,0	6,0	5,2
1,80	0,30	5,0	6,0	5,2
1,83	0,31	5,0	6,0	5,2
1,85	0,31	5,0	6,0	5,2
1,88	0,32	5,0	6,0	5,2
1,90	0,34	5,0	6,0	5,2
1,92	0,35	5,0	6,0	5,2
1,95	0,37	5,0	6,0	5,2
1,97	0,37	5,0	6,0	5,2
2,00	0,38	5,0	6,0	5,2
2,02	0,39	5,0	6,0	5,2
2,05	0,40	5,0	6,0	5,2
2,07	0,40	5,0	6,0	5,2
2,10	0,41	5,0	6,0	5,2
2,12	0,41	5,0	6,0	5,2
2,14	0,42	5,0	6,0	5,2
2,17	0,43	5,0	6,0	5,2
2,19	0,44	5,0	6,0	5,2
2,22	0,45	5,0	6,0	5,2
2,24	0,45	5,0	6,0	5,2
2,27	0,46	5,0	6,0	5,2
2,29	0,47	5,0	6,0	5,2
2,31	0,47	5,0	6,0	5,2
2,34	0,50	5,0	6,0	5,2
2,36	0,50	5,0	6,0	5,2
2,39	0,51	5,0	6,0	5,2
2,41	0,51	5,0	6,0	5,2
2,44	0,52	5,0	6,0	5,2
2,46	0,54	5,0	6,0	5,2
2,49	0,54	5,0	6,0	5,2
2,51	0,54	5,0	6,0	5,2
2,53	0,55	5,0	6,0	5,2
2,56	0,54	5,0	6,0	5,2
2,58	0,55	5,0	6,0	5,2
2,61	0,56	5,0	6,0	5,2
2,63	0,57	5,0	6,0	5,2
2,66	0,57	5,0	6,0	5,2
2,68	0,58	5,0	6,0	5,2
2,71	0,58	5,0	6,0	5,2
2,73	0,60	5,0	6,0	5,2
2,75	0,60	5,0	6,0	5,2
2,78	0,61	5,0	6,0	5,2
2,80	0,62	5,0	6,0	5,2
2,83	0,62	5,0	6,0	5,2
2,85	0,62	5,0	6,0	5,2
2,88	0,63	5,0	6,0	5,2
2,90	0,64	5,0	6,0	5,2
2,93	0,65	5,0	6,0	5,2
2,95	0,64	5,0	6,0	5,2
2,97	0,64	5,0	6,0	5,2
3,00	0,65	5,0	6,0	5,2
3,02	0,66	5,0	6,0	5,2
3,05	0,66	5,0	6,0	5,2
3,07	0,67	5,0	6,0	5,2
3,10	0,68	5,0	6,0	5,2
3,12	0,68	5,0	6,0	5,2
3,15	0,68	5,0	6,0	5,2
3,17	0,70	5,0	6,0	5,2
3,19	0,70	5,0	6,0	5,2
3,22	0,71	5,0	6,0	5,2
3,24	0,71	5,0	6,0	5,2
3,27	0,72	5,0	6,0	5,2
3,29	0,72	5,0	6,0	5,2
3,32	0,73	5,0	6,0	5,2
3,34	0,74	5,0	6,0	5,2
3,36	0,73	5,0	6,0	5,2
3,39	0,74	5,0	6,0	5,2
3,41	0,74	5,0	6,0	5,2
3,44	0,75	5,0	6,0	5,2
3,46	0,75	5,0	6,0	5,2
3,49	0,77	5,0	6,0	5,2
3,51	0,77	5,0	6,0	5,2
3,54	0,77	5,0	6,0	5,2
3,56	0,78	5,0	6,0	5,2
3,58	0,78	5,0	6,0	5,2
3,61	0,79	5,0	6,0	5,2
3,63	0,79	5,0	6,0	5,2
3,66	0,80	5,0	6,0	5,2
3,68	0,80	5,0	6,0	5,2
3,71	0,80	5,0	6,0	5,2
3,73	0,80	5,0	6,0	5,2
3,76	0,81	5,0	6,0	5,2
3,78	0,82	5,0	6,0	5,2
3,80	0,82	5,0	6,0	5,2
3,83	0,82	5,0	6,0	5,2
3,85	0,83	5,0	6,0	5,2
3,88	0,84	5,0	6,0	5,2
3,90	0,84	5,0	6,0	5,2
3,93	0,85	5,0	6,0	5,2
3,95	0,85	5,0	6,0	5,2
3,98	0,85	5,0	6,0	5,2
4,00	0,86	5,0	6,0	5,2
4,02	0,87	5,0	6,0	5,2
4,05	0,87	5,0	6,0	5,2
4,07	0,88	5,0	6,0	5,2
4,10	0,88	5,0	6,0	5,2
4,12	0,89	5,0	6,0	5,2
4,15	0,88	5,0	6,0	5,2
4,17	0,89	5,0	6,0	5,2
4,20	0,90	5,0	6,0	5,2
4,22	0,90	5,0	6,0	5,2
4,24	0,90	5,0	6,0	5,2
4,27	0,91	5,0	6,0	5,2
4,29	0,91	5,0	6,0	5,2
4,32	0,93	5,0	6,0	5,2
4,34	0,93	5,0	6,0	5,2
4,37	0,94	5,0	6,0	5,2
4,39	0,94	5,0	6,0	5,2
4,42	0,94	5,0	6,0	5,2
4,44	0,95	5,0	6,0	5,2
4,46	0,96	5,0	6,0	5,2
4,49	0,96	5,0	6,0	5,2
4,51	0,97	5,0	6,0	5,2
4,54	0,97	5,0	6,0	5,2
4,56	0,97	5,0	6,0	5,2
4,59	0,97	5,0	6,0	5,2
4,61	0,98	5,0	6,0	5,2
4,63	0,99	5,0	6,0	5,2
4,66	1,00	5,0	6,0	5,2
4,68	0,99	5,0	6,0	5,2
4,71	1,00	5,0	6,0	5,2
4,73	1,00	5,0	6,0	5,2
4,76	1,01	5,0	6,0	5,2
4,78	1,02	5,0	6,0	5,2
4,81	1,03	5,0	6,0	5,2
4,83	1,03	5,0	6,0	5,2
4,85	1,03	5,0	6,0	5,2
4,88	1,04	5,0	6,0	5,2
4,90	1,04	5,0	6,0	5,2
4,93	1,04	5,0	6,0	5,2
4,95	1,05	5,0	6,0	5,2
4,98	1,04	5,0	6,0	5,2
5,00	1,05	5,0	6,0	5,2
5,03	1,05	5,0	6,0	5,2
5,05	1,06	5,0	6,0	5,2
5,07	1,07	5,0	6,0	5,2
5,10	1,06	5,0	6,0	5,2
5,12	1,06	5,0	6,0	5,2
5,15	1,06	5,0	6,0	5,2
5,17	1,07	5,0	6,0	5,2
5,20	1,08	5,0	6,0	5,2
5,22	1,09	5,0	6,0	5,2
5,25	1,10	5,0	6,0	5,2
5,27	1,09	5,0	6,0	5,2
5,29	1,10	5,0	6,0	5,2
5,32	1,11	5,0	6,0	5,2
5,34	1,11	5,0	6,0	5,2
5,37	1,11	5,0	6,0	5,2
5,39	1,11	5,0	6,0	5,2
5,42	1,11	5,0	6,0	5,2
5,44	1,11	5,0	6,0	5,2
5,47	1,12	5,0	6,0	5,2
5,49	1,13	5,0	6,0	5,2
5,51	1,13	5,0	6,0	5,2
5,54	1,13	5,0	6,0	5,2
5,56	1,13	5,0	6,0	5,2
5,59	1,14	5,0	6,0	5,2
5,61	1,15	5,0	6,0	5,2
5,64	1,16	5,0	6,0	5,2
5,66	1,16	5,0	6,0	5,2
5,68	1,17	5,0	6,0	5,2
5,71	1,17	5,0	6,0	5,2
5,73	1,17	5,0	6,0	5,2
5,76	1,19	5,0	6,0	5,2
5,78	1,18	5,0	6,0	5,2
5,81	1,18	5,0	6,0	5,2
5,83	1,18	5,0	6,0	5,2
5,86	1,18	5,0	6,0	5,2
5,88	1,18	5,0	6,0	5,2
5,90	1,18	5,0	6,0	5,2
5,93	1,20	5,0	6,0	5,2
5,95	1,20	5,0	6,0	5,2
5,98	1,20	5,0	6,0	5,2
6,00	1,20	5,0	6,0	5,2
6,03	1,21	5,0	6,0	5,2
6,05	1,22	5,0	6,0	5,2
6,08	1,22	5,0	6,0	5,2
6,10	1,23	5,0	6,0	5,2
6,12	1,23	5,0	6,0	5,2
6,15	1,22	5,0	6,0	5,2
6,17	1,23	5,0	6,0	5,2
6,20	1,24	5,0	6,0	5,2
6,22	1,24	5,0	6,0	5,2
6,25	1,22	5,0	6,0	5,2
6,27	1,23	5,0	6,0	5,2
6,30	1,23	5,0	6,0	5,2
6,32	1,24	5,0	6,0	5,2
6,34	1,25	5,0	6,0	5,2
6,37	1,26	5,0	6,0	5,2
6,39	1,26	5,0	6,0	5,2
6,42	1,25	5,0	6,0	5,2
6,44	1,27	5,0	6,0	5,2
6,47	1,27	5,0	6,0	5,2
6,49	1,28	5,0	6,0	5,2
6,52	1,28	5,0	6,0	5,2
6,54	1,29	5,0	6,0	5,2
6,56	1,29	5,0	6,0	5,2
6,59	1,28	5,0	6,0	5,2
6,61	1,29	5,0	6,0	5,2
6,64	1,30	5,0	6,0	5,2
6,66	1,29	5,0	6,0	5,2
6,69	1,30	5,0	6,0	5,2
6,71	1,30	5,0	6,0	5,2
6,73	1,32	5,0	6,0	5,2
6,76	1,32	5,0	6,0	5,2
6,78	1,33	5,0	6,0	5,2
6,81	1,33	5,0	6,0	5,2
6,83	1,33	5,0	6,0	5,2
6,86	1,34	5,0	6,0	5,2
6,88	1,34	5,0	6,0	5,2
6,91	1,34	5,0	6,0	5,2
6,93	1,35	5,0	6,0	5,2
6,95	1,34	5,0	6,0	5,2
6,98	1,35	5,0	6,0	5,2
7,00	1,35	5,0	6,0	5,2
7,03	1,35	5,0	6,0	5,2
7,05	1,36	5,0	6,0	5,2
7,08	1,37	5,0	6,0	5,2
7,10	1,36	5,0	6,0	5,2
7,13	1,36	5,0	6,0	5,2
7,15	1,37	5,0	6,0	5,2
7,17	1,38	5,0	6,0	5,2
7,20	1,38	5,0	6,0	5,2
7,22	1,39	5,0	6,0	5,2
7,25	1,39	5,0	6,0	5,2
7,27	1,39	5,0	6,0	5,2
7,30	1,39	5,0	6,0	5,2
7,32	1,40	5,0	6,0	5,2
7,35	1,39	5,0	6,0	5,2
7,37	1,40	5,0	6,0	5,2
7,39	1,39	5,0	6,0	5,2
7,42	1,40	5,0	6,0	5,2
7,44	1,40	5,0	6,0	5,2
7,47	1,40	5,0	6,0	5,2
7,49	1,42	5,0	6,0	5,2
7,52	1,42	5,0	6,0	5,2
7,54	1,41	5,0	6,0	5,2
7,57	1,42	5,0	6,0	5,2
7,59	1,42	5,0	6,0	5,2
7,61	1,43	5,0	6,0	5,2
7,64	1,44	5,0	6,0	5,2
7,66	1,45	5,0	6,0	5,2
7,69	1,44	5,0	6,0	5,2
7,71	1,43	5,0	6,0	5,2
7,74	1,45	5,0	6,0	5,2
7,76	1,45	5,0	6,0	5,2
7,78	1,45	5,0	6,0	5,2
7,81	1,45	5,0	6,0	5,2
7,83	1,45	5,0	6,0	5,2
7,86	1,45	5,0	6,0	5,2
7,88	1,46	5,0	6,0	5,2
7,91	1,47	5,0	6,0	5,2
7,93	1,47	5,0	6,0	5,2
7,96	1,47	5,0	6,0	5,2
7,98	1,46	5,0	6,0	5,2
8,00	1,47	5,0	6,0	5,2
8,03	1,47	5,0	6,0	5,2
8,05	1,48	5,0	6,0	5,2
8,08	1,48	5,0	6,0	5,2
8,10	1,48	5,0	6,0	5,2
8,13	1,48	5,0	6,0	5,2
8,15	1,48	5,0	6,0	5,2
8,18	1,49	5,0	6,0	5,2
8,20	1,49	5,0	6,0	5,2
8,22	1,49	5,0	6,0	5,2
8,25	1,49	5,0	6,0	5,2
8,27	1,48	5,0	6,0	5,2
8,30	1,49	5,0	6,0	5,2
8,32	1,50	5,0	6,0	5,2
8,35	1,50	5,0	6,0	5,2
8,37	1,51	5,0	6,0	5,2
8,40	1,50	5,0	6,0	5,2
8,42	1,51	5,0	6,0	5,2
8,44	1,51	5,0	6,0	5,2
8,47	1,52	5,0	6,0	5,2
8,49	1,53	5,0	6,0	5,2
8,52	1,53	5,0	6,0	5,2
8,54	1,54	5,0	6,0	5,2
8,57	1,53	5,0	6,0	5,2
8,59	1,54	5,0	6,0	5,2
8,62	1,54	5,0	6,0	5,2
8,64	1,55	5,0	6,0	5,2
8,66	1,54	5,0	6,0	5,2
8,69	1,54	5,0	6,0	5,2
8,71	1,55	5,0	6,0	5,2
8,74	1,55	5,0	6,0	5,2
8,76	1,56	5,0	6,0	5,2
8,79	1,56	5,0	6,0	5,2
8,81	1,57	5,0	6,0	5,2
8,84	1,56	5,0	6,0	5,2
8,86	1,56	5,0	6,0	5,2
8,88	1,57	5,0	6,0	5,2
8,91	1,58	5,0	6,0	5,2
8,93	1,59	5,0	6,0	5,2
8,96	1,59	5,0	6,0	5,2
8,98	1,59	5,0	6,0	5,2
9,01	1,58	5,0	6,0	5,2
9,03	1,59	5,0	6,0	5,2
9,05	1,60	5,0	6,0	5,2
9,08	1,59	5,0	6,0	5,2
9,10	1,59	5,0	6,0	5,2
9,13	1,58	5,0	6,0	5,2
9,15	1,58	5,0	6,0	5,2
9,18	1,59	5,0	6,0	5,2
9,20	1,60	5,0	6,0	5,2
9,23	1,61	5,0	6,0	5,2
9,25	1,60	5,0	6,0	5,2
9,27	1,60	5,0	6,0	5,2
9,30	1,61	5,0	6,0	5,2
9,32	1,61	5,0	6,0	5,2
9,35	1,62	5,0	6,0	5,2
9,37	1,62	5,0	6,0	5,2
9,40	1,62	5,0	6,0	5,2
9,42	1,62	5,0	6,0	5,2
9,45	1,62	5,0	6,0	5,2
9,47	1,63	5,0	6,0	5,2
9,49	1,64	5,0	6,0	5,2
9,52	1,63	5,0	6,0	5,2
9,54	1,63	5,0	6,0	5,2
9,57	1,63	5,0	6,0	5,2
9,59	1,64	5,0	6,0	5,2
9,62	1,64	5,0	6,0	5,2
9,64	1,66	5,0	6,0	5,2
9,67	1,66	5,0	6,0	5,2
9,69	1,66	5,0	6,0	5,2
9,71	1,65	5,0	6,0	5,2
9,74	1,66	5,0	6,0	5,2
9,76	1,66	5,0	6,0	5,2
9,79	1,67	5,0	6,0	5,2
9,81	1,66	5,0	6,0	5,2
9,84	1,67	5,0	6,0	5,2
9,86	1,67	5,0	6,0	5,2
9,89	1,66	5,0	6,0	5,2
9,91	1,67	5,0	6,0	5,2
9,93	1,67	5,0	6,0	5,2
9,96	1,67	5,0	6,0	5,2
9,98	1,67	5,0	6,0	5,2
10,01	1,67	5,0	6,0	5,2
10,03	1,69	5,0	6,0	5,2
10,06	1,69	5,0	6,0	5,2
10,08	1,70	5,0	6,0	5,2
10,10	1,70	5,0	6,0	5,2
10,13	1,69	5,0	6,0	5,2
10,15	1,70	5,0	6,0	5,2
10,18	1,70	5,0	6,0	5,2
10,20	1,70	5,0	6,0	5,2
10,23	1,70	5,0	6,0	5,2
10,25	1,69	5,0	6,0	5,2
10,28	1,70	5,0	6,0	5,2
10,30	1,69	5,0	6,0	5,2
10,32	1,70	5,0	6,0	5,2
10,35	1,70	5,0	6,0	5,2
10,37	1,70	5,0	6,0	5,2
10,40	1,70	5,0	6,0	5,2
10,42	1,70	5,0	6,0	5,2
10,45	1,71	5,0	6,0	5,2
10,47	1,72	5,0	6,0	5,2
10,50	1,72	5,0	6,0	5,2
10,52	1,73	5,0	6,0	5,2
10,54	1,73	5,0	6,0	5,2
10,57	1,72	5,0	6,0	5,2
10,59	1,73	5,0	6,0	5,2
10,62	1,74	5,0	6,0	5,2
10,64	1,73	5,0	6,0	5,2
10,67	1,74	5,0	6,0	5,2
10,69	1,73	5,0	6,0	5,2
10,72	1,73	5,0	6,0	5,2
10,74	1,73	5,0	6,0	5,2
10,76	1,74	5,0	6,0	5,2
10,79	1,75	5,0	6,0	5,2
10,81	1,73	5,0	6,0	5,2
10,84	1,74	5,0	6,0	5,2
10,86	1,74	5,0	6,0	5,2
10,89	1,75	5,0	6,0	5,2
10,91	1,76	5,0	6,0	5,2
10,94	1,76	5,0	6,0	5,2
10,96	1,77	5,0	6,0	5,2
10,98	1,76	5,0	6,0	5,2
11,01	1,76	5,0	6,0	5,2
11,03	1,77	5,0	6,0	5,2
11,06	1,77	5,0	6,0	5,2
11,08	1,76	5,0	6,0	5,2
11,11	1,76	5,0	6,0	5,2
11,13	1,76	5,0	6,0	5,2
11,15	1,76	5,0	6,0	5,2
11,18	1,77	5,0	6,0	5,2
11,20	1,77	5,0	6,0	5,2
11,23	1,77	5,0	6,0	5,2
11,25	1,77	5,0	6,0	5,2
11,28	1,77	5,0	6,0	5,2
11,30	1,78	5,0	6,0	5,2
11,33	1,78	5,0	6,0	5,2
11,35	1,78	5,0	6,0	5,2
11,37	1,79	5,0	6,0	5,2
11,40	1,79	5,0	6,0	5,2
11,42	1,79	5,0	6,0	5,2
11,45	1,78	5,0	6,0	5,2
11,47	1,79	5,0	6,0	5,2
11,50	1,80	5,0	6,0	5,2
11,52	1,79	5,0	6,0	5,2
11,55	1,79	5,0	6,0	5,2
11,57	1,79	5,0	6,0	5,2
11,59	1,79	5,0	6,0	5,2
11,62	1,79	5,0	6,0	5,2
11,64	1,80	5,0	6,0	5,2
11,67	1,80	5,0	6,0	5,2
11,69	1,80	5,0	6,0	5,2
11,72	1,80	5,0	6,0	5,2
11,74	1,80	5,0	6,0	5,2
11,77	1,81	5,0	6,0	5,2
11,79	1,82	5,0	6,0	5,2
11,81	1,82	5,0	6,0	5,2
11,84	1,82	5,0	6,0	5,2
11,86	1,81	5,0	6,0	5,2
11,89	1,82	5,0	6,0	5,2
11,91	1,82	5,0	6,0	5,2
11,94	1,82	5,0	6,0	5,2
11,96	1,81	5,0	6,0	5,2
11,99	1,81	5,0	6,0	5,2
12,01	1,81	5,0	6,0	5,2
12,03	1,81	5,0	6,0	5,2
12,06	1,83	5,0	6,0	5,2
12,08	1,83	5,0	6,0	5,2
12,11	1,82	5,0	6,0	5,2
12,13	1,82	5,0	6,0	5,2
12,16	1,83	5,0	6,0	5,2
12,18	1,84	5,0	6,0	5,2
12,21	1,84	5,0	6,0	5,2
12,23	1,84	5,0	6,0	5,2
12,25	1,84	5,0	6,0	5,2
12,28	1,84	5,0	6,0	5,2
12,30	1,84	5,0	6,0	5,2
12,33	1,85	5,0	6,0	5,2
12,35	1,85	5,0	6,0	5,2
12,38	1,84	5,0	6,0	5,2
12,40	1,84	5,0	6,0	5,2
12,42	1,84	5,0	6,0	5,2
12,45	1,84	5,0	6,0	5,2
12,47	1,85	5,0	6,0	5,2
12,50	1,85	5,0	6,0	5,2
12,52	1,86	5,0	6,0	5,2
12,55	1,85	5,0	6,0	5,2
12,57	1,85	5,0	6,0	5,2
12,60	1,86	5,0	6,0	5,2
12,62	1,86	5,0	6,0	5,2
12,64	1,86	5,0	6,0	5,2
12,67	1,86	5,0	6,0	5,2
12,69	1,86	5,0	6,0	5,2
12,72	1,85	5,0	6,0	5,2
12,74	1,85	5,0	6,0	5,2
12,77	1,86	5,0	6,0	5,2
12,79	1,86	5,0	6,0	5,2
12,82	1,85	5,0	6,0	5,2
12,84	1,85	5,0	6,0	5,2
12,86	1,86	5,0	6,0	5,2
12,89	1,86	5,0	6,0	5,2
12,91	1,86	5,0	6,0	5,2
12,94	1,87	5,0	6,0	5,2
12,96	1,87	5,0	6,0	5,2
12,99	1,86	5,0	6,0	5,2
13,01	1,85	5,0	6,0	5,2
13,04	1,87	5,0	6,0	5,2
13,06	1,87	5,0	6,0	5,2
13,08	1,87	5,0	6,0	5,2
13,11	1,86	5,0	6,0	5,2
13,13	1,86	5,0	6,0	5,2
13,16	1,86	5,0	6,0	5,2
13,18	1,85	5,0	6,0	5,2
13,21	1,86	5,0	6,0	5,2
13,23	1,86	5,0	6,0	5,2
13,26	1,85	5,0	6,0	5,2
13,28	1,85	5,0	6,0	5,2
13,30	1,85	5,0	6,0	5,2
13,33	1,86	5,0	6,0	5,2
13,35	1,85	5,0	6,0	5,2
13,38	1,86	5,0	6,0	5,2
13,40	1,85	5,0	6,0	5,2
13,43	1,84	5,0	6,0	5,2
13,45	1,84	5,0	6,0	5,2
13,47	1,84	5,0	6,0	5,2
13,50	1,84	5,0	6,0	5,2
13,52	1,83	5,0	6,0	5,2
13,55	1,82	5,0	6,0	5,2
13,57	1,81	5,0	6,0	5,2
13,60	1,80	5,0	6,0	5,2
13,62	1,81	5,0	6,0	5,2
13,65	1,79	5,0	6,0	5,2
13,67	1,78	5,0	6,0	5,2
13,69	1,77	5,0	6,0	5,2
13,72	1,76	5,0	6,0	5,2
13,74	1,75	5,0	6,0	5,2
13,77	1,75	5,0	6,0	5,2
13,79	1,74	5,0	6,0	5,2
13,82	1,73	5,0	6,0	5,2
13,84	1,71	5,0	6,0	5,2
13,87	1,70	5,0	6,0	5,2
13,89	1,69	5,0	6,0	5,2
13,91	1,68	5,0	6,0	5,2
13,94	1,66	5,0	6,0	5,2
13,96	1,65	5,0	6,0	5,2
13,99	1,63	5,0	6,0	5,2
14,01	1,61	5,0	6,0	5,2
14,04	1,60	5,0	6,0	5,2
14,06	1,59	5,0	6,0	5,2
14,09	1,57	5,0	6,0	5,2
14,11	1,54	5,0	6,0	5,2
14,13	1,53	5,0	6,0	5,2
14,16	1,52	5,0	6,0	5,2
14,18	1,50	5,0	6,0	5,2
14,21	1,49	5,0	6,0	5,2
14,23	1,47	5,0	6,0	5,2
14,26	1,46	5,0	6,0	5,2
14,28	1,43	5,0	6,0	5,2
14,31	1,41	5,0	6,0	5,2
14,33	1,40	5,0	6,0	5,2
14,35	1,38	5,0	6,0	5,2
14,38	1,36	5,0	6,0	5,2
14,40	1,34	5,0	6,0	5,2
14,43	1,32	5,0	6,0	5,2
14,45	1,30	5,0	6,0	5,2
14,48	1,28	5,0	6,0	5,2
14,50	1,27	5,0	6,0	5,2
14,52	1,24	5,0	6,0	5,2
14,55	1,21	5,0	6,0	5,2
14,57	1,19	5,0	6,0	5,2
14,60	1,18	5,0	6,0	5,2
14,62	1,16	5,0	6,0	5,2
14,65	1,14	5,0	6,0	5,2
14,67	1,12	5,0	6,0	5,2
14,70	1,10	5,0	6,0	5,2
14,72	1,08	5,0	6,0	5,2
14,74	1,05	5,0	6,0	5,2
14,77	1,03	5,0	6,0	5,2
14,79	1,01	5,0	6,0	5,2
14,82	0,98	5,0	6,0	5,2
14,84	0,96	5,0	6,0	5,2
14,87	0,94	5,0	6,0	5,2
14,89	0,92	5,0	6,0	5,2
14,92	0,90	5,0	6,0	5,2
14,94	0,88	5,0	6,0	5,2
14,96	0,86	5,0	6,0	5,2
14,99	0,83	5,0	6,0	5,2
15,01	0,82	5,0	6,0	5,2
15,04	0,80	5,0	6,0	5,2
15,06	0,78	5,0	6,0	5,2
15,09	0,76	5,0	6,0	5,2
15,11	0,73	5,0	6,0	5,2
15,14	0,71	5,0	6,0	5,2
15,16	0,69	5,0	6,0	5,2
15,18	0,67	5,0	6,0	5,2
15,21	0,65	5,0	6,0	5,2
15,23	0,63	5,0	6,0	5,2
15,26	0,61	5,0	6,0	5,2
15,28	0,58	5,0	6,0	5,2
15,31	0,57	5,0	6,0	5,2
15,33	0,55	5,0	6,0	5,2
15,36	0,54	5,0	6,0	5,2
15,38	0,51	5,0	6,0	5,2
15,40	0,49	5,0	6,0	5,2
15,43	0,47	5,0	6,0	5,2
15,45	0,46	5,0	6,0	5,2
15,48	0,44	5,0	6,0	5,2
15,50	0,42	5,0	6,0	5,2
15,53	0,41	5,0	6,0	5,2
15,55	0,39	5,0	6,0	5,2
15,57	0,36	5,0	6,0	5,2
15,60	0,35	5,0	6,0	5,2
15,62	0,34	5,0	6,0	5,2
15,65	0,32	5,0	6,0	5,2
15,67	0,30	5,0	6,0	5,2
15,70	0,29	5,0	6,0	5,2
15,72	0,27	5,0	6,0	5,2
15,75	0,26	5,0	6,0	5,2
15,77	0,25	5,0	6,0	5,2
15,79	0,24	5,0	6,0	5,2
15,82	0,23	5,0	6,0	5,2
15,84	0,21	5,0	6,0	5,2
15,87	0,20	5,0	6,0	5,2
15,89	0,20	5,0	6,0	5,2
15,92	0,18	5,0	6,0	5,2
15,94	0,18	5,0	6,0	5,2
15,97	0,17	5,0	6,0	5,2
15,99	0,16	5,0	6,0	5,2
16,01	0,15	5,0	6,0	5,2
16,04	0,15	5,0	6,0	5,2
16,06	0,15	5,0	6,0	5,2
16,09	0,14	5,0	6,0	5,2
16,11	0,13	5,0	6,0	5,2
16,14	0,13	5,0	6,0	5,2
16,16	0,12	5,0	6,0	5,2
16,19	0,12	5,0	6,0	5,2
16,21	0,12	5,0	6,0	5,2
16,23	0,11	5,0	6,0	5,2
16,26	0,10	5,0	6,0	5,2
16,28	0,10	5,0	6,0	5,2
16,31	0,10	5,0	6,0	5,2
16,33	0,11	5,0	6,0	5,2
16,36	0,10	5,0	6,0	5,2
16,38	0,10	5,0	6,0	5,2
16,41	0,09	5,0	6,0	5,2
16,43	0,09	5,0	6,0	5,2
16,45	0,09	5,0	6,0	5,2
16,48	0,09	5,0	6,0	5,2
16,50	0,09	5,0	6,0	5,2
16,53	0,08	5,0	6,0	5,2
16,55	0,08	5,0	6,0	5,2
16,58	0,08	5,0	6,0	5,2
16,60	0,07	5,0	6,0	5,2
16,63	0,07	5,0	6,0	5,2
16,65	0,07	5,0	6,0	5,2
16,67	0,07	5,0	6,0	5,2
16,70	0,06	5,0	6,0	5,2
16,72	0,06	5,0	6,0	5,2
16,75	0,06	5,0	6,0	5,2
16,77	0,06	5,0	6,0	5,2
16,80	0,05	5,0	6,0	5,2
16,82	0,05	5,0	6,0	5,2
16,84	0,05	5,0	6,0	5,2
16,87	0,05	5,0	6,0	5,2
16,89	0,05	5,0	6,0	5,2
16,92	0,04	5,0	6,0	5,2
16,94	0,04	5,0	6,0	5,2
16,97	0,04	5,0	6,0	5,2
16,99	0,04	5,0	6,0	5,2
17,02	0,04	5,0	6,0	5,2
17,04	0,04	5,0	6,0	5,2
17,06	0,04	5,0	6,0	5,2
17,09	0,04	5,0	6,0	5,2
17,11	0,03	5,0	6,0	5,2
17,14	0,03	5,0	6,0	5,2
17,16	0,03	5,0	6,0	5,2
17,19	0,03	5,0	6,0	5,2
17,21	0,03	5,0	6,0	5,2
17,24	0,03	5,0	6,0	5,2
17,26	0,03	5,0	6,0	5,2
17,28	0,02	5,0	6,0	5,2
17,31	0,02	5,0	6,0	5,2
17,33	0,02	5,0	6,0	5,2
17,36	0,02	5,0	6,0	5,2
17,38	0,02	5,0	6,0	5,2
17,41	0,02	5,0	6,0	5,2
17,43	0,02	5,0	6,0	5,2
17,46	0,03	5,0	6,0	5,2
17,48	0,03	5,0	6,0	5,2
17,50	0,03	5,0	6,0	5,2
17,53	0,03	5,0	6,0	5,2
17,55	0,03	5,0	6,0	5,2
17,58	0,03	5,0	6,0	5,2
17,60	0,03	5,0	6,0	5,2
17,63	0,03	5,0	6,0	5,2
17,65	0,03	5,0	6,0	5,2
17,68	0,03	5,0	6,0	5,2
17,70	0,03	5,0	6,0	5,2
17,72	0,03	5,0	6,0	5,2
17,75	0,03	5,0	6,0	5,2
17,77	0,03	5,0	6,0	5,2
17,80	0,04	5,0	6,0	5,2
17,82	0,04	5,0	6,0	5,2
17,85	0,04	5,0	6,0	5,2
17,87	0,04	5,0	6,0	5,2
17,89	0,05	5,0	6,0	5,2
17,92	0,06	5,0	6,0	5,2
17,94	0,06	5,0	6,0	5,2
17,97	0,07	5,0	6,0	5,2
17,99	0,07	5,0	6,0	5,2
18,02	0,07	5,0	6,0	5,2
18,04	0,08	5,0	6,0	5,2
18,07	0,10	5,0	6,0	5,2
18,09	0,11	5,0	6,0	5,2
18,11	0,11	5,0	6,0	5,2
18,14	0,12	5,0	6,0	5,2
18,16	0,14	5,0	6,0	5,2
18,19	0,14	5,0	6,0	5,2
18,21	0,15	5,0	6,0	5,2
18,24	0,18	5,0	6,0	5,2
18,26	0,19	5,0	6,0	5,2
18,29	0,20	5,0	6,0	5,2
18,31	0,22	5,0	6,0	5,2
18,33	0,25	5,0	6,0	5,2
18,36	0,27	5,0	6,0	5,2
18,38	0,28	5,0	6,0	5,2
18,41	0,31	5,0	6,0	5,2
18,43	0,33	5,0	6,0	5,2
18,46	0,35	5,0	6,0	5,2
18,48	0,38	5,0	6,0	5,2
18,51	0,41	5,0	6,0	5,2
18,53	0,44	5,0	6,0	5,2
18,55	0,46	5,0	6,0	5,2
18,58	0,49	5,0	6,0	5,2
18,60	0,53	5,0	6,0	5,2
18,63	0,56	5,0	6,0	5,2
18,65	0,60	5,0	6,0	5,2
18,68	0,62	5,0	6,0	5,2
18,70	0,65	5,0	6,0	5,2
18,73	0,68	5,0	6,0	5,2
18,75	0,72	5,0	6,0	5,2
18,77	0,76	5,0	6,0	5,2
18,80	0,80	5,0	6,0	5,2
18,82	0,83	5,0	6,0	5,2
18,85	0,86	5,0	6,0	5,2
18,87	0,88	5,0	6,0	5,2
18,90	0,92	5,0	6,0	5,2
18,92	0,96	5,0	6,0	5,2
18,94	1,00	5,0	6,0	5,2
18,97	1,02	5,0	6,0	5,2
18,99	1,06	5,0	6,0	5,2
19,02	1,09	5,0	6,0	5,2
19,04	1,14	5,0	6,0	5,2
19,07	1,17	5,0	6,0	5,2
19,09	1,21	5,0	6,0	5,2
19,12	1,25	5,0	6,0	5,2
19,14	1,27	5,0	6,0	5,2
19,16	1,31	5,0	6,0	5,2
19,19	1,35	5,0	6,0	5,2
19,21	1,38	5,0	6,0	5,2
19,24	1,41	5,0	6,0	5,2
19,26	1,44	5,0	6,0	5,2
19,29	1,48	5,0	6,0	5,2
19,31	1,49	5,0	6,0	5,2
19,34	1,53	5,0	6,0	5,2
19,36	1,57	5,0	6,0	5,2
19,38	1,60	5,0	6,0	5,2
19,41	1,62	5,0	6,0	5,2
19,43	1,66	5,0	6,0	5,2
19,46	1,70	5,0	6,0	5,2
19,48	1,74	5,0	6,0	5,2
19,51	1,77	5,0	6,0	5,2
19,53	1,81	5,0	6,0	5,2
19,56	1,83	5,0	6,0	5,2
19,58	1,86	5,0	6,0	5,2
19,60	1,89	5,0	6,0	5,2
19,63	1,93	5,0	6,0	5,2
19,65	1,95	5,0	6,0	5,2
19,68	1,98	5,0	6,0	5,2
19,70	2,00	5,0	6,0	5,2
19,73	2,03	5,0	6,0	5,2
19,75	2,06	5,0	6,0	5,2
19,78	2,09	5,0	6,0	5,2
19,80	2,12	5,0	6,0	5,2
19,82	2,14	5,0	6,0	5,2
19,85	2,17	5,0	6,0	5,2
19,87	2,20	5,0	6,0	5,2
19,90	2,23	5,0	6,0	5,2
19,92	2,27	5,0	6,0	5,2
19,95	2,30	5,0	6,0	5,2
19,97	2,33	5,0	6,0	5,2
19,99	2,35	5,0	6,0	5,2
20,02	2,38	5,0	6,0	5,2
20,04	2,41	5,0	6,0	5,2
20,07	2,44	5,0	6,0	5,2
20,09	2,47	5,0	6,0	5,2
20,12	2,50	5,0	6,0	5,2
20,14	2,52	5,0	6,0	5,2
20,17	2,55	5,0	6,0	5,2
20,19	2,57	5,0	6,0	5,2
20,21	2,61	5,0	6,0	5,2
20,24	2,63	5,0	6,0	5,2
20,26	2,66	5,0	6,0	5,2
20,29	2,69	5,0	6,0	5,2
20,31	2,72	5,0	6,0	5,2
20,34	2,75	5,0	6,0	5,2
20,36	2,78	5,0	6,0	5,2
20,39	2,81	5,0	6,0	5,2
20,41	2,83	5,0	6,0	5,2
20,43	2,86	5,0	6,0	5,2
20,46	2,89	5,0	6,0	5,2
20,48	2,93	5,0	6,0	5,2
20,51	2,95	5,0	6,0	5,2
20,53	2,98	5,0	6,0	5,2
20,56	3,00	5,0	6,0	5,2
20,58	3,03	5,0	6,0	5,2
20,61	3,06	5,0	6,0	5,2
20,63	3,09	5,0	6,0	5,2
20,65	3,12	5,0	6,0	5,2
20,68	3,14	5,0	6,0	5,2
20,70	3,16	5,0	6,0	5,2
20,73	3,20	5,0	6,0	5,2
20,75	3,24	5,0	6,0	5,2
20,78	3,27	5,0	6,0	5,2
20,80	3,30	5,0	6,0	5,2
20,83	3,32	5,0	6,0	5,2
20,85	3,34	5,0	6,0	5,2
20,87	3,35	5,0	6,0	5,2
20,90	3,39	5,0	6,0	5,2
20,92	3,42	5,0	6,0	5,2
20,95	3,44	5,0	6,0	5,2
20,97	3,46	5,0	6,0	5,2
21,00	3,49	5,0	6,0	5,2
21,02	3,52	5,0	6,0	5,2
21,05	3,54	5,0	6,0	5,2
21,07	3,57	5,0	6,0	5,2
21,09	3,60	5,0	6,0	5,2
21,12	3,62	5,0	6,0	5,2
21,14	3,65	5,0	6,0	5,2
21,17	3,68	5,0	6,0	5,2
21,19	3,71	5,0	6,0	5,2
21,22	3,73	5,0	6,0	5,2
21,24	3,75	5,0	6,0	5,2
21,26	3,78	5,0	6,0	5,2
21,29	3,79	5,0	6,0	5,2
21,31	3,82	5,0	6,0	5,2
21,34	3,84	5,0	6,0	5,2
21,36	3,87	5,0	6,0	5,2
21,39	3,89	5,0	6,0	5,2
21,41	3,91	5,0	6,0	5,2
21,44	3,94	5,0	6,0	5,2
21,46	3,97	5,0	6,0	5,2
21,48	4,00	5,0	6,0	5,2
21,51	4,02	5,0	6,0	5,2
21,53	4,05	5,0	6,0	5,2
21,56	4,07	5,0	6,0	5,2
21,58	4,09	5,0	6,0	5,2
21,61	4,12	5,0	6,0	5,2
21,63	4,14	5,0	6,0	5,2
21,66	4,17	5,0	6,0	5,2
21,68	4,18	5,0	6,0	5,2
21,70	4,21	5,0	6,0	5,2
21,73	4,22	5,0	6,0	5,2
21,75	4,24	5,0	6,0	5,2
21,78	4,28	5,0	6,0	5,2
21,80	4,30	5,0	6,0	5,2
21,83	4,32	5,0	6,0	5,2
21,85	4,34	5,0	6,0	5,2
21,88	4,37	5,0	6,0	5,2
21,90	4,40	5,0	6,0	5,2
21,92	4,42	5,0	6,0	5,2
21,95	4,45	5,0	6,0	5,2
21,97	4,46	5,0	6,0	5,2
22,00	4,47	5,0	6,0	5,2
22,02	4,50	5,0	6,0	5,2
22,05	4,53	5,0	6,0	5,2
22,07	4,55	5,0	6,0	5,2
22,10	4,57	5,0	6,0	5,2
22,12	4,59	5,0	6,0	5,2
22,14	4,61	5,0	6,0	5,2
22,17	4,63	5,0	6,0	5,2
22,19	4,65	5,0	6,0	5,2
22,22	4,68	5,0	6,0	5,2
22,24	4,70	5,0	6,0	5,2
22,27	4,71	5,0	6,0	5,2
22,29	4,74	5,0	6,0	5,2
22,31	4,76	5,0	6,0	5,2
22,34	4,79	5,0	6,0	5,2
22,36	4,81	5,0	6,0	5,2
22,39	4,83	5,0	6,0	5,2
22,41	4,84	5,0	6,0	5,2
22,44	4,86	5,0	6,0	5,2
22,46	4,89	5,0	6,0	5,2
22,49	4,91	5,0	6,0	5,2
22,51	4,93	5,0	6,0	5,2
22,53	4,95	5,0	6,0	5,2
22,56	4,96	5,0	6,0	5,2
22,58	4,99	5,0	6,0	5,2
22,61	5,00	5,0	6,0	5,2
22,63	5,03	5,0	6,0	5,2
22,66	5,05	5,0	6,0	5,2
22,68	5,06	5,0	6,0	5,2
22,71	5,08	5,0	6,0	5,2
22,73	5,10	5,0	6,0	5,2
22,75	5,12	5,0	6,0	5,2
22,78	5,15	5,0	6,0	5,2
22,80	5,17	5,0	6,0	5,2
22,83	5,19	5,0	6,0	5,2
22,85	5,20	5,0	6,0	5,2
22,88	5,21	5,0	6,0	5,2
22,90	5,24	5,0	6,0	5,2
22,93	5,26	5,0	6,0	5,2
22,95	5,28	5,0	6,0	5,2
22,97	5,29	5,0	6,0	5,2
23,00	5,30	5,0	6,0	5,2
23,02	5,32	5,0	6,0	5,2
23,05	5,33	5,0	6,0	5,2
23,07	5,35	5,0	6,0	5,2
23,10	5,37	5,0	6,0	5,2
23,12	5,38	5,0	6,0	5,2
23,15	5,40	5,0	6,0	5,2
23,17	5,42	5,0	6,0	5,2
23,19	5,44	5,0	6,0	5,2
23,22	5,46	5,0	6,0	5,2
23,24	5,47	5,0	6,0	5,2
23,27	5,49	5,0	6,0	5,2
23,29	5,50	5,0	6,0	5,2
23,32	5,51	5,0	6,0	5,2
23,34	5,54	5,0	6,0	5,2
23,36	5,55	5,0	6,0	5,2
23,39	5,56	5,0	6,0	5,2
23,41	5,57	5,0	6,0	5,2
23,44	5,59	5,0	6,0	5,2
23,46	5,61	5,0	6,0	5,2
23,49	5,62	5,0	6,0	5,2
23,51	5,65	5,0	6,0	5,2
23,54	5,66	5,0	6,0	5,2
23,56	5,67	5,0	6,0	5,2
23,58	5,69	5,0	6,0	5,2
23,61	5,71	5,0	6,0	5,2
23,63	5,73	5,0	6,0	5,2
23,66	5,75	5,0	6,0	5,2
23,68	5,77	5,0	6,0	5,2
23,71	5,77	5,0	6,0	5,2
23,73	5,78	5,0	6,0	5,2
23,76	5,80	5,0	6,0	5,2
23,78	5,82	5,0	6,0	5,2
23,80	5,83	5,0	6,0	5,2
23,83	5,84	5,0	6,0	5,2
23,85	5,86	5,0	6,0	5,2
23,88	5,87	5,0	6,0	5,2
23,90	5,89	5,0	6,0	5,2
23,93	5,91	5,0	6,0	5,2
23,95	5,93	5,0	6,0	5,2
23,98	5,93	5,0	6,0	5,2
24,00	5,95	5,0	6,0	5,2
24,02	5,97	5,0	6,0	5,2
24,05	5,99	5,0	6,0	5,2
24,07	6,00	5,0	6,0	5,2
24,10	6,01	5,0	6,0	5,2
24,12	6,02	5,0	6,0	5,2
24,15	6,03	5,0	6,0	5,2
24,17	6,04	5,0	6,0	5,2
24,20	6,06	5,0	6,0	5,2
24,22	6,08	5,0	6,0	5,2
24,24	6,08	5,0	6,0	5,2
24,27	6,10	5,0	6,0	5,2
24,29	6,11	5,0	6,0	5,2
24,32	6,13	5,0	6,0	5,2
24,34	6,15	5,0	6,0	5,2
24,37	6,16	5,0	6,0	5,2
24,39	6,17	5,0	6,0	5,2
24,42	6,18	5,0	6,0	5,2
24,44	6,19	5,0	6,0	5,2
24,46	6,21	5,0	6,0	5,2
24,49	6,22	5,0	6,0	5,2
24,51	6,24	5,0	6,0	5,2
24,54	6,24	5,0	6,0	5,2
24,56	6,25	5,0	6,0	5,2
24,59	6,25	5,0	6,0	5,2
24,61	6,26	5,0	6,0	5,2
24,63	6,28	5,0	6,0	5,2
24,66	6,30	5,0	6,0	5,2
24,68	6,30	5,0	6,0	5,2
24,71	6,31	5,0	6,0	5,2
24,73	6,34	5,0	6,0	5,2
24,76	6,35	5,0	6,0	5,2
24,78	6,36	5,0	6,0	5,2
24,81	6,37	5,0	6,0	5,2
24,83	6,38	5,0	6,0	5,2
24,85	6,39	5,0	6,0	5,2
24,88	6,40	5,0	6,0	5,2
24,90	6,42	5,0	6,0	5,2
24,93	6,43	5,0	6,0	5,2
24,95	6,43	5,0	6,0	5,2
24,98	6,44	5,0	6,0	5,2
25,00	6,45	5,0	6,0	5,2
25,03	6,46	5,0	6,0	5,2
25,05	6,47	5,0	6,0	5,2
25,07	6,49	5,0	6,0	5,2
25,10	6,50	5,0	6,0	5,2
25,12	6,50	5,0	6,0	5,2
25,15	6,52	5,0	6,0	5,2
25,17	6,53	5,0	6,0	5,2
25,20	6,55	5,0	6,0	5,2
25,22	6,56	5,0	6,0	5,2
25,25	6,57	5,0	6,0	5,2
25,27	6,57	5,0	6,0	5,2
25,29	6,58	5,0	6,0	5,2
25,32	6,60	5,0	6,0	5,2
25,34	6,60	5,0	6,0	5,2
25,37	6,61	5,0	6,0	5,2
25,39	6,61	5,0	6,0	5,2
25,42	6,62	5,0	6,0	5,2
25,44	6,63	5,0	6,0	5,2
25,47	6,64	5,0	6,0	5,2
25,49	6,65	5,0	6,0	5,2
25,51	6,67	5,0	6,0	5,2
25,54	6,67	5,0	6,0	5,2
25,56	6,67	5,0	6,0	5,2
25,59	6,69	5,0	6,0	5,2
25,61	6,70	5,0	6,0	5,2
25,64	6,70	5,0	6,0	5,2
25,66	6,71	5,0	6,0	5,2
25,68	6,71	5,0	6,0	5,2
25,71	6,71	5,0	6,0	5,2
25,73	6,72	5,0	6,0	5,2
25,76	6,73	5,0	6,0	5,2
25,78	6,74	5,0	6,0	5,2
25,81	6,75	5,0	6,0	5,2
25,83	6,75	5,0	6,0	5,2
25,86	6,76	5,0	6,0	5,2
25,88	6,77	5,0	6,0	5,2
25,90	6,77	5,0	6,0	5,2
25,93	6,78	5,0	6,0	5,2
25,95	6,79	5,0	6,0	5,2
25,98	6,79	5,0	6,0	5,2
26,00	6,80	5,0	6,0	5,2
26,03	6,81	5,0	6,0	5,2
26,05	6,82	5,0	6,0	5,2
26,08	6,83	5,0	6,0	5,2
26,10	6,82	5,0	6,0	5,2
26,12	6,82	5,0	6,0	5,2
26,15	6,82	5,0	6,0	5,2
26,17	6,83	5,0	6,0	5,2
26,20	6,84	5,0	6,0	5,2
26,22	6,85	5,0	6,0	5,2
26,25	6,85	5,0	6,0	5,2
26,27	6,85	5,0	6,0	5,2
26,30	6,86	5,0	6,0	5,2
26,32	6,88	5,0	6,0	5,2
26,34	6,88	5,0	6,0	5,2
26,37	6,89	5,0	6,0	5,2
26,39	6,90	5,0	6,0	5,2
26,42	6,90	5,0	6,0	5,2
26,44	6,91	5,0	6,0	5,2
26,47	6,92	5,0	6,0	5,2
26,49	6,92	5,0	6,0	5,2
26,52	6,93	5,0	6,0	5,2
26,54	6,92	5,0	6,0	5,2
26,56	6,93	5,0	6,0	5,2
26,59	6,93	5,0	6,0	5,2
26,61	6,93	5,0	6,0	5,2
26,64	6,94	5,0	6,0	5,2
26,66	6,94	5,0	6,0	5,2
26,69	6,94	5,0	6,0	5,2
26,71	6,96	5,0	6,0	5,2
26,73	6,96	5,0	6,0	5,2
26,76	6,98	5,0	6,0	5,2
26,78	6,98	5,0	6,0	5,2
26,81	6,99	5,0	6,0	5,2
26,83	6,99	5,0	6,0	5,2
26,86	6,99	5,0	6,0	5,2
26,88	7,01	5,0	6,0	5,2
26,91	7,01	5,0	6,0	5,2
26,93	7,01	5,0	6,0	5,2
26,95	7,01	5,0	6,0	5,2
26,98	7,00	5,0	6,0	5,2
27,00	7,00	5,0	6,0	5,2
27,03	7,01	5,0	6,0	5,2
27,05	7,02	5,0	6,0	5,2
27,08	7,02	5,0	6,0	5,2
27,10	7,02	5,0	6,0	5,2
27,13	7,02	5,0	6,0	5,2
27,15	7,03	5,0	6,0	5,2
27,17	7,03	5,0	6,0	5,2
27,20	7,04	5,0	6,0	5,2
27,22	7,04	5,0	6,0	5,2
27,25	7,04	5,0	6,0	5,2
27,27	7,04	5,0	6,0	5,2
27,30	7,04	5,0	6,0	5,2
27,32	7,05	5,0	6,0	5,2
27,35	7,05	5,0	6,0	5,2
27,37	7,05	5,0	6,0	5,2
27,39	7,06	5,0	6,0	5,2
27,42	7,05	5,0	6,0	5,2
27,44	7,06	5,0	6,0	5,2
27,47	7,05	5,0	6,0	5,2
27,49	7,07	5,0	6,0	5,2
27,52	7,07	5,0	6,0	5,2
27,54	7,07	5,0	6,0	5,2
27,57	7,07	5,0	6,0	5,2
27,59	7,08	5,0	6,0	5,2
27,61	7,08	5,0	6,0	5,2
27,64	7,08	5,0	6,0	5,2
27,66	7,09	5,0	6,0	5,2
27,69	7,09	5,0	6,0	5,2
27,71	7,08	5,0	6,0	5,2
27,74	7,09	5,0	6,0	5,2
27,76	7,10	5,0	6,0	5,2
27,78	7,10	5,0	6,0	5,2
27,81	7,09	5,0	6,0	5,2
27,83	7,09	5,0	6,0	5,2
27,86	7,10	5,0	6,0	5,2
27,88	7,09	5,0	6,0	5,2
27,91	7,10	5,0	6,0	5,2
27,93	7,11	5,0	6,0	5,2
27,96	7,11	5,0	6,0	5,2
27,98	7,10	5,0	6,0	5,2
28,00	7,11	5,0	6,0	5,2
28,03	7,12	5,0	6,0	5,2
28,05	7,12	5,0	6,0	5,2
28,08	7,12	5,0	6,0	5,2
28,10	7,11	5,0	6,0	5,2
28,13	7,11	5,0	6,0	5,2
28,15	7,11	5,0	6,0	5,2
28,18	7,12	5,0	6,0	5,2
28,20	7,12	5,0	6,0	5,2
28,22	7,12	5,0	6,0	5,2
28,25	7,12	5,0	6,0	5,2
28,27	7,12	5,0	6,0	5,2
28,30	7,11	5,0	6,0	5,2
28,32	7,11	5,0	6,0	5,2
28,35	7,12	5,0	6,0	5,2
28,37	7,12	5,0	6,0	5,2
28,40	7,12	5,0	6,0	5,2
28,42	7,12	5,0	6,0	5,2
28,44	7,13	5,0	6,0	5,2
28,47	7,13	5,0	6,0	5,2
28,49	7,14	5,0	6,0	5,2
28,52	7,13	5,0	6,0	5,2
28,54	7,13	5,0	6,0	5,2
28,57	7,13	5,0	6,0	5,2
28,59	7,13	5,0	6,0	5,2
28,62	7,14	5,0	6,0	5,2
28,64	7,14	5,0	6,0	5,2
28,66	7,13	5,0	6,0	5,2
28,69	7,13	5,0	6,0	5,2
28,71	7,13	5,0	6,0	5,2
28,74	7,13	5,0	6,0	5,2
28,76	7,13	5,0	6,0	5,2
28,79	7,14	5,0	6,0	5,2
28,81	7,13	5,0	6,0	5,2
28,84	7,13	5,0	6,0	5,2
28,86	7,13	5,0	6,0	5,2
28,88	7,13	5,0	6,0	5,2
28,91	7,14	5,0	6,0	5,2
28,93	7,13	5,0	6,0	5,2
28,96	7,13	5,0	6,0	5,2
28,98	7,12	5,0	6,0	5,2
29,01	7,12	5,0	6,0	5,2
29,03	7,12	5,0	6,0	5,2
29,05	7,13	5,0	6,0	5,2
29,08	7,13	5,0	6,0	5,2
29,10	7,11	5,0	6,0	5,2
29,13	7,11	5,0	6,0	5,2
29,15	7,11	5,0	6,0	5,2
29,18	7,12	5,0	6,0	5,2
29,20	7,11	5,0	6,0	5,2
29,23	7,12	5,0	6,0	5,2
29,25	7,12	5,0	6,0	5,2
29,27	7,11	5,0	6,0	5,2
29,30	7,11	5,0	6,0	5,2
29,32	7,11	5,0	6,0	5,2
29,35	7,11	5,0	6,0	5,2
29,37	7,11	5,0	6,0	5,2
29,40	7,09	5,0	6,0	5,2
29,42	7,09	5,0	6,0	5,2
29,45	7,08	5,0	6,0	5,2
29,47	7,08	5,0	6,0	5,2
29,49	7,09	5,0	6,0	5,2
29,52	7,08	5,0	6,0	5,2
29,54	7,08	5,0	6,0	5,2
29,57	7,08	5,0	6,0	5,2
29,59	7,08	5,0	6,0	5,2
29,62	7,08	5,0	6,0	5,2
29,64	7,08	5,0	6,0	5,2
29,67	7,08	5,0	6,0	5,2
29,69	7,07	5,0	6,0	5,2
29,71	7,07	5,0	6,0	5,2
29,74	7,07	5,0	6,0	5,2
29,76	7,07	5,0	6,0	5,2
29,79	7,06	5,0	6,0	5,2
29,81	7,06	5,0	6,0	5,2
29,84	7,04	5,0	6,0	5,2
29,86	7,03	5,0	6,0	5,2
29,89	7,03	5,0	6,0	5,2
29,91	7,03	5,0	6,0	5,2
29,93	7,03	5,0	6,0	5,2
29,96	7,01	5,0	6,0	5,2
29,98	7,00	5,0	6,0	5,2
30,01	7,01	5,0	6,0	5,2
30,03	7,00	5,0	6,0	5,2
30,06	7,00	5,0	6,0	5,2
30,08	6,99	5,0	6,0	5,2
30,10	6,98	5,0	6,0	5,2
30,13	6,96	5,0	6,0	5,2
30,15	6,95	5,0	6,0	5,2
30,18	6,94	5,0	6,0	5,2
30,20	6,93	5,0	6,0	5,2
30,23	6,91	5,0	6,0	5,2
30,25	6,89	5,0	6,0	5,2
30,28	6,87	5,0	6,0	5,2
30,30	6,85	5,0	6,0	5,2
30,32	6,84	5,0	6,0	5,2
30,35	6,82	5,0	6,0	5,2
30,37	6,80	5,0	6,0	5,2
30,40	6,77	5,0	6,0	5,2
30,42	6,75	5,0	6,0	5,2
30,45	6,73	5,0	6,0	5,2
30,47	6,70	5,0	6,0	5,2
30,50	6,67	5,0	6,0	5,2
30,52	6,64	5,0	6,0	5,2
30,54	6,60	5,0	6,0	5,2
30,57	6,56	5,0	6,0	5,2
30,59	6,53	5,0	6,0	5,2
30,62	6,51	5,0	6,0	5,2
30,64	6,47	5,0	6,0	5,2
30,67	6,42	5,0	6,0	5,2
30,69	6,39	5,0	6,0	5,2
30,72	6,35	5,0	6,0	5,2
30,74	6,31	5,0	6,0	5,2
30,76	6,27	5,0	6,0	5,2
30,79	6,24	5,0	6,0	5,2
30,81	6,19	5,0	6,0	5,2
30,84	6,13	5,0	6,0	5,2
30,86	6,09	5,0	6,0	5,2
30,89	6,05	5,0	6,0	5,2
30,91	6,00	5,0	6,0	5,2
30,94	5,95	5,0	6,0	5,2
30,96	5,90	5,0	6,0	5,2
30,98	5,84	5,0	6,0	5,2
31,01	5,78	5,0	6,0	5,2
31,03	5,74	5,0	6,0	5,2
31,06	5,69	5,0	6,0	5,2
31,08	5,63	5,0	6,0	5,2
31,11	5,58	5,0	6,0	5,2
31,13	5,52	5,0	6,0	5,2
31,15	5,47	5,0	6,0	5,2
31,18	5,42	5,0	6,0	5,2
31,20	5,37	5,0	6,0	5,2
31,23	5,31	5,0	6,0	5,2
31,25	5,25	5,0	6,0	5,2
31,28	5,20	5,0	6,0	5,2
31,30	5,15	5,0	6,0	5,2
31,33	5,09	5,0	6,0	5,2
31,35	5,04	5,0	6,0	5,2
31,37	4,98	5,0	6,0	5,2
31,40	4,92	5,0	6,0	5,2
31,42	4,87	5,0	6,0	5,2
31,45	4,81	5,0	6,0	5,2
31,47	4,76	5,0	6,0	5,2
31,50	4,70	5,0	6,0	5,2
31,52	4,64	5,0	6,0	5,2
31,55	4,59	5,0	6,0	5,2
31,57	4,54	5,0	6,0	5,2
31,59	4,48	5,0	6,0	5,2
31,62	4,43	5,0	6,0	5,2
31,64	4,38	5,0	6,0	5,2
31,67	4,32	5,0	6,0	5,2
31,69	4,27	5,0	6,0	5,2
31,72	4,21	5,0	6,0	5,2
31,74	4,17	5,0	6,0	5,2
31,77	4,11	5,0	6,0	5,2
31,79	4,06	5,0	6,0	5,2
31,81	4,00	5,0	6,0	5,2
31,84	3,95	5,0	6,0	5,2
31,86	3,89	5,0	6,0	5,2
31,89	3,83	5,0	6,0	5,2
31,91	3,79	5,0	6,0	5,2
31,94	3,73	5,0	6,0	5,2
31,96	3,67	5,0	6,0	5,2
31,99	3,62	5,0	6,0	5,2
32,01	3,56	5,0	6,0	5,2
32,03	3,51	5,0	6,0	5,2
32,06	3,46	5,0	6,0	5,2
32,08	3,41	5,0	6,0	5,2
32,11	3,36	5,0	6,0	5,2
32,13	3,29	5,0	6,0	5,2
32,16	3,24	5,0	6,0	5,2
32,18	3,18	5,0	6,0	5,2
32,20	3,14	5,0	6,0	5,2
32,23	3,08	5,0	6,0	5,2
32,25	3,02	5,0	6,0	5,2
32,28	2,96	5,0	6,0	5,2
32,30	2,90	5,0	6,0	5,2
32,33	2,85	5,0	6,0	5,2
32,35	2,80	5,0	6,0	5,2
32,38	2,75	5,0	6,0	5,2
32,40	2,69	5,0	6,0	5,2
32,42	2,64	5,0	6,0	5,2
32,45	2,58	5,0	6,0	5,2
32,47	2,53	5,0	6,0	5,2
32,50	2,48	5,0	6,0	5,2
32,52	2,43	5,0	6,0	5,2
32,55	2,38	5,0	6,0	5,2
32,57	2,32	5,0	6,0	5,2
32,60	2,27	5,0	6,0	5,2
32,62	2,22	5,0	6,0	5,2
32,64	2,16	5,0	6,0	5,2
32,67	2,11	5,0	6,0	5,2
32,69	2,05	5,0	6,0	5,2
32,72	2,00	5,0	6,0	5,2
32,74	1,95	5,0	6,0	5,2
32,77	1,90	5,0	6,0	5,2
32,79	1,86	5,0	6,0	5,2
32,82	1,80	5,0	6,0	5,2
32,84	1,75	5,0	6,0	5,2
32,86	1,70	5,0	6,0	5,2
32,89	1,65	5,0	6,0	5,2
32,91	1,61	5,0	6,0	5,2
32,94	1,57	5,0	6,0	5,2
32,96	1,52	5,0	6,0	5,2
32,99	1,47	5,0	6,0	5,2
33,01	1,43	5,0	6,0	5,2
33,04	1,38	5,0	6,0	5,2
33,06	1,34	5,0	6,0	5,2
33,08	1,29	5,0	6,0	5,2
33,11	1,24	5,0	6,0	5,2
33,13	1,19	5,0	6,0	5,2
33,16	1,14	5,0	6,0	5,2
33,18	1,10	5,0	6,0	5,2
33,21	1,06	5,0	6,0	5,2
33,23	1,01	5,0	6,0	5,2
33,26	0,97	5,0	6,0	5,2
33,28	0,93	5,0	6,0	5,2
33,30	0,89	5,0	6,0	5,2
33,33	0,84	5,0	6,0	5,2
33,35	0,82	5,0	6,0	5,2
33,38	0,77	5,0	6,0	5,2
33,40	0,74	5,0	6,0	5,2
33,43	0,69	5,0	6,0	5,2
33,45	0,65	5,0	6,0	5,2
33,47	0,62	5,0	6,0	5,2
33,50	0,58	5,0	6,0	5,2
33,52	0,54	5,0	6,0	5,2
33,55	0,50	5,0	6,0	5,2
33,57	0,46	5,0	6,0	5,2
33,60	0,43	5,0	6,0	5,2
33,62	0,40	5,0	6,0	5,2
33,65	0,38	5,0	6,0	5,2
33,67	0,34	5,0	6,0	5,2
33,69	0,31	5,0	6,0	5,2
33,72	0,29	5,0	6,0	5,2
33,74	0,26	5,0	6,0	5,2
33,77	0,24	5,0	6,0	5,2
33,79	0,22	5,0	6,0	5,2
33,82	0,20	5,0	6,0	5,2
33,84	0,17	5,0	6,0	5,2
33,87	0,15	5,0	6,0	5,2
33,89	0,14	5,0	6,0	5,2
33,91	0,12	5,0	6,0	5,2
33,94	0,11	5,0	6,0	5,2
33,96	0,09	5,0	6,0	5,2
33,99	0,08	5,0	6,0	5,2
34,01	0,06	5,0	6,0	5,2
34,04	0,06	5,0	6,0	5,2
34,06	0,06	5,0	6,0	5,2
34,09	0,05	5,0	6,0	5,2
34,11	0,03	5,0	6,0	5,2
34,13	0,03	5,0	6,0	5,2
34,16	0,03	5,0	6,0	5,2
34,18	0,02	5,0	6,0	5,2
34,21	0,02	5,0	6,0	5,2
34,23	0,02	5,0	6,0	5,2
34,26	0,02	5,0	6,0	5,2
34,28	0,01	5,0	6,0	5,2
34,31	0,01	5,0	6,0	5,2
34,33	0,01	5,0	6,0	5,2
34,35	0,01	5,0	6,0	5,2
34,38	0,01	5,0	6,0	5,2
34,40	0,01	5,0	6,0	5,2
34,43	0,01	5,0	6,0	5,2
34,45	0,01	5,0	6,0	5,2
34,48	0,01	5,0	6,0	5,2
34,50	0,01	5,0	6,0	5,2
34,52	0,01	5,0	6,0	5,2
34,55	0,01	5,0	6,0	5,2
34,57	0,01	5,0	6,0	5,2
34,60	0,01	5,0	6,0	5,2
34,62	0,01	5,0	6,0	5,2
34,65	0,01	5,0	6,0	5,2
34,67	0,01	5,0	6,0	5,2
34,70	0,01	5,0	6,0	5,2
34,72	0,01	5,0	6,0	5,2
34,74	0,01	5,0	6,0	5,2
34,77	0,01	5,0	6,0	5,2
34,79	0,01	5,0	6,0	5,2
34,82	0,01	5,0	6,0	5,2
34,84	0,01	5,0	6,0	5,2
34,87	0,01	5,0	6,0	5,2
34,89	0,01	5,0	6,0	5,2
34,92	0,01	5,0	6,0	5,2
34,94	0,01	5,0	6,0	5,2
34,96	0,01	5,0	6,0	5,2
34,99	0,01	5,0	6,0	5,2
35,01	0,01	5,0	6,0	5,2
35,04	0,01	5,0	6,0	5,2
35,06	0,01	5,0	6,0	5,2
35,09	0,01	5,0	6,0	5,2
35,11	0,01	5,0	6,0	5,2
35,14	0,02	5,0	6,0	5,2
35,16	0,02	5,0	6,0	5,2
35,18	0,01	5,0	6,0	5,2
35,21	0,01	5,0	6,0	5,2
35,23	0,02	5,0	6,0	5,2
35,26	0,02	5,0	6,0	5,2
35,28	0,02	5,0	6,0	5,2
35,31	0,02	5,0	6,0	5,2
35,33	0,03	5,0	6,0	5,2
35,36	0,03	5,0	6,0	5,2
35,38	0,04	5,0	6,0	5,2
35,40	0,05	5,0	6,0	5,2
35,43	0,05	5,0	6,0	5,2
35,45	0,05	5,0	6,0	5,2
35,48	0,07	5,0	6,0	5,2
35,50	0,09	5,0	6,0	5,2
35,53	0,09	5,0	6,0	5,2
35,55	0,10	5,0	6,0	5,2
35,57	0,13	5,0	6,0	5,2
35,60	0,13	5,0	6,0	5,2
35,62	0,15	5,0	6,0	5,2
35,65	0,17	5,0	6,0	5,2
35,67	0,20	5,0	6,0	5,2
35,70	0,21	5,0	6,0	5,2
35,72	0,23	5,0	6,0	5,2
35,75	0,26	5,0	6,0	5,2
35,77	0,29	5,0	6,0	5,2
35,79	0,31	5,0	6,0	5,2
35,82	0,35	5,0	6,0	5,2
35,84	0,38	5,0	6,0	5,2
35,87	0,41	5,0	6,0	5,2
35,89	0,44	5,0	6,0	5,2
35,92	0,48	5,0	6,0	5,2
35,94	0,51	5,0	6,0	5,2
35,97	0,54	5,0	6,0	5,2
35,99	0,57	5,0	6,0	5,2
36,01	0,61	5,0	6,0	5,2
36,04	0,64	5,0	6,0	5,2
36,06	0,69	5,0	6,0	5,2
36,09	0,73	5,0	6,0	5,2
36,11	0,76	5,0	6,0	5,2
36,14	0,80	5,0	6,0	5,2
36,16	0,84	5,0	6,0	5,2
36,19	0,88	5,0	6,0	5,2
36,21	0,93	5,0	6,0	5,2
36,23	0,97	5,0	6,0	5,2
36,26	1,01	5,0	6,0	5,2
36,28	1,04	5,0	6,0	5,2
36,31	1,09	5,0	6,0	5,2
36,33	1,13	5,0	6,0	5,2
36,36	1,17	5,0	6,0	5,2
36,38	1,20	5,0	6,0	5,2
36,41	1,24	5,0	6,0	5,2
36,43	1,27	5,0	6,0	5,2
36,45	1,31	5,0	6,0	5,2
36,48	1,36	5,0	6,0	5,2
36,50	1,40	5,0	6,0	5,2
36,53	1,45	5,0	6,0	5,2
36,55	1,48	5,0	6,0	5,2
36,58	1,52	5,0	6,0	5,2
36,60	1,57	5,0	6,0	5,2
36,62	1,61	5,0	6,0	5,2
36,65	1,66	5,0	6,0	5,2
36,67	1,70	5,0	6,0	5,2
36,70	1,75	5,0	6,0	5,2
36,72	1,78	5,0	6,0	5,2
36,75	1,83	5,0	6,0	5,2
36,77	1,89	5,0	6,0	5,2
36,80	1,92	5,0	6,0	5,2
36,82	1,96	5,0	6,0	5,2
36,84	2,00	5,0	6,0	5,2
36,87	2,04	5,0	6,0	5,2
36,89	2,09	5,0	6,0	5,2
36,92	2,15	5,0	6,0	5,2
36,94	2,20	5,0	6,0	5,2
36,97	2,24	5,0	6,0	5,2
36,99	2,29	5,0	6,0	5,2
37,02	2,35	5,0	6,0	5,2
37,04	2,40	5,0	6,0	5,2
37,06	2,45	5,0	6,0	5,2
37,09	2,51	5,0	6,0	5,2
37,11	2,56	5,0	6,0	5,2
37,14	2,61	5,0	6,0	5,2
37,16	2,66	5,0	6,0	5,2
37,19	2,73	5,0	6,0	5,2
37,21	2,78	5,0	6,0	5,2
37,24	2,84	5,0	6,0	5,2
37,26	2,88	5,0	6,0	5,2
37,28	2,94	5,0	6,0	5,2
37,31	2,99	5,0	6,0	5,2
37,33	3,06	5,0	6,0	5,2
37,36	3,12	5,0	6,0	5,2
37,38	3,18	5,0	6,0	5,2
37,41	3,23	5,0	6,0	5,2
37,43	3,28	5,0	6,0	5,2
37,46	3,35	5,0	6,0	5,2
37,48	3,41	5,0	6,0	5,2
37,50	3,48	5,0	6,0	5,2
37,53	3,53	5,0	6,0	5,2
37,55	3,59	5,0	6,0	5,2
37,58	3,65	5,0	6,0	5,2
37,60	3,70	5,0	6,0	5,2
37,63	3,77	5,0	6,0	5,2
37,65	3,83	5,0	6,0	5,2
37,68	3,88	5,0	6,0	5,2
37,70	3,93	5,0	6,0	5,2
37,72	3,99	5,0	6,0	5,2
37,75	4,06	5,0	6,0	5,2
37,77	4,12	5,0	6,0	5,2
37,80	4,19	5,0	6,0	5,2
37,82	4,25	5,0	6,0	5,2
37,85	4,30	5,0	6,0	5,2
37,87	4,36	5,0	6,0	5,2
37,89	4,42	5,0	6,0	5,2
37,92	4,48	5,0	6,0	5,2
37,94	4,54	5,0	6,0	5,2
37,97	4,58	5,0	6,0	5,2
37,99	4,64	5,0	6,0	5,2
38,02	4,70	5,0	6,0	5,2
38,04	4,76	5,0	6,0	5,2
38,07	4,82	5,0	6,0	5,2
38,09	4,88	5,0	6,0	5,2
38,11	4,93	5,0	6,0	5,2
38,14	4,99	5,0	6,0	5,2
38,16	5,04	5,0	6,0	5,2
38,19	5,11	5,0	6,0	5,2
38,21	5,17	5,0	6,0	5,2
38,24	5,24	5,0	6,0	5,2
38,26	5,29	5,0	6,0	5,2
38,29	5,35	5,0	6,0	5,2
38,31	5,41	5,0	6,0	5,2
38,33	5,48	5,0	6,0	5,2
38,36	5,52	5,0	6,0	5,2
38,38	5,59	5,0	6,0	5,2
38,41	5,63	5,0	6,0	5,2
38,43	5,70	5,0	6,0	5,2
38,46	5,76	5,0	6,0	5,2
38,48	5,82	5,0	6,0	5,2
38,51	5,89	5,0	6,0	5,2
38,53	5,94	5,0	6,0	5,2
38,55	6,00	5,0	6,0	5,2
38,58	6,07	5,0	6,0	5,2
38,60	6,13	5,0	6,0	5,2
38,63	6,20	5,0	6,0	5,2
38,65	6,26	5,0	6,0	5,2
38,68	6,32	5,0	6,0	5,2
38,70	6,37	5,0	6,0	5,2
38,73	6,43	5,0	6,0	5,2
38,75	6,49	5,0	6,0	5,2
38,77	6,56	5,0	6,0	5,2
38,80	6,61	5,0	6,0	5,2
38,82	6,67	5,0	6,0	5,2
38,85	6,73	5,0	6,0	5,2
38,87	6,79	5,0	6,0	5,2
38,90	6,85	5,0	6,0	5,2
38,92	6,92	5,0	6,0	5,2
38,94	6,98	5,0	6,0	5,2
38,97	7,04	5,0	6,0	5,2
38,99	7,09	5,0	6,0	5,2
39,02	7,15	5,0	6,0	5,2
39,04	7,21	5,0	6,0	5,2
39,07	7,27	5,0	6,0	5,2
39,09	7,33	5,0	6,0	5,2
39,12	7,39	5,0	6,0	5,2
39,14	7,44	5,0	6,0	5,2
39,16	7,50	5,0	6,0	5,2
39,19	7,57	5,0	6,0	5,2
39,21	7,63	5,0	6,0	5,2
39,24	7,68	5,0	6,0	5,2
39,26	7,74	5,0	6,0	5,2
39,29	7,79	5,0	6,0	5,2
39,31	7,85	5,0	6,0	5,2
39,34	7,91	5,0	6,0	5,2
39,36	7,98	5,0	6,0	5,2
39,38	8,03	5,0	6,0	5,2
39,41	8,08	5,0	6,0	5,2
39,43	8,14	5,0	6,0	5,2
39,46	8,20	5,0	6,0	5,2
39,48	8,26	5,0	6,0	5,2
39,51	8,32	5,0	6,0	5,2
39,53	8,39	5,0	6,0	5,2
39,56	8,45	5,0	6,0	5,2
39,58	8,49	5,0	6,0	5,2
39,60	8,56	5,0	6,0	5,2
39,63	8,62	5,0	6,0	5,2
39,65	8,67	5,0	6,0	5,2
39,68	8,72	5,0	6,0	5,2
39,70	8,78	5,0	6,0	5,2
39,73	8,83	5,0	6,0	5,2
39,75	8,90	5,0	6,0	5,2
39,78	8,96	5,0	6,0	5,2
39,80	9,02	5,0	6,0	5,2
39,82	9,07	5,0	6,0	5,2
39,85	9,13	5,0	6,0	5,2
39,87	9,19	5,0	6,0	5,2
39,90	9,25	5,0	6,0	5,2
39,92	9,30	5,0	6,0	5,2
39,95	9,37	5,0	6,0	5,2
39,97	9,42	5,0	6,0	5,2
39,99	9,47	5,0	6,0	5,2
40,02	9,52	5,0	6,0	5,2
40,04	9,59	5,0	6,0	5,2
40,07	9,65	5,0	6,0	5,2
40,09	9,69	5,0	6,0	5,2
40,12	9,74	5,0	6,0	5,2
40,14	9,79	5,0	6,0	5,2
40,17	9,85	5,0	6,0	5,2
40,19	9,90	5,0	6,0	5,2
40,21	9,97	5,0	6,0	5,2
40,24	10,03	5,0	6,0	5,2
40,26	10,08	5,0	6,0	5,2
40,29	10,13	5,0	6,0	5,2
40,31	10,19	5,0	6,0	5,2
40,34	10,24	5,0	6,0	5,2
40,36	10,30	5,0	6,0	5,2
40,39	10,34	5,0	6,0	5,2
40,41	10,40	5,0	6,0	5,2
40,43	10,45	5,0	6,0	5,2
40,46	10,50	5,0	6,0	5,2
40,48	10,56	5,0	6,0	5,2
40,51	10,62	5,0	6,0	5,2
40,53	10,67	5,0	6,0	5,2
40,56	10,71	5,0	6,0	5,2
40,58	10,76	5,0	6,0	5,2
40,61	10,83	5,0	6,0	5,2
40,63	10,88	5,0	6,0	5,2
40,65	10,94	5,0	6,0	5,2
40,68	11,00	5,0	6,0	5,2
40,70	11,04	5,0	6,0	5,2
40,73	11,09	5,0	6,0	5,2
40,75	11,15	5,0	6,0	5,2
40,78	11,20	5,0	6,0	5,2
40,80	11,25	5,0	6,0	5,2
40,83	11,29	5,0	6,0	5,2
40,85	11,34	5,0	6,0	5,2
40,87	11,39	5,0	6,0	5,2
40,90	11,44	5,0	6,0	5,2
40,92	11,50	5,0	6,0	5,2
40,95	11,55	5,0	6,0	5,2
40,97	11,59	5,0	6,0	5,2
41,00	11,64	5,0	6,0	5,2
41,02	11,69	5,0	6,0	5,2
41,05	11,75	5,0	6,0	5,2
41,07	11,80	5,0	6,0	5,2
41,09	11,86	5,0	6,0	5,2
41,12	11,91	5,0	6,0	5,2
41,14	11,95	5,0	6,0	5,2
41,17	12,01	5,0	6,0	5,2
41,19	12,06	5,0	6,0	5,2
41,22	12,11	5,0	6,0	5,2
41,24	12,15	5,0	6,0	5,2
41,26	12,19	5,0	6,0	5,2
41,29	12,24	5,0	6,0	5,2
41,31	12,29	5,0	6,0	5,2
41,34	12,34	5,0	6,0	5,2
41,36	12,39	5,0	6,0	5,2
41,39	12,43	5,0	6,0	5,2
41,41	12,48	5,0	6,0	5,2
41,44	12,53	5,0	6,0	5,2
41,46	12,58	5,0	6,0	5,2
41,48	12,64	5,0	6,0	5,2
41,51	12,69	5,0	6,0	5,2
41,53	12,74	5,0	6,0	5,2
41,56	12,78	5,0	6,0	5,2
41,58	12,83	5,0	6,0	5,2
41,61	12,88	5,0	6,0	5,2
41,63	12,93	5,0	6,0	5,2
41,66	12,96	5,0	6,0	5,2
41,68	13,01	5,0	6,0	5,2
41,70	13,04	5,0	6,0	5,2
41,73	13,09	5,0	6,0	5,2
41,75	13,14	5,0	6,0	5,2
41,78	13,19	5,0	6,0	5,2
41,80	13,24	5,0	6,0	5,2
41,83	13,27	5,0	6,0	5,2
41,85	13,31	5,0	6,0	5,2
41,88	13,36	5,0	6,0	5,2
41,90	13,41	5,0	6,0	5,2
41,92	13,46	5,0	6,0	5,2
41,95	13,50	5,0	6,0	5,2
41,97	13,55	5,0	6,0	5,2
42,00	13,59	5,0	6,0	5,2
42,02	13,63	5,0	6,0	5,2
42,05	13,68	5,0	6,0	5,2
42,07	13,72	5,0	6,0	5,2
42,10	13,76	5,0	6,0	5,2
42,12	13,80	5,0	6,0	5,2
42,14	13,84	5,0	6,0	5,2
42,17	13,88	5,0	6,0	5,2
42,19	13,92	5,0	6,0	5,2
42,22	13,97	5,0	6,0	5,2
42,24	14,01	5,0	6,0	5,2
42,27	14,04	5,0	6,0	5,2
42,29	14,07	5,0	6,0	5,2
42,31	14,12	5,0	6,0	5,2
42,34	14,16	5,0	6,0	5,2
42,36	14,20	5,0	6,0	5,2
42,39	14,24	5,0	6,0	5,2
42,41	14,28	5,0	6,0	5,2
42,44	14,31	5,0	6,0	5,2
42,46	14,35	5,0	6,0	5,2
42,49	14,39	5,0	6,0	5,2
42,51	14,43	5,0	6,0	5,2
42,53	14,47	5,0	6,0	5,2
42,56	14,50	5,0	6,0	5,2
42,58	14,53	5,0	6,0	5,2
42,61	14,57	5,0	6,0	5,2
42,63	14,61	5,0	6,0	5,2
42,66	14,66	5,0	6,0	5,2
42,68	14,69	5,0	6,0	5,2
42,71	14,72	5,0	6,0	5,2
42,73	14,76	5,0	6,0	5,2
42,75	14,79	5,0	6,0	5,2
42,78	14,84	5,0	6,0	5,2
42,80	14,87	5,0	6,0	5,2
42,83	14,91	5,0	6,0	5,2
42,85	14,94	5,0	6,0	5,2
42,88	14,97	5,0	6,0	5,2
42,90	15,02	5,0	6,0	5,2
42,93	15,05	5,0	6,0	5,2
42,95	15,08	5,0	6,0	5,2
42,97	15,11	5,0	6,0	5,2
43,00	15,14	5,0	6,0	5,2
43,02	15,18	5,0	6,0	5,2
43,05	15,21	5,0	6,0	5,2
43,07	15,25	5,0	6,0	5,2
43,10	15,28	5,0	6,0	5,2
43,12	15,30	5,0	6,0	5,2
43,15	15,33	5,0	6,0	5,2
43,17	15,37	5,0	6,0	5,2
43,19	15,41	5,0	6,0	5,2
43,22	15,44	5,0	6,0	5,2
43,24	15,48	5,0	6,0	5,2
43,27	15,51	5,0	6,0	5,2
43,29	15,53	5,0	6,0	5,2
43,32	15,56	5,0	6,0	5,2
43,34	15,60	5,0	6,0	5,2
43,36	15,63	5,0	6,0	5,2
43,39	15,64	5,0	6,0	5,2
43,41	15,67	5,0	6,0	5,2
43,44	15,70	5,0	6,0	5,2
43,46	15,73	5,0	6,0	5,2
43,49	15,76	5,0	6,0	5,2
43,51	15,80	5,0	6,0	5,2
43,54	15,83	5,0	6,0	5,2
43,56	15,85	5,0	6,0	5,2
43,58	15,88	5,0	6,0	5,2
43,61	15,92	5,0	6,0	5,2
43,63	15,94	5,0	6,0	5,2
43,66	15,97	5,0	6,0	5,2
43,68	15,99	5,0	6,0	5,2
43,71	16,02	5,0	6,0	5,2
43,73	16,04	5,0	6,0	5,2
43,76	16,06	5,0	6,0	5,2
43,78	16,10	5,0	6,0	5,2
43,80	16,12	5,0	6,0	5,2
43,83	16,14	5,0	6,0	5,2
43,85	16,16	5,0	6,0	5,2
43,88	16,19	5,0	6,0	5,2
43,90	16,23	5,0	6,0	5,2
43,93	16,25	5,0	6,0	5,2
43,95	16,29	5,0	6,0	5,2
43,98	16,31	5,0	6,0	5,2
44,00	16,33	5,0	6,0	5,2
44,02	16,35	5,0	6,0	5,2
44,05	16,38	5,0	6,0	5,2
44,07	16,40	5,0	6,0	5,2
44,10	16,42	5,0	6,0	5,2
44,12	16,44	5,0	6,0	5,2
44,15	16,46	5,0	6,0	5,2
44,17	16,48	5,0	6,0	5,2
44,20	16,51	5,0	6,0	5,2
44,22	16,54	5,0	6,0	5,2
44,24	16,55	5,0	6,0	5,2
44,27	16,57	5,0	6,0	5,2
44,29	16,60	5,0	6,0	5,2
44,32	16,62	5,0	6,0	5,2
44,34	16,66	5,0	6,0	5,2
44,37	16,68	5,0	6,0	5,2
44,39	16,71	5,0	6,0	5,2
44,41	16,72	5,0	6,0	5,2
44,44	16,74	5,0	6,0	5,2
44,46	16,77	5,0	6,0	5,2
44,49	16,78	5,0	6,0	5,2
44,51	16,80	5,0	6,0	5,2
44,54	16,82	5,0	6,0	5,2
44,56	16,82	5,0	6,0	5,2
44,59	16,85	5,0	6,0	5,2
44,61	16,86	5,0	6,0	5,2
44,63	16,89	5,0	6,0	5,2
44,66	16,91	5,0	6,0	5,2
44,68	16,92	5,0	6,0	5,2
44,71	16,94	5,0	6,0	5,2
44,73	16,96	5,0	6,0	5,2
44,76	16,98	5,0	6,0	5,2
44,78	17,01	5,0	6,0	5,2
44,81	17,02	5,0	6,0	5,2
44,83	17,04	5,0	6,0	5,2
44,85	17,05	5,0	6,0	5,2
44,88	17,07	5,0	6,0	5,2
44,90	17,09	5,0	6,0	5,2
44,93	17,11	5,0	6,0	5,2
44,95	17,11	5,0	6,0	5,2
44,98	17,13	5,0	6,0	5,2
45,00	17,14	5,0	6,0	5,2
45,03	17,16	5,0	6,0	5,2
45,05	17,17	5,0	6,0	5,2
45,07	17,19	5,0	6,0	5,2
45,10	17,21	5,0	6,0	5,2
45,12	17,21	5,0	6,0	5,2
45,15	17,23	5,0	6,0	5,2
45,17	17,25	5,0	6,0	5,2
45,20	17,27	5,0	6,0	5,2
45,22	17,28	5,0	6,0	5,2
45,25	17,30	5,0	6,0	5,2
45,27	17,31	5,0	6,0	5,2
45,29	17,32	5,0	6,0	5,2
45,32	17,33	5,0	6,0	5,2
45,34	17,35	5,0	6,0	5,2
45,37	17,36	5,0	6,0	5,2
45,39	17,37	5,0	6,0	5,2
45,42	17,38	5,0	6,0	5,2
45,44	17,40	5,0	6,0	5,2
45,47	17,40	5,0	6,0	5,2
45,49	17,42	5,0	6,0	5,2
45,51	17,44	5,0	6,0	5,2
45,54	17,45	5,0	6,0	5,2
45,56	17,45	5,0	6,0	5,2
45,59	17,46	5,0	6,0	5,2
45,61	17,48	5,0	6,0	5,2
45,64	17,49	5,0	6,0	5,2
45,66	17,50	5,0	6,0	5,2
45,68	17,51	5,0	6,0	5,2
45,71	17,51	5,0	6,0	5,2
45,73	17,52	5,0	6,0	5,2
45,76	17,53	5,0	6,0	5,2
45,78	17,54	5,0	6,0	5,2
45,81	17,54	5,0	6,0	5,2
45,83	17,55	5,0	6,0	5,2
45,86	17,56	5,0	6,0	5,2
45,88	17,56	5,0	6,0	5,2
45,90	17,57	5,0	6,0	5,2
45,93	17,58	5,0	6,0	5,2
45,95	17,59	5,0	6,0	5,2
45,98	17,59	5,0	6,0	5,2
46,00	17,59	5,0	6,0	5,2
46,03	17,60	5,0	6,0	5,2
46,05	17,61	5,0	6,0	5,2
46,08	17,62	5,0	6,0	5,2
46,10	17,62	5,0	6,0	5,2
46,12	17,63	5,0	6,0	5,2
46,15	17,63	5,0	6,0	5,2
46,17	17,63	5,0	6,0	5,2
46,20	17,64	5,0	6,0	5,2
46,22	17,64	5,0	6,0	5,2
46,25	17,64	5,0	6,0	5,2
46,27	17,65	5,0	6,0	5,2
46,30	17,65	5,0	6,0	5,2
46,32	17,66	5,0	6,0	5,2
46,34	17,66	5,0	6,0	5,2
46,37	17,68	5,0	6,0	5,2
46,39	17,68	5,0	6,0	5,2
46,42	17,68	5,0	6,0	5,2
46,44	17,68	5,0	6,0	5,2
46,47	17,69	5,0	6,0	5,2
46,49	17,69	5,0	6,0	5,2
46,52	17,70	5,0	6,0	5,2
46,54	17,70	5,0	6,0	5,2
46,56	17,69	5,0	6,0	5,2
46,59	17,69	5,0	6,0	5,2
46,61	17,69	5,0	6,0	5,2
46,64	17,70	5,0	6,0	5,2
46,66	17,70	5,0	6,0	5,2
46,69	17,68	5,0	6,0	5,2
46,71	17,69	5,0	6,0	5,2
46,73	17,68	5,0	6,0	5,2
46,76	17,69	5,0	6,0	5,2
46,78	17,68	5,0	6,0	5,2
46,81	17,69	5,0	6,0	5,2
46,83	17,69	5,0	6,0	5,2
46,86	17,67	5,0	6,0	5,2
46,88	17,66	5,0	6,0	5,2
46,91	17,66	5,0	6,0	5,2
46,93	17,66	5,0	6,0	5,2
46,95	17,65	5,0	6,0	5,2
46,98	17,63	5,0	6,0	5,2
47,00	17,62	5,0	6,0	5,2
47,03	17,60	5,0	6,0	5,2
47,05	17,60	5,0	6,0	5,2
47,08	17,59	5,0	6,0	5,2
47,10	17,57	5,0	6,0	5,2
47,13	17,55	5,0	6,0	5,2
47,15	17,54	5,0	6,0	5,2
47,17	17,53	5,0	6,0	5,2
47,20	17,52	5,0	6,0	5,2
47,22	17,50	5,0	6,0	5,2
47,25	17,49	5,0	6,0	5,2
47,27	17,46	5,0	6,0	5,2
47,30	17,43	5,0	6,0	5,2
47,32	17,40	5,0	6,0	5,2
47,35	17,38	5,0	6,0	5,2
47,37	17,35	5,0	6,0	5,2
47,39	17,32	5,0	6,0	5,2
47,42	17,28	5,0	6,0	5,2
47,44	17,24	5,0	6,0	5,2
47,47	17,21	5,0	6,0	5,2
47,49	17,18	5,0	6,0	5,2
47,52	17,15	5,0	6,0	5,2
47,54	17,10	5,0	6,0	5,2
47,57	17,06	5,0	6,0	5,2
47,59	17,03	5,0	6,0	5,2
47,61	16,98	5,0	6,0	5,2
47,64	16,95	5,0	6,0	5,2
47,66	16,90	5,0	6,0	5,2
47,69	16,86	5,0	6,0	5,2
47,71	16,81	5,0	6,0	5,2
47,74	16,76	5,0	6,0	5,2
47,76	16,72	5,0	6,0	5,2
47,78	16,66	5,0	6,0	5,2
47,81	16,62	5,0	6,0	5,2
47,83	16,56	5,0	6,0	5,2
47,86	16,50	5,0	6,0	5,2
47,88	16,45	5,0	6,0	5,2
47,91	16,39	5,0	6,0	5,2
47,93	16,36	5,0	6,0	5,2
47,96	16,30	5,0	6,0	5,2
47,98	16,24	5,0	6,0	5,2
48,00	16,19	5,0	6,0	5,2
48,03	16,15	5,0	6,0	5,2
48,05	16,10	5,0	6,0	5,2
48,08	16,05	5,0	6,0	5,2
48,10	16,00	5,0	6,0	5,2
48,13	15,94	5,0	6,0	5,2
48,15	15,88	5,0	6,0	5,2
48,18	15,83	5,0	6,0	5,2
48,20	15,78	5,0	6,0	5,2
48,22	15,72	5,0	6,0	5,2
48,25	15,66	5,0	6,0	5,2
48,27	15,61	5,0	6,0	5,2
48,30	15,55	5,0	6,0	5,2
48,32	15,50	5,0	6,0	5,2
48,35	15,44	5,0	6,0	5,2
48,37	15,40	5,0	6,0	5,2
48,40	15,34	5,0	6,0	5,2
48,42	15,27	5,0	6,0	5,2
48,44	15,22	5,0	6,0	5,2
48,47	15,17	5,0	6,0	5,2
48,49	15,12	5,0	6,0	5,2
48,52	15,06	5,0	6,0	5,2
48,54	14,99	5,0	6,0	5,2
48,57	14,94	5,0	6,0	5,2
48,59	14,87	5,0	6,0	5,2
48,62	14,82	5,0	6,0	5,2
48,64	14,76	5,0	6,0	5,2
48,66	14,70	5,0	6,0	5,2
48,69	14,64	5,0	6,0	5,2
48,71	14,58	5,0	6,0	5,2
48,74	14,52	5,0	6,0	5,2
48,76	14,47	5,0	6,0	5,2
48,79	14,42	5,0	6,0	5,2
48,81	14,36	5,0	6,0	5,2
48,84	14,29	5,0	6,0	5,2
48,86	14,23	5,0	6,0	5,2
48,88	14,17	5,0	6,0	5,2
48,91	14,11	5,0	6,0	5,2
48,93	14,05	5,0	6,0	5,2
48,96	13,99	5,0	6,0	5,2
48,98	13,92	5,0	6,0	5,2
49,01	13,85	5,0	6,0	5,2
49,03	13,79	5,0	6,0	5,2
49,05	13,72	5,0	6,0	5,2
49,08	13,66	5,0	6,0	5,2
49,10	13,59	5,0	6,0	5,2
49,13	13,53	5,0	6,0	5,2
49,15	13,47	5,0	6,0	5,2
49,18	13,40	5,0	6,0	5,2
49,20	13,35	5,0	6,0	5,2
49,23	13,28	5,0	6,0	5,2
49,25	13,21	5,0	6,0	5,2
49,27	13,14	5,0	6,0	5,2
49,30	13,07	5,0	6,0	5,2
49,32	13,01	5,0	6,0	5,2
49,35	12,94	5,0	6,0	5,2
49,37	12,87	5,0	6,0	5,2
49,40	12,80	5,0	6,0	5,2
49,42	12,72	5,0	6,0	5,2
49,45	12,65	5,0	6,0	5,2
49,47	12,58	5,0	6,0	5,2
49,49	12,52	5,0	6,0	5,2
49,52	12,44	5,0	6,0	5,2
49,54	12,36	5,0	6,0	5,2
49,57	12,29	5,0	6,0	5,2
49,59	12,22	5,0	6,0	5,2
49,62	12,16	5,0	6,0	5,2
49,64	12,09	5,0	6,0	5,2
49,67	12,02	5,0	6,0	5,2
49,69	11,94	5,0	6,0	5,2
49,71	11,87	5,0	6,0	5,2
49,74	11,79	5,0	6,0	5,2
49,76	11,73	5,0	6,0	5,2
49,79	11,65	5,0	6,0	5,2
49,81	11,57	5,0	6,0	5,2
49,84	11,49	5,0	6,0	5,2
49,86	11,42	5,0	6,0	5,2
49,89	11,34	5,0	6,0	5,2
49,91	11,27	5,0	6,0	5,2
49,93	11,20	5,0	6,0	5,2
49,96	11,12	5,0	6,0	5,2
49,98	11,04	5,0	6,0	5,2
50,01	10,98	5,0	6,0	5,2
50,03	10,92	5,0	6,0	5,2
50,06	10,85	5,0	6,0	5,2
50,08	10,78	5,0	6,0	5,2
50,10	10,70	5,0	6,0	5,2
50,13	10,63	5,0	6,0	5,2
50,15	10,55	5,0	6,0	5,2
50,18	10,49	5,0	6,0	5,2
50,20	10,42	5,0	6,0	5,2
50,23	10,34	5,0	6,0	5,2
50,25	10,26	5,0	6,0	5,2
50,28	10,19	5,0	6,0	5,2
50,30	10,12	5,0	6,0	5,2
50,32	10,05	5,0	6,0	5,2
50,35	9,99	5,0	6,0	5,2
50,37	9,92	5,0	6,0	5,2
50,40	9,84	5,0	6,0	5,2
50,42	9,78	5,0	6,0	5,2
50,45	9,72	5,0	6,0	5,2
50,47	9,65	5,0	6,0	5,2
50,50	9,58	5,0	6,0	5,2
50,52	9,51	5,0	6,0	5,2
50,54	9,44	5,0	6,0	5,2
50,57	9,36	5,0	6,0	5,2
50,59	9,30	5,0	6,0	5,2
50,62	9,23	5,0	6,0	5,2
50,64	9,17	5,0	6,0	5,2
50,67	9,09	5,0	6,0	5,2
50,69	9,02	5,0	6,0	5,2
50,72	8,95	5,0	6,0	5,2
50,74	8,89	5,0	6,0	5,2
50,76	8,83	5,0	6,0	5,2
50,79	8,76	5,0	6,0	5,2
50,81	8,70	5,0	6,0	5,2
50,84	8,63	5,0	6,0	5,2
50,86	8,56	5,0	6,0	5,2
50,89	8,50	5,0	6,0	5,2
50,91	8,43	5,0	6,0	5,2
50,94	8,37	5,0	6,0	5,2
50,96	8,30	5,0	6,0	5,2
50,98	8,23	5,0	6,0	5,2
51,01	8,16	5,0	6,0	5,2
51,03	8,10	5,0	6,0	5,2
51,06	8,04	5,0	6,0	5,2
51,08	7,98	5,0	6,0	5,2
51,11	7,91	5,0	6,0	5,2
51,13	7,85	5,0	6,0	5,2
51,15	7,78	5,0	6,0	5,2
51,18	7,73	5,0	6,0	5,2
51,20	7,66	5,0	6,0	5,2
51,23	7,61	5,0	6,0	5,2
51,25	7,53	5,0	6,0	5,2
51,28	7,47	5,0	6,0	5,2
51,30	7,41	5,0	6,0	5,2
51,33	7,36	5,0	6,0	5,2
51,35	7,30	5,0	6,0	5,2
51,37	7,24	5,0	6,0	5,2
51,40	7,18	5,0	6,0	5,2
51,42	7,12	5,0	6,0	5,2
51,45	7,06	5,0	6,0	5,2
51,47	7,01	5,0	6,0	5,2
51,50	6,96	5,0	6,0	5,2
51,52	6,90	5,0	6,0	5,2
51,55	6,84	5,0	6,0	5,2
51,57	6,79	5,0	6,0	5,2
51,59	6,74	5,0	6,0	5,2
51,62	6,70	5,0	6,0	5,2
51,64	6,65	5,0	6,0	5,2
51,67	6,60	5,0	6,0	5,2
51,69	6,55	5,0	6,0	5,2
51,72	6,49	5,0	6,0	5,2
51,74	6,46	5,0	6,0	5,2
51,77	6,42	5,0	6,0	5,2
51,79	6,37	5,0	6,0	5,2
51,81	6,33	5,0	6,0	5,2
51,84	6,28	5,0	6,0	5,2
51,86	6,25	5,0	6,0	5,2
51,89	6,20	5,0	6,0	5,2
51,91	6,17	5,0	6,0	5,2
51,94	6,14	5,0	6,0	5,2
51,96	6,09	5,0	6,0	5,2
51,99	6,05	5,0	6,0	5,2
52,01	6,03	5,0	6,0	5,2
52,03	5,99	5,0	6,0	5,2
52,06	5,97	5,0	6,0	5,2
52,08	5,94	5,0	6,0	5,2
52,11	5,91	5,0	6,0	5,2
52,13	5,88	5,0	6,0	5,2
52,16	5,85	5,0	6,0	5,2
52,18	5,83	5,0	6,0	5,2
52,20	5,81	5,0	6,0	5,2
52,23	5,78	5,0	6,0	5,2
52,25	5,75	5,0	6,0	5,2
52,28	5,72	5,0	6,0	5,2
52,30	5,70	5,0	6,0	5,2
52,33	5,68	5,0	6,0	5,2
52,35	5,65	5,0	6,0	5,2
52,38	5,64	5,0	6,0	5,2
52,40	5,61	5,0	6,0	5,2
52,42	5,58	5,0	6,0	5,2
52,45	5,57	5,0	6,0	5,2
52,47	5,55	5,0	6,0	5,2
52,50	5,54	5,0	6,0	5,2
52,52	5,52	5,0	6,0	5,2
52,55	5,50	5,0	6,0	5,2
52,57	5,47	5,0	6,0	5,2
52,60	5,45	5,0	6,0	5,2
52,62	5,44	5,0	6,0	5,2
52,64	5,43	5,0	6,0	5,2
52,67	5,40	5,0	6,0	5,2
52,69	5,38	5,0	6,0	5,2
52,72	5,36	5,0	6,0	5,2
52,74	5,34	5,0	6,0	5,2
52,77	5,33	5,0	6,0	5,2
52,79	5,32	5,0	6,0	5,2
52,82	5,30	5,0	6,0	5,2
52,84	5,28	5,0	6,0	5,2
52,86	5,27	5,0	6,0	5,2
52,89	5,26	5,0	6,0	5,2
52,91	5,25	5,0	6,0	5,2
52,94	5,23	5,0	6,0	5,2
52,96	5,22	5,0	6,0	5,2
52,99	5,19	5,0	6,0	5,2
53,01	5,17	5,0	6,0	5,2
53,04	5,16	5,0	6,0	5,2
53,06	5,16	5,0	6,0	5,2
53,08	5,13	5,0	6,0	5,2
53,11	5,12	5,0	6,0	5,2
53,13	5,10	5,0	6,0	5,2
53,16	5,09	5,0	6,0	5,2
53,18	5,08	5,0	6,0	5,2
53,21	5,07	5,0	6,0	5,2
53,23	5,07	5,0	6,0	5,2
53,26	5,05	5,0	6,0	5,2
53,28	5,03	5,0	6,0	5,2
53,30	5,04	5,0	6,0	5,2
53,33	5,04	5,0	6,0	5,2
53,35	5,03	5,0	6,0	5,2
53,38	5,02	5,0	6,0	5,2
53,40	5,01	5,0	6,0	5,2
53,43	5,00	5,0	6,0	5,2
53,45	4,98	5,0	6,0	5,2
53,47	4,99	5,0	6,0	5,2
53,50	4,99	5,0	6,0	5,2
53,52	4,98	5,0	6,0	5,2
53,55	4,98	5,0	6,0	5,2
53,57	4,98	5,0	6,0	5,2
53,60	4,99	5,0	6,0	5,2
53,62	4,99	5,0	6,0	5,2
53,65	5,00	5,0	6,0	5,2
53,67	5,01	5,0	6,0	5,2
53,69	5,01	5,0	6,0	5,2
53,72	5,01	5,0	6,0	5,2
53,74	5,03	5,0	6,0	5,2
53,77	5,04	5,0	6,0	5,2
53,79	5,05	5,0	6,0	5,2
53,82	5,05	5,0	6,0	5,2
53,84	5,06	5,0	6,0	5,2
53,87	5,06	5,0	6,0	5,2
53,89	5,08	5,0	6,0	5,2
53,91	5,10	5,0	6,0	5,2
53,94	5,12	5,0	6,0	5,2
53,96	5,13	5,0	6,0	5,2
53,99	5,14	5,0	6,0	5,2
54,01	5,16	5,0	6,0	5,2
54,04	5,19	5,0	6,0	5,2
54,06	5,21	5,0	6,0	5,2
54,09	5,23	5,0	6,0	5,2
54,11	5,26	5,0	6,0	5,2
54,13	5,27	5,0	6,0	5,2
54,16	5,29	5,0	6,0	5,2
54,18	5,32	5,0	6,0	5,2
54,21	5,35	5,0	6,0	5,2
54,23	5,38	5,0	6,0	5,2
54,26	5,39	5,0	6,0	5,2
54,28	5,41	5,0	6,0	5,2
54,31	5,43	5,0	6,0	5,2
54,33	5,46	5,0	6,0	5,2
54,35	5,50	5,0	6,0	5,2
54,38	5,52	5,0	6,0	5,2
54,40	5,54	5,0	6,0	5,2
54,43	5,58	5,0	6,0	5,2
54,45	5,61	5,0	6,0	5,2
54,48	5,65	5,0	6,0	5,2
54,50	5,67	5,0	6,0	5,2
54,52	5,71	5,0	6,0	5,2
54,55	5,73	5,0	6,0	5,2
54,57	5,76	5,0	6,0	5,2
54,60	5,80	5,0	6,0	5,2
54,62	5,84	5,0	6,0	5,2
54,65	5,86	5,0	6,0	5,2
54,67	5,89	5,0	6,0	5,2
54,70	5,92	5,0	6,0	5,2
54,72	5,95	5,0	6,0	5,2
54,74	5,98	5,0	6,0	5,2
54,77	6,02	5,0	6,0	5,2
54,79	6,06	5,0	6,0	5,2
54,82	6,08	5,0	6,0	5,2
54,84	6,11	5,0	6,0	5,2
54,87	6,16	5,0	6,0	5,2
54,89	6,19	5,0	6,0	5,2
54,92	6,24	5,0	6,0	5,2
54,94	6,27	5,0	6,0	5,2
54,96	6,31	5,0	6,0	5,2
54,99	6,34	5,0	6,0	5,2
55,01	6,37	5,0	6,0	5,2
55,04	6,42	5,0	6,0	5,2
55,06	6,47	5,0	6,0	5,2
55,09	6,50	5,0	6,0	5,2
55,11	6,54	5,0	6,0	5,2
55,14	6,57	5,0	6,0	5,2
55,16	6,61	5,0	6,0	5,2
55,18	6,64	5,0	6,0	5,2
55,21	6,69	5,0	6,0	5,2
55,23	6,74	5,0	6,0	5,2
55,26	6,77	5,0	6,0	5,2
55,28	6,81	5,0	6,0	5,2
55,31	6,87	5,0	6,0	5,2
55,33	6,91	5,0	6,0	5,2
55,36	6,96	5,0	6,0	5,2
55,38	7,00	5,0	6,0	5,2
55,40	7,05	5,0	6,0	5,2
55,43	7,09	5,0	6,0	5,2
55,45	7,14	5,0	6,0	5,2
55,48	7,19	5,0	6,0	5,2
55,50	7,24	5,0	6,0	5,2
55,53	7,28	5,0	6,0	5,2
55,55	7,32	5,0	6,0	5,2
55,57	7,37	5,0	6,0	5,2
55,60	7,42	5,0	6,0	5,2
55,62	7,47	5,0	6,0	5,2
55,65	7,53	5,0	6,0	5,2
55,67	7,58	5,0	6,0	5,2
55,70	7,62	5,0	6,0	5,2
55,72	7,68	5,0	6,0	5,2
55,75	7,74	5,0	6,0	5,2
55,77	7,79	5,0	6,0	5,2
55,79	7,85	5,0	6,0	5,2
55,82	7,90	5,0	6,0	5,2
55,84	7,95	5,0	6,0	5,2
55,87	8,00	5,0	6,0	5,2
55,89	8,07	5,0	6,0	5,2
55,92	8,13	5,0	6,0	5,2
55,94	8,18	5,0	6,0	5,2
55,97	8,23	5,0	6,0	5,2
55,99	8,29	5,0	6,0	5,2
56,01	8,34	5,0	6,0	5,2
56,04	8,40	5,0	6,0	5,2
56,06	8,46	5,0	6,0	5,2
56,09	8,53	5,0	6,0	5,2
56,11	8,58	5,0	6,0	5,2
56,14	8,64	5,0	6,0	5,2
56,16	8,71	5,0	6,0	5,2
56,19	8,78	5,0	6,0	5,2
56,21	8,84	5,0	6,0	5,2
56,23	8,90	5,0	6,0	5,2
56,26	8,97	5,0	6,0	5,2
56,28	9,01	5,0	6,0	5,2
56,31	9,08	5,0	6,0	5,2
56,33	9,15	5,0	6,0	5,2
56,36	9,21	5,0	6,0	5,2
56,38	9,27	5,0	6,0	5,2
56,41	9,33	5,0	6,0	5,2
56,43	9,40	5,0	6,0	5,2
56,45	9,46	5,0	6,0	5,2
56,48	9,53	5,0	6,0	5,2
56,50	9,60	5,0	6,0	5,2
56,53	9,67	5,0	6,0	5,2
56,55	9,73	5,0	6,0	5,2
56,58	9,79	5,0	6,0	5,2
56,60	9,87	5,0	6,0	5,2
56,62	9,94	5,0	6,0	5,2
56,65	10,01	5,0	6,0	5,2
56,67	10,07	5,0	6,0	5,2
56,70	10,13	5,0	6,0	5,2
56,72	10,19	5,0	6,0	5,2
56,75	10,25	5,0	6,0	5,2
56,77	10,33	5,0	6,0	5,2
56,80	10,41	5,0	6,0	5,2
56,82	10,46	5,0	6,0	5,2
56,84	10,53	5,0	6,0	5,2
56,87	10,60	5,0	6,0	5,2
56,89	10,68	5,0	6,0	5,2
56,92	10,75	5,0	6,0	5,2
56,94	10,84	5,0	6,0	5,2
56,97	10,91	5,0	6,0	5,2
56,99	10,97	5,0	6,0	5,2
57,02	11,04	5,0	6,0	5,2
57,04	11,11	5,0	6,0	5,2
57,06	11,18	5,0	6,0	5,2
57,09	11,25	5,0	6,0	5,2
57,11	11,31	5,0	6,0	5,2
57,14	11,38	5,0	6,0	5,2
57,16	11,45	5,0	6,0	5,2
57,19	11,52	5,0	6,0	5,2
57,21	11,60	5,0	6,0	5,2
57,24	11,67	5,0	6,0	5,2
57,26	11,74	5,0	6,0	5,2
57,28	11,82	5,0	6,0	5,2
57,31	11,89	5,0	6,0	5,2
57,33	11,98	5,0	6,0	5,2
57,36	12,06	5,0	6,0	5,2
57,38	12,13	5,0	6,0	5,2
57,41	12,20	5,0	6,0	5,2
57,43	12,27	5,0	6,0	5,2
57,46	12,35	5,0	6,0	5,2
57,48	12,43	5,0	6,0	5,2
57,50	12,50	5,0	6,0	5,2
57,53	12,58	5,0	6,0	5,2
57,55	12,64	5,0	6,0	5,2
57,58	12,72	5,0	6,0	5,2
57,60	12,79	5,0	6,0	5,2
57,63	12,87	5,0	6,0	5,2
57,65	12,96	5,0	6,0	5,2
57,68	13,02	5,0	6,0	5,2
57,70	13,10	5,0	6,0	5,2
57,72	13,18	5,0	6,0	5,2
57,75	13,26	5,0	6,0	5,2
57,77	13,35	5,0	6,0	5,2
57,80	13,42	5,0	6,0	5,2
57,82	13,50	5,0	6,0	5,2
57,85	13,57	5,0	6,0	5,2
57,87	13,65	5,0	6,0	5,2
57,89	13,74	5,0	6,0	5,2
57,92	13,82	5,0	6,0	5,2
57,94	13,90	5,0	6,0	5,2
57,97	13,98	5,0	6,0	5,2
57,99	14,04	5,0	6,0	5,2
58,02	14,11	5,0	6,0	5,2
58,04	14,19	5,0	6,0	5,2
58,07	14,28	5,0	6,0	5,2
58,09	14,36	5,0	6,0	5,2
58,11	14,43	5,0	6,0	5,2
58,14	14,51	5,0	6,0	5,2
58,16	14,60	5,0	6,0	5,2
58,19	14,68	5,0	6,0	5,2
58,21	14,76	5,0	6,0	5,2
58,24	14,85	5,0	6,0	5,2
58,26	14,93	5,0	6,0	5,2
58,29	15,00	5,0	6,0	5,2
58,31	15,08	5,0	6,0	5,2
58,33	15,16	5,0	6,0	5,2
58,36	15,25	5,0	6,0	5,2
58,38	15,32	5,0	6,0	5,2
58,41	15,40	5,0	6,0	5,2
58,43	15,48	5,0	6,0	5,2
58,46	15,56	5,0	6,0	5,2
58,48	15,63	5,0	6,0	5,2
58,51	15,73	5,0	6,0	5,2
58,53	15,81	5,0	6,0	5,2
58,55	15,89	5,0	6,0	5,2
58,58	15,97	5,0	6,0	5,2
58,60	16,07	5,0	6,0	5,2
58,63	16,15	5,0	6,0	5,2
58,65	16,24	5,0	6,0	5,2
58,68	16,32	5,0	6,0	5,2
58,70	16,40	5,0	6,0	5,2
58,73	16,47	5,0	6,0	5,2
58,75	16,56	5,0	6,0	5,2
58,77	16,65	5,0	6,0	5,2
58,80	16,72	5,0	6,0	5,2
58,82	16,80	5,0	6,0	5,2
58,85	16,88	5,0	6,0	5,2
58,87	16,96	5,0	6,0	5,2
58,90	17,04	5,0	6,0	5,2
58,92	17,14	5,0	6,0	5,2
58,94	17,23	5,0	6,0	5,2
58,97	17,31	5,0	6,0	5,2
58,99	17,39	5,0	6,0	5,2
59,02	17,48	5,0	6,0	5,2
59,04	17,56	5,0	6,0	5,2
59,07	17,65	5,0	6,0	5,2
59,09	17,73	5,0	6,0	5,2
59,12	17,81	5,0	6,0	5,2
59,14	17,88	5,0	6,0	5,2
59,16	17,96	5,0	6,0	5,2
59,19	18,05	5,0	6,0	5,2
59,21	18,13	5,0	6,0	5,2
59,24	18,21	5,0	6,0	5,2
59,26	18,29	5,0	6,0	5,2
59,29	18,37	5,0	6,0	5,2
59,31	18,45	5,0	6,0	5,2
59,34	18,53	5,0	6,0	5,2
59,36	18,62	5,0	6,0	5,2
59,38	18,71	5,0	6,0	5,2
59,41	18,78	5,0	6,0	5,2
59,43	18,86	5,0	6,0	5,2
59,46	18,95	5,0	6,0	5,2
59,48	19,03	5,0	6,0	5,2
59,51	19,13	5,0	6,0	5,2
59,53	19,20	5,0	6,0	5,2
59,56	19,28	5,0	6,0	5,2
59,58	19,35	5,0	6,0	5,2
59,60	19,44	5,0	6,0	5,2
59,63	19,53	5,0	6,0	5,2
59,65	19,61	5,0	6,0	5,2
59,68	19,68	5,0	6,0	5,2
59,70	19,76	5,0	6,0	5,2
59,73	19,84	5,0	6,0	5,2
59,75	19,93	5,0	6,0	5,2
59,78	20,01	5,0	6,0	5,2
59,80	20,10	5,0	6,0	5,2
59,82	20,18	5,0	6,0	5,2
59,85	20,25	5,0	6,0	5,2
59,87	20,33	5,0	6,0	5,2
59,90	20,43	5,0	6,0	5,2
59,92	20,52	5,0	6,0	5,2
59,95	20,60	5,0	6,0	5,2
59,97	20,66	5,0	6,0	5,2
59,99	20,74	5,0	6,0	5,2
60,02	20,81	5,0	6,0	5,2
60,04	20,89	5,0	6,0	5,2
60,07	20,98	5,0	6,0	5,2
60,09	21,05	5,0	6,0	5,2
60,12	21,12	5,0	6,0	5,2
60,14	21,21	5,0	6,0	5,2
60,17	21,29	5,0	6,0	5,2
60,19	21,37	5,0	6,0	5,2
60,21	21,44	5,0	6,0	5,2
60,24	21,54	5,0	6,0	5,2
60,26	21,61	5,0	6,0	5,2
60,29	21,69	5,0	6,0	5,2
60,31	21,78	5,0	6,0	5,2
60,34	21,86	5,0	6,0	5,2
60,36	21,93	5,0	6,0	5,2
60,39	22,01	5,0	6,0	5,2
60,41	22,08	5,0	6,0	5,2
60,43	22,16	5,0	6,0	5,2
60,46	22,23	5,0	6,0	5,2
60,48	22,32	5,0	6,0	5,2
60,51	22,40	5,0	6,0	5,2
60,53	22,47	5,0	6,0	5,2
60,56	22,54	5,0	6,0	5,2
60,58	22,63	5,0	6,0	5,2
60,61	22,71	5,0	6,0	5,2
60,63	22,80	5,0	6,0	5,2
60,65	22,88	5,0	6,0	5,2
60,68	22,97	5,0	6,0	5,2
60,70	23,04	5,0	6,0	5,2
60,73	23,12	5,0	6,0	5,2
60,75	23,19	5,0	6,0	5,2
60,78	23,28	5,0	6,0	5,2
60,80	23,35	5,0	6,0	5,2
60,83	23,43	5,0	6,0	5,2
60,85	23,49	5,0	6,0	5,2
60,87	23,57	5,0	6,0	5,2
60,90	23,64	5,0	6,0	5,2
60,92	23,73	5,0	6,0	5,2
60,95	23,81	5,0	6,0	5,2
60,97	23,88	5,0	6,0	5,2
61,00	23,95	5,0	6,0	5,2
61,02	24,04	5,0	6,0	5,2
61,05	24,11	5,0	6,0	5,2
61,07	24,20	5,0	6,0	5,2
61,09	24,27	5,0	6,0	5,2
61,12	24,35	5,0	6,0	5,2
61,14	24,41	5,0	6,0	5,2
61,17	24,49	5,0	6,0	5,2
61,19	24,57	5,0	6,0	5,2
61,22	24,65	5,0	6,0	5,2
61,24	24,72	5,0	6,0	5,2
61,26	24,79	5,0	6,0	5,2
61,29	24,86	5,0	6,0	5,2
61,31	24,93	5,0	6,0	5,2
61,34	25,01	5,0	6,0	5,2
61,36	25,09	5,0	6,0	5,2
61,39	25,16	5,0	6,0	5,2
61,41	25,22	5,0	6,0	5,2
61,44	25,30	5,0	6,0	5,2
61,46	25,38	5,0	6,0	5,2
61,48	25,45	5,0	6,0	5,2
61,51	25,52	5,0	6,0	5,2
61,53	25,59	5,0	6,0	5,2
61,56	25,66	5,0	6,0	5,2
61,58	25,72	5,0	6,0	5,2
61,61	25,80	5,0	6,0	5,2
61,63	25,88	5,0	6,0	5,2
61,66	25,94	5,0	6,0	5,2
61,68	26,00	5,0	6,0	5,2
61,70	26,08	5,0	6,0	5,2
61,73	26,14	5,0	6,0	5,2
61,75	26,21	5,0	6,0	5,2
61,78	26,28	5,0	6,0	5,2
61,80	26,36	5,0	6,0	5,2
61,83	26,42	5,0	6,0	5,2
61,85	26,49	5,0	6,0	5,2
61,88	26,56	5,0	6,0	5,2
61,90	26,64	5,0	6,0	5,2
61,92	26,71	5,0	6,0	5,2
61,95	26,78	5,0	6,0	5,2
61,97	26,85	5,0	6,0	5,2
62,00	26,91	5,0	6,0	5,2
62,02	26,97	5,0	6,0	5,2
62,05	27,05	5,0	6,0	5,2
62,07	27,12	5,0	6,0	5,2
62,10	27,18	5,0	6,0	5,2
62,12	27,25	5,0	6,0	5,2
62,14	27,31	5,0	6,0	5,2
62,17	27,38	5,0	6,0	5,2
62,19	27,44	5,0	6,0	5,2
62,22	27,51	5,0	6,0	5,2
62,24	27,58	5,0	6,0	5,2
62,27	27,64	5,0	6,0	5,2
62,29	27,71	5,0	6,0	5,2
62,31	27,78	5,0	6,0	5,2
62,34	27,85	5,0	6,0	5,2
62,36	27,92	5,0	6,0	5,2
62,39	27,97	5,0	6,0	5,2
62,41	28,03	5,0	6,0	5,2
62,44	28,09	5,0	6,0	5,2
62,46	28,14	5,0	6,0	5,2
62,49	28,22	5,0	6,0	5,2
62,51	28,28	5,0	6,0	5,2
62,53	28,33	5,0	6,0	5,2
62,56	28,39	5,0	6,0	5,2
62,58	28,45	5,0	6,0	5,2
62,61	28,52	5,0	6,0	5,2
62,63	28,58	5,0	6,0	5,2
62,66	28,65	5,0	6,0	5,2
62,68	28,71	5,0	6,0	5,2
62,71	28,76	5,0	6,0	5,2
62,73	28,82	5,0	6,0	5,2
62,75	28,89	5,0	6,0	5,2
62,78	28,94	5,0	6,0	5,2
62,80	29,01	5,0	6,0	5,2
62,83	29,05	5,0	6,0	5,2
62,85	29,11	5,0	6,0	5,2
62,88	29,17	5,0	6,0	5,2
62,90	29,23	5,0	6,0	5,2
62,93	29,31	5,0	6,0	5,2
62,95	29,36	5,0	6,0	5,2
62,97	29,40	5,0	6,0	5,2
63,00	29,47	5,0	6,0	5,2
63,02	29,52	5,0	6,0	5,2
63,05	29,58	5,0	6,0	5,2
63,07	29,63	5,0	6,0	5,2
63,10	29,69	5,0	6,0	5,2
63,12	29,74	5,0	6,0	5,2
63,15	29,79	5,0	6,0	5,2
63,17	29,85	5,0	6,0	5,2
63,19	29,91	5,0	6,0	5,2
63,22	29,95	5,0	6,0	5,2
63,24	30,01	5,0	6,0	5,2
63,27	30,05	5,0	6,0	5,2
63,29	30,10	5,0	6,0	5,2
63,32	30,15	5,0	6,0	5,2
63,34	30,21	5,0	6,0	5,2
63,36	30,27	5,0	6,0	5,2
63,39	30,32	5,0	6,0	5,2
63,41	30,36	5,0	6,0	5,2
63,44	30,42	5,0	6,0	5,2
63,46	30,47	5,0	6,0	5,2
63,49	30,53	5,0	6,0	5,2
63,51	30,57	5,0	6,0	5,2
63,54	30,62	5,0	6,0	5,2
63,56	30,66	5,0	6,0	5,2
63,58	30,70	5,0	6,0	5,2
63,61	30,76	5,0	6,0	5,2
63,63	30,81	5,0	6,0	5,2
63,66	30,85	5,0	6,0	5,2
63,68	30,90	5,0	6,0	5,2
63,71	30,92	5,0	6,0	5,2
63,73	30,97	5,0	6,0	5,2
63,76	31,00	5,0	6,0	5,2
63,78	31,05	5,0	6,0	5,2
63,80	31,09	5,0	6,0	5,2
63,83	31,12	5,0	6,0	5,2
63,85	31,17	5,0	6,0	5,2
63,88	31,20	5,0	6,0	5,2
63,90	31,24	5,0	6,0	5,2
63,93	31,28	5,0	6,0	5,2
63,95	31,31	5,0	6,0	5,2
63,98	31,35	5,0	6,0	5,2
64,00	31,37	5,0	6,0	5,2
64,02	31,40	5,0	6,0	5,2
64,05	31,44	5,0	6,0	5,2
64,07	31,47	5,0	6,0	5,2
64,10	31,49	5,0	6,0	5,2
64,12	31,51	5,0	6,0	5,2
64,15	31,54	5,0	6,0	5,2
64,17	31,57	5,0	6,0	5,2
64,20	31,59	5,0	6,0	5,2
64,22	31,62	5,0	6,0	5,2
64,24	31,65	5,0	6,0	5,2
64,27	31,66	5,0	6,0	5,2
64,29	31,68	5,0	6,0	5,2
64,32	31,72	5,0	6,0	5,2
64,34	31,74	5,0	6,0	5,2
64,37	31,77	5,0	6,0	5,2
64,39	31,78	5,0	6,0	5,2
64,41	31,80	5,0	6,0	5,2
64,44	31,81	5,0	6,0	5,2
64,46	31,83	5,0	6,0	5,2
64,49	31,86	5,0	6,0	5,2
64,51	31,87	5,0	6,0	5,2
64,54	31,88	5,0	6,0	5,2
64,56	31,89	5,0	6,0	5,2
64,59	31,90	5,0	6,0	5,2
64,61	31,90	5,0	6,0	5,2
64,63	31,93	5,0	6,0	5,2
64,66	31,95	5,0	6,0	5,2
64,68	31,95	5,0	6,0	5,2
64,71	31,96	5,0	6,0	5,2
64,73	31,98	5,0	6,0	5,2
64,76	31,99	5,0	6,0	5,2
64,78	31,99	5,0	6,0	5,2
64,81	31,99	5,0	6,0	5,2
64,83	32,00	5,0	6,0	5,2
64,85	31,99	5,0	6,0	5,2
64,88	32,00	5,0	6,0	5,2
64,90	32,01	5,0	6,0	5,2
64,93	32,02	5,0	6,0	5,2
64,95	32,02	5,0	6,0	5,2
64,98	32,01	5,0	6,0	5,2
65,00	32,02	5,0	6,0	5,2
65,03	32,02	5,0	6,0	5,2
65,05	32,03	5,0	6,0	5,2
65,07	32,04	5,0	6,0	5,2
65,10	32,04	5,0	6,0	5,2
65,12	32,04	5,0	6,0	5,2
65,15	32,04	5,0	6,0	5,2
65,17	32,05	5,0	6,0	5,2
65,20	32,06	5,0	6,0	5,2
65,22	32,07	5,0	6,0	5,2
65,25	32,05	5,0	6,0	5,2
65,27	32,06	5,0	6,0	5,2
65,29	32,05	5,0	6,0	5,2
65,32	32,05	5,0	6,0	5,2
65,34	32,06	5,0	6,0	5,2
65,37	32,07	5,0	6,0	5,2
65,39	32,05	5,0	6,0	5,2
65,42	32,06	5,0	6,0	5,2
65,44	32,05	5,0	6,0	5,2
65,47	32,06	5,0	6,0	5,2
65,49	32,06	5,0	6,0	5,2
65,51	32,07	5,0	6,0	5,2
65,54	32,07	5,0	6,0	5,2
65,56	32,06	5,0	6,0	5,2
65,59	32,06	5,0	6,0	5,2
65,61	32,06	5,0	6,0	5,2
65,64	32,06	5,0	6,0	5,2
65,66	32,05	5,0	6,0	5,2
65,68	32,03	5,0	6,0	5,2
65,71	32,03	5,0	6,0	5,2
65,73	32,01	5,0	6,0	5,2
65,76	32,00	5,0	6,0	5,2
65,78	32,00	5,0	6,0	5,2
65,81	31,99	5,0	6,0	5,2
65,83	31,97	5,0	6,0	5,2
65,86	31,95	5,0	6,0	5,2
65,88	31,94	5,0	6,0	5,2
65,90	31,93	5,0	6,0	5,2
65,93	31,92	5,0	6,0	5,2
65,95	31,92	5,0	6,0	5,2
65,98	31,90	5,0	6,0	5,2
66,00	31,88	5,0	6,0	5,2
66,03	31,87	5,0	6,0	5,2
66,05	31,86	5,0	6,0	5,2
66,08	31,83	5,0	6,0	5,2
66,10	31,81	5,0	6,0	5,2
66,12	31,78	5,0	6,0	5,2
66,15	31,76	5,0	6,0	5,2
66,17	31,74	5,0	6,0	5,2
66,20	31,72	5,0	6,0	5,2
66,22	31,70	5,0	6,0	5,2
66,25	31,67	5,0	6,0	5,2
66,27	31,64	5,0	6,0	5,2
66,30	31,62	5,0	6,0	5,2
66,32	31,59	5,0	6,0	5,2
66,34	31,58	5,0	6,0	5,2
66,37	31,55	5,0	6,0	5,2
66,39	31,52	5,0	6,0	5,2
66,42	31,49	5,0	6,0	5,2
66,44	31,46	5,0	6,0	5,2
66,47	31,44	5,0	6,0	5,2
66,49	31,41	5,0	6,0	5,2
66,52	31,38	5,0	6,0	5,2
66,54	31,34	5,0	6,0	5,2
66,56	31,30	5,0	6,0	5,2
66,59	31,27	5,0	6,0	5,2
66,61	31,23	5,0	6,0	5,2
66,64	31,20	5,0	6,0	5,2
66,66	31,17	5,0	6,0	5,2
66,69	31,14	5,0	6,0	5,2
66,71	31,10	5,0	6,0	5,2
66,73	31,08	5,0	6,0	5,2
66,76	31,04	5,0	6,0	5,2
66,78	31,01	5,0	6,0	5,2
66,81	30,97	5,0	6,0	5,2
66,83	30,95	5,0	6,0	5,2
66,86	30,91	5,0	6,0	5,2
66,88	30,86	5,0	6,0	5,2
66,91	30,84	5,0	6,0	5,2
66,93	30,81	5,0	6,0	5,2
66,95	30,75	5,0	6,0	5,2
66,98	30,72	5,0	6,0	5,2
67,00	30,67	5,0	6,0	5,2
67,03	30,63	5,0	6,0	5,2
67,05	30,60	5,0	6,0	5,2
67,08	30,56	5,0	6,0	5,2
67,10	30,53	5,0	6,0	5,2
67,13	30,48	5,0	6,0	5,2
67,15	30,45	5,0	6,0	5,2
67,17	30,41	5,0	6,0	5,2
67,20	30,38	5,0	6,0	5,2
67,22	30,35	5,0	6,0	5,2
67,25	30,32	5,0	6,0	5,2
67,27	30,27	5,0	6,0	5,2
67,30	30,23	5,0	6,0	5,2
67,32	30,20	5,0	6,0	5,2
67,35	30,16	5,0	6,0	5,2
67,37	30,11	5,0	6,0	5,2
67,39	30,07	5,0	6,0	5,2
67,42	30,02	5,0	6,0	5,2
67,44	29,98	5,0	6,0	5,2
67,47	29,95	5,0	6,0	5,2
67,49	29,92	5,0	6,0	5,2
67,52	29,88	5,0	6,0	5,2
67,54	29,83	5,0	6,0	5,2
67,57	29,79	5,0	6,0	5,2
67,59	29,76	5,0	6,0	5,2
67,61	29,73	5,0	6,0	5,2
67,64	29,68	5,0	6,0	5,2
67,66	29,65	5,0	6,0	5,2
67,69	29,60	5,0	6,0	5,2
67,71	29,55	5,0	6,0	5,2
67,74	29,50	5,0	6,0	5,2
67,76	29,46	5,0	6,0	5,2
67,78	29,43	5,0	6,0	5,2
67,81	29,37	5,0	6,0	5,2
67,83	29,31	5,0	6,0	5,2
67,86	29,25	5,0	6,0	5,2
67,88	29,21	5,0	6,0	5,2
67,91	29,16	5,0	6,0	5,2
67,93	29,12	5,0	6,0	5,2
67,96	29,07	5,0	6,0	5,2
67,98	29,02	5,0	6,0	5,2
68,00	28,97	5,0	6,0	5,2
68,03	28,93	5,0	6,0	5,2
68,05	28,89	5,0	6,0	5,2
68,08	28,84	5,0	6,0	5,2
68,10	28,79	5,0	6,0	5,2
68,13	28,74	5,0	6,0	5,2
68,15	28,68	5,0	6,0	5,2
68,18	28,63	5,0	6,0	5,2
68,20	28,59	5,0	6,0	5,2
68,22	28,54	5,0	6,0	5,2
68,25	28,49	5,0	6,0	5,2
68,27	28,43	5,0	6,0	5,2
68,30	28,38	5,0	6,0	5,2
68,32	28,34	5,0	6,0	5,2
68,35	28,30	5,0	6,0	5,2
68,37	28,27	5,0	6,0	5,2
68,40	28,22	5,0	6,0	5,2
68,42	28,17	5,0	6,0	5,2
68,44	28,13	5,0	6,0	5,2
68,47	28,10	5,0	6,0	5,2
68,49	28,06	5,0	6,0	5,2
68,52	28,02	5,0	6,0	5,2
68,54	27,96	5,0	6,0	5,2
68,57	27,92	5,0	6,0	5,2
68,59	27,87	5,0	6,0	5,2
68,62	27,82	5,0	6,0	5,2
68,64	27,79	5,0	6,0	5,2
68,66	27,74	5,0	6,0	5,2
68,69	27,69	5,0	6,0	5,2
68,71	27,64	5,0	6,0	5,2
68,74	27,60	5,0	6,0	5,2
68,76	27,57	5,0	6,0	5,2
68,79	27,53	5,0	6,0	5,2
68,81	27,50	5,0	6,0	5,2
68,83	27,45	5,0	6,0	5,2
68,86	27,40	5,0	6,0	5,2
68,88	27,37	5,0	6,0	5,2
68,91	27,33	5,0	6,0	5,2
68,93	27,29	5,0	6,0	5,2
68,96	27,24	5,0	6,0	5,2
68,98	27,19	5,0	6,0	5,2
69,01	27,15	5,0	6,0	5,2
69,03	27,11	5,0	6,0	5,2
69,05	27,08	5,0	6,0	5,2
69,08	27,04	5,0	6,0	5,2
69,10	26,99	5,0	6,0	5,2
69,13	26,95	5,0	6,0	5,2
69,15	26,91	5,0	6,0	5,2
69,18	26,87	5,0	6,0	5,2
69,20	26,85	5,0	6,0	5,2
69,23	26,81	5,0	6,0	5,2
69,25	26,78	5,0	6,0	5,2
69,27	26,73	5,0	6,0	5,2
69,30	26,69	5,0	6,0	5,2
69,32	26,66	5,0	6,0	5,2
69,35	26,64	5,0	6,0	5,2
69,37	26,58	5,0	6,0	5,2
69,40	26,55	5,0	6,0	5,2
69,42	26,49	5,0	6,0	5,2
69,45	26,46	5,0	6,0	5,2
69,47	26,42	5,0	6,0	5,2
69,49	26,39	5,0	6,0	5,2
69,52	26,36	5,0	6,0	5,2
69,54	26,31	5,0	6,0	5,2
69,57	26,26	5,0	6,0	5,2
69,59	26,23	5,0	6,0	5,2
69,62	26,18	5,0	6,0	5,2
69,64	26,15	5,0	6,0	5,2
69,67	26,11	5,0	6,0	5,2
69,69	26,08	5,0	6,0	5,2
69,71	26,03	5,0	6,0	5,2
69,74	25,99	5,0	6,0	5,2
69,76	25,96	5,0	6,0	5,2
69,79	25,93	5,0	6,0	5,2
69,81	25,87	5,0	6,0	5,2
69,84	25,83	5,0	6,0	5,2
69,86	25,78	5,0	6,0	5,2
69,89	25,74	5,0	6,0	5,2
69,91	25,71	5,0	6,0	5,2
69,93	25,68	5,0	6,0	5,2
69,96	25,64	5,0	6,0	5,2
69,98	25,59	5,0	6,0	5,2
70,01	25,54	5,0	6,0	5,2
70,03	25,51	5,0	6,0	5,2
70,06	25,47	5,0	6,0	5,2
70,08	25,44	5,0	6,0	5,2
70,10	25,40	5,0	6,0	5,2
70,13	25,36	5,0	6,0	5,2
70,15	25,31	5,0	6,0	5,2
70,18	25,28	5,0	6,0	5,2
70,20	25,26	5,0	6,0	5,2
70,23	25,23	5,0	6,0	5,2
70,25	25,18	5,0	6,0	5,2
70,28	25,15	5,0	6,0	5,2
70,30	25,11	5,0	6,0	5,2
70,32	25,08	5,0	6,0	5,2
70,35	25,06	5,0	6,0	5,2
70,37	25,04	5,0	6,0	5,2
70,40	25,00	5,0	6,0	5,2
70,42	24,97	5,0	6,0	5,2
70,45	24,95	5,0	6,0	5,2
70,47	24,92	5,0	6,0	5,2
70,50	24,90	5,0	6,0	5,2
70,52	24,87	5,0	6,0	5,2
70,54	24,85	5,0	6,0	5,2
70,57	24,82	5,0	6,0	5,2
70,59	24,79	5,0	6,0	5,2
70,62	24,77	5,0	6,0	5,2
70,64	24,75	5,0	6,0	5,2
70,67	24,73	5,0	6,0	5,2
70,69	24,70	5,0	6,0	5,2
70,72	24,68	5,0	6,0	5,2
70,74	24,66	5,0	6,0	5,2
70,76	24,64	5,0	6,0	5,2
70,79	24,63	5,0	6,0	5,2
70,81	24,62	5,0	6,0	5,2
70,84	24,59	5,0	6,0	5,2
70,86	24,57	5,0	6,0	5,2
70,89	24,56	5,0	6,0	5,2
70,91	24,54	5,0	6,0	5,2
70,94	24,52	5,0	6,0	5,2
70,96	24,50	5,0	6,0	5,2
70,98	24,48	5,0	6,0	5,2
71,01	24,46	5,0	6,0	5,2
71,03	24,44	5,0	6,0	5,2
71,06	24,43	5,0	6,0	5,2
71,08	24,42	5,0	6,0	5,2
71,11	24,39	5,0	6,0	5,2
71,13	24,37	5,0	6,0	5,2
71,15	24,35	5,0	6,0	5,2
71,18	24,34	5,0	6,0	5,2
71,20	24,32	5,0	6,0	5,2
71,23	24,32	5,0	6,0	5,2
71,25	24,32	5,0	6,0	5,2
71,28	24,29	5,0	6,0	5,2
71,30	24,27	5,0	6,0	5,2
71,33	24,27	5,0	6,0	5,2
71,35	24,25	5,0	6,0	5,2
71,37	24,24	5,0	6,0	5,2
71,40	24,22	5,0	6,0	5,2
71,42	24,21	5,0	6,0	5,2
71,45	24,18	5,0	6,0	5,2
71,47	24,17	5,0	6,0	5,2
71,50	24,17	5,0	6,0	5,2
71,52	24,16	5,0	6,0	5,2
71,55	24,14	5,0	6,0	5,2
71,57	24,12	5,0	6,0	5,2
71,59	24,11	5,0	6,0	5,2
71,62	24,11	5,0	6,0	5,2
71,64	24,11	5,0	6,0	5,2
71,67	24,11	5,0	6,0	5,2
71,69	24,11	5,0	6,0	5,2
71,72	24,09	5,0	6,0	5,2
71,74	24,08	5,0	6,0	5,2
71,77	24,08	5,0	6,0	5,2
71,79	24,07	5,0	6,0	5,2
71,81	24,07	5,0	6,0	5,2
71,84	24,04	5,0	6,0	5,2
71,86	24,04	5,0	6,0	5,2
71,89	24,02	5,0	6,0	5,2
71,91	24,03	5,0	6,0	5,2
71,94	24,03	5,0	6,0	5,2
71,96	24,02	5,0	6,0	5,2
71,99	24,01	5,0	6,0	5,2
72,01	24,01	5,0	6,0	5,2
72,03	24,01	5,0	6,0	5,2
72,06	24,03	5,0	6,0	5,2
72,08	24,03	5,0	6,0	5,2
72,11	24,04	5,0	6,0	5,2
72,13	24,03	5,0	6,0	5,2
72,16	24,02	5,0	6,0	5,2
72,18	24,04	5,0	6,0	5,2
72,20	24,04	5,0	6,0	5,2
72,23	24,04	5,0	6,0	5,2
72,25	24,04	5,0	6,0	5,2
72,28	24,03	5,0	6,0	5,2
72,30	24,04	5,0	6,0	5,2
72,33	24,04	5,0	6,0	5,2
72,35	24,06	5,0	6,0	5,2
72,38	24,07	5,0	6,0	5,2
72,40	24,07	5,0	6,0	5,2
72,42	24,07	5,0	6,0	5,2
72,45	24,09	5,0	6,0	5,2
72,47	24,10	5,0	6,0	5,2
72,50	24,13	5,0	6,0	5,2
72,52	24,14	5,0	6,0	5,2
72,55	24,16	5,0	6,0	5,2
72,57	24,16	5,0	6,0	5,2
72,60	24,17	5,0	6,0	5,2
72,62	24,20	5,0	6,0	5,2
72,64	24,22	5,0	6,0	5,2
72,67	24,22	5,0	6,0	5,2
72,69	24,24	5,0	6,0	5,2
72,72	24,24	5,0	6,0	5,2
72,74	24,26	5,0	6,0	5,2
72,77	24,28	5,0	6,0	5,2
72,79	24,31	5,0	6,0	5,2
72,82	24,34	5,0	6,0	5,2
72,84	24,34	5,0	6,0	5,2
72,86	24,36	5,0	6,0	5,2
72,89	24,39	5,0	6,0	5,2
72,91	24,41	5,0	6,0	5,2
72,94	24,44	5,0	6,0	5,2
72,96	24,45	5,0	6,0	5,2
72,99	24,47	5,0	6,0	5,2
73,01	24,48	5,0	6,0	5,2
73,04	24,51	5,0	6,0	5,2
73,06	24,54	5,0	6,0	5,2
73,08	24,56	5,0	6,0	5,2
73,11	24,58	5,0	6,0	5,2
73,13	24,60	5,0	6,0	5,2
73,16	24,62	5,0	6,0	5,2
73,18	24,65	5,0	6,0	5,2
73,21	24,68	5,0	6,0	5,2
73,23	24,72	5,0	6,0	5,2
73,25	24,74	5,0	6,0	5,2
73,28	24,76	5,0	6,0	5,2
73,30	24,78	5,0	6,0	5,2
73,33	24,82	5,0	6,0	5,2
73,35	24,84	5,0	6,0	5,2
73,38	24,87	5,0	6,0	5,2
73,40	24,89	5,0	6,0	5,2
73,43	24,91	5,0	6,0	5,2
73,45	24,94	5,0	6,0	5,2
73,47	24,97	5,0	6,0	5,2
73,50	25,01	5,0	6,0	5,2
73,52	25,03	5,0	6,0	5,2
73,55	25,05	5,0	6,0	5,2
73,57	25,09	5,0	6,0	5,2
73,60	25,13	5,0	6,0	5,2
73,62	25,18	5,0	6,0	5,2
73,65	25,22	5,0	6,0	5,2
73,67	25,26	5,0	6,0	5,2
73,69	25,29	5,0	6,0	5,2
73,72	25,31	5,0	6,0	5,2
73,74	25,36	5,0	6,0	5,2
73,77	25,40	5,0	6,0	5,2
73,79	25,43	5,0	6,0	5,2
73,82	25,47	5,0	6,0	5,2
73,84	25,49	5,0	6,0	5,2
73,87	25,54	5,0	6,0	5,2
73,89	25,57	5,0	6,0	5,2
73,91	25,62	5,0	6,0	5,2
73,94	25,66	5,0	6,0	5,2
73,96	25,70	5,0	6,0	5,2
73,99	25,74	5,0	6,0	5,2
74,01	25,79	5,0	6,0	5,2
74,04	25,84	5,0	6,0	5,2
74,06	25,89	5,0	6,0	5,2
74,09	25,94	5,0	6,0	5,2
74,11	25,99	5,0	6,0	5,2
74,13	26,02	5,0	6,0	5,2
74,16	26,07	5,0	6,0	5,2
74,18	26,13	5,0	6,0	5,2
74,21	26,17	5,0	6,0	5,2
74,23	26,21	5,0	6,0	5,2
74,26	26,26	5,0	6,0	5,2
74,28	26,30	5,0	6,0	5,2
74,31	26,35	5,0	6,0	5,2
74,33	26,40	5,0	6,0	5,2
74,35	26,47	5,0	6,0	5,2
74,38	26,52	5,0	6,0	5,2
74,40	26,54	5,0	6,0	5,2
74,43	26,60	5,0	6,0	5,2
74,45	26,66	5,0	6,0	5,2
74,48	26,71	5,0	6,0	5,2
74,50	26,78	5,0	6,0	5,2
74,52	26,83	5,0	6,0	5,2
74,55	26,89	5,0	6,0	5,2
74,57	26,93	5,0	6,0	5,2
74,60	26,99	5,0	6,0	5,2
74,62	27,06	5,0	6,0	5,2
74,65	27,12	5,0	6,0	5,2
74,67	27,16	5,0	6,0	5,2
74,70	27,22	5,0	6,0	5,2
74,72	27,27	5,0	6,0	5,2
74,74	27,34	5,0	6,0	5,2
74,77	27,41	5,0	6,0	5,2
74,79	27,47	5,0	6,0	5,2
74,82	27,52	5,0	6,0	5,2
74,84	27,58	5,0	6,0	5,2
74,87	27,64	5,0	6,0	5,2
74,89	27,72	5,0	6,0	5,2
74,92	27,78	5,0	6,0	5,2
74,94	27,84	5,0	6,0	5,2
74,96	27,90	5,0	6,0	5,2
74,99	27,96	5,0	6,0	5,2
75,01	28,03	5,0	6,0	5,2
75,04	28,09	5,0	6,0	5,2
75,06	28,17	5,0	6,0	5,2
75,09	28,22	5,0	6,0	5,2
75,11	28,28	5,0	6,0	5,2
75,14	28,35	5,0	6,0	5,2
75,16	28,41	5,0	6,0	5,2
75,18	28,48	5,0	6,0	5,2
75,21	28,55	5,0	6,0	5,2
75,23	28,62	5,0	6,0	5,2
75,26	28,68	5,0	6,0	5,2
75,28	28,75	5,0	6,0	5,2
75,31	28,83	5,0	6,0	5,2
75,33	28,91	5,0	6,0	5,2
75,36	28,98	5,0	6,0	5,2
75,38	29,05	5,0	6,0	5,2
75,40	29,12	5,0	6,0	5,2
75,43	29,19	5,0	6,0	5,2
75,45	29,25	5,0	6,0	5,2
75,48	29,33	5,0	6,0	5,2
75,50	29,40	5,0	6,0	5,2
75,53	29,47	5,0	6,0	5,2
75,55	29,54	5,0	6,0	5,2
75,57	29,61	5,0	6,0	5,2
75,60	29,70	5,0	6,0	5,2
75,62	29,78	5,0	6,0	5,2
75,65	29,88	5,0	6,0	5,2
75,67	29,95	5,0	6,0	5,2
75,70	30,02	5,0	6,0	5,2
75,72	30,09	5,0	6,0	5,2
75,75	30,18	5,0	6,0	5,2
75,77	30,26	5,0	6,0	5,2
75,79	30,34	5,0	6,0	5,2
75,82	30,41	5,0	6,0	5,2
75,84	30,49	5,0	6,0	5,2
75,87	30,55	5,0	6,0	5,2
75,89	30,63	5,0	6,0	5,2
75,92	30,71	5,0	6,0	5,2
75,94	30,79	5,0	6,0	5,2
75,97	30,86	5,0	6,0	5,2
75,99	30,95	5,0	6,0	5,2
76,01	31,03	5,0	6,0	5,2
76,04	31,12	5,0	6,0	5,2
76,06	31,20	5,0	6,0	5,2
76,09	31,29	5,0	6,0	5,2
76,11	31,38	5,0	6,0	5,2
76,14	31,44	5,0	6,0	5,2
76,16	31,53	5,0	6,0	5,2
76,19	31,63	5,0	6,0	5,2
76,21	31,70	5,0	6,0	5,2
76,23	31,79	5,0	6,0	5,2
76,26	31,86	5,0	6,0	5,2
76,28	31,94	5,0	6,0	5,2
76,31	32,02	5,0	6,0	5,2
76,33	32,11	5,0	6,0	5,2
76,36	32,20	5,0	6,0	5,2
76,38	32,28	5,0	6,0	5,2
76,41	32,36	5,0	6,0	5,2
76,43	32,46	5,0	6,0	5,2
76,45	32,56	5,0	6,0	5,2
76,48	32,66	5,0	6,0	5,2
76,50	32,74	5,0	6,0	5,2
76,53	32,85	5,0	6,0	5,2
76,55	32,93	5,0	6,0	5,2
76,58	33,02	5,0	6,0	5,2
76,60	33,11	5,0	6,0	5,2
76,62	33,21	5,0	6,0	5,2
76,65	33,29	5,0	6,0	5,2
76,67	33,39	5,0	6,0	5,2
76,70	33,47	5,0	6,0	5,2
76,72	33,56	5,0	6,0	5,2
76,75	33,65	5,0	6,0	5,2
76,77	33,75	5,0	6,0	5,2
76,80	33,85	5,0	6,0	5,2
76,82	33,94	5,0	6,0	5,2
76,84	34,02	5,0	6,0	5,2
76,87	34,12	5,0	6,0	5,2
76,89	34,22	5,0	6,0	5,2
76,92	34,34	5,0	6,0	5,2
76,94	34,43	5,0	6,0	5,2
76,97	34,54	5,0	6,0	5,2
76,99	34,63	5,0	6,0	5,2
77,02	34,72	5,0	6,0	5,2
77,04	34,83	5,0	6,0	5,2
77,06	34,92	5,0	6,0	5,2
77,09	35,00	5,0	6,0	5,2
77,11	35,10	5,0	6,0	5,2
77,14	35,18	5,0	6,0	5,2
77,16	35,28	5,0	6,0	5,2
77,19	35,38	5,0	6,0	5,2
77,21	35,49	5,0	6,0	5,2
77,24	35,58	5,0	6,0	5,2
77,26	35,68	5,0	6,0	5,2
77,28	35,77	5,0	6,0	5,2
77,31	35,88	5,0	6,0	5,2
77,33	36,00	5,0	6,0	5,2
77,36	36,10	5,0	6,0	5,2
77,38	36,21	5,0	6,0	5,2
77,41	36,31	5,0	6,0	5,2
77,43	36,40	5,0	6,0	5,2
77,46	36,51	5,0	6,0	5,2
77,48	36,62	5,0	6,0	5,2
77,50	36,73	5,0	6,0	5,2
77,53	36,81	5,0	6,0	5,2
77,55	36,92	5,0	6,0	5,2
77,58	37,01	5,0	6,0	5,2
77,60	37,12	5,0	6,0	5,2
77,63	37,24	5,0	6,0	5,2
77,65	37,35	5,0	6,0	5,2
77,68	37,46	5,0	6,0	5,2
77,70	37,55	5,0	6,0	5,2
77,72	37,67	5,0	6,0	5,2
77,75	37,78	5,0	6,0	5,2
77,77	37,88	5,0	6,0	5,2
77,80	38,00	5,0	6,0	5,2
77,82	38,10	5,0	6,0	5,2
77,85	38,20	5,0	6,0	5,2
77,87	38,29	5,0	6,0	5,2
77,89	38,41	5,0	6,0	5,2
77,92	38,53	5,0	6,0	5,2
77,94	38,62	5,0	6,0	5,2
77,97	38,72	5,0	6,0	5,2
77,99	38,83	5,0	6,0	5,2
78,02	38,95	5,0	6,0	5,2
78,04	39,05	5,0	6,0	5,2
78,07	39,17	5,0	6,0	5,2
78,09	39,28	5,0	6,0	5,2
78,11	39,37	5,0	6,0	5,2
78,14	39,48	5,0	6,0	5,2
78,16	39,59	5,0	6,0	5,2
78,19	39,71	5,0	6,0	5,2
78,21	39,82	5,0	6,0	5,2
78,24	39,92	5,0	6,0	5,2
78,26	40,03	5,0	6,0	5,2
78,29	40,13	5,0	6,0	5,2
78,31	40,23	5,0	6,0	5,2
78,33	40,35	5,0	6,0	5,2
78,36	40,47	5,0	6,0	5,2
78,38	40,57	5,0	6,0	5,2
78,41	40,68	5,0	6,0	5,2
78,43	40,78	5,0	6,0	5,2
78,46	40,91	5,0	6,0	5,2
78,48	41,02	5,0	6,0	5,2
78,51	41,13	5,0	6,0	5,2
78,53	41,25	5,0	6,0	5,2
78,55	41,34	5,0	6,0	5,2
78,58	41,45	5,0	6,0	5,2
78,60	41,57	5,0	6,0	5,2
78,63	41,69	5,0	6,0	5,2
78,65	41,81	5,0	6,0	5,2
78,68	41,91	5,0	6,0	5,2
78,70	42,03	5,0	6,0	5,2
78,73	42,13	5,0	6,0	5,2
78,75	42,24	5,0	6,0	5,2
78,77	42,37	5,0	6,0	5,2
78,80	42,48	5,0	6,0	5,2
78,82	42,58	5,0	6,0	5,2
78,85	42,70	5,0	6,0	5,2
78,87	42,81	5,0	6,0	5,2
78,90	42,94	5,0	6,0	5,2
78,92	43,05	5,0	6,0	5,2
78,94	43,17	5,0	6,0	5,2
78,97	43,28	5,0	6,0	5,2
78,99	43,39	5,0	6,0	5,2
79,02	43,51	5,0	6,0	5,2
79,04	43,65	5,0	6,0	5,2
79,07	43,76	5,0	6,0	5,2
79,09	43,87	5,0	6,0	5,2
79,12	43,97	5,0	6,0	5,2
79,14	44,09	5,0	6,0	5,2
79,16	44,21	5,0	6,0	5,2
79,19	44,33	5,0	6,0	5,2
79,21	44,46	5,0	6,0	5,2
79,24	44,56	5,0	6,0	5,2
79,26	44,66	5,0	6,0	5,2
79,29	44,79	5,0	6,0	5,2
79,31	44,91	5,0	6,0	5,2
79,34	45,05	5,0	6,0	5,2
79,36	45,17	5,0	6,0	5,2
79,38	45,29	5,0	6,0	5,2
79,41	45,40	5,0	6,0	5,2
79,43	45,50	5,0	6,0	5,2
79,46	45,63	5,0	6,0	5,2
79,48	45,76	5,0	6,0	5,2
79,51	45,87	5,0	6,0	5,2
79,53	45,99	5,0	6,0	5,2
79,56	46,10	5,0	6,0	5,2
79,58	46,22	5,0	6,0	5,2
79,60	46,32	5,0	6,0	5,2
79,63	46,45	5,0	6,0	5,2
79,65	46,57	5,0	6,0	5,2
79,68	46,68	5,0	6,0	5,2
79,70	46,80	5,0	6,0	5,2
79,73	46,93	5,0	6,0	5,2
79,75	47,03	5,0	6,0	5,2
79,78	47,16	5,0	6,0	5,2
79,80	47,28	5,0	6,0	5,2
79,82	47,40	5,0	6,0	5,2
79,85	47,51	5,0	6,0	5,2
79,87	47,63	5,0	6,0	5,2
79,90	47,76	5,0	6,0	5,2
79,92	47,88	5,0	6,0	5,2
79,95	47,99	5,0	6,0	5,2
79,97	48,10	5,0	6,0	5,2
79,99	48,22	5,0	6,0	5,2
80,02	48,33	5,0	6,0	5,2
80,04	48,46	5,0	6,0	5,2
80,07	48,57	5,0	6,0	5,2
80,09	48,66	5,0	6,0	5,2
80,12	48,76	5,0	6,0	5,2
80,14	48,88	5,0	6,0	5,2
80,17	48,98	5,0	6,0	5,2
80,19	49,06	5,0	6,0	5,2
80,21	49,17	5,0	6,0	5,2
80,24	49,26	5,0	6,0	5,2
80,26	49,32	5,0	6,0	5,2
80,29	49,39	5,0	6,0	5,2
80,31	49,48	5,0	6,0	5,2
80,34	49,55	5,0	6,0	5,2
80,36	49,60	5,0	6,0	5,2
80,39	49,66	5,0	6,0	5,2
80,41	49,72	5,0	6,0	5,2
80,43	49,75	5,0	6,0	5,2
80,46	49,79	5,0	6,0	5,2
80,48	49,85	5,0	6,0	5,2
80,51	49,88	5,0	6,0	5,2
80,53	49,88	5,0	6,0	5,2
80,56	49,91	5,0	6,0	5,2
80,58	49,95	5,0	6,0	5,2
80,61	49,95	5,0	6,0	5,2
80,63	49,96	5,0	6,0	5,2
80,65	49,98	5,0	6,0	5,2
80,68	49,99	5,0	6,0	5,2
80,70	49,99	5,0	6,0	5,2
80,73	49,99	5,0	6,0	5,2
80,75	49,99	5,0	6,0	5,2
80,78	49,99	5,0	6,0	5,2
80,80	49,99	5,0	6,0	5,2
80,83	49,99	5,0	6,0	5,2
80,85	49,99	5,0	6,0	5,2
80,87	49,99	5,0	6,0	5,2
80,90	49,99	5,0	6,0	5,2
80,92	49,99	5,0	6,0	5,2
80,95	49,99	5,0	6,0	5,2
80,97	49,99	5,0	6,0	5,2
81,00	49,99	5,0	6,0	5,2
81,02	49,99	5,0	6,0	5,2
81,04	49,99	5,0	6,0	5,2
81,07	49,99	5,0	6,0	5,2
81,09	49,99	5,0	6,0	5,2
81,12	49,99	5,0	6,0	5,2
81,14	49,99	5,0	6,0	5,2
81,17	49,99	5,0	6,0	5,2
81,19	49,99	5,0	6,0	5,2
81,22	49,99	5,0	6,0	5,2
81,24	49,99	5,0	6,0	5,2
81,26	49,99	5,0	6,0	5,2
81,29	49,99	5,0	6,0	5,2
81,31	49,99	5,0	6,0	5,2
81,34	49,99	5,0	6,0	5,2
81,36	49,99	5,0	6,0	5,2
81,39	49,99	5,0	6,0	5,2
81,41	49,99	5,0	6,0	5,2
81,44	49,99	5,0	6,0	5,2
81,46	49,99	5,0	6,0	5,2
81,48	49,99	5,0	6,0	5,2
81,51	49,99	5,0	6,0	5,2
81,53	49,99	5,0	6,0	5,2
81,56	49,99	5,0	6,0	5,2
81,58	49,99	5,0	6,0	5,2
81,61	49,99	5,0	6,0	5,2
81,63	49,99	5,0	6,0	5,2
81,66	49,99	5,0	6,0	5,2
81,68	49,99	5,0	6,0	5,2
81,70	49,99	5,0	6,0	5,2
81,73	49,99	5,0	6,0	5,2
81,75	49,99	5,0	6,0	5,2
81,78	49,99	5,0	6,0	5,2
81,80	49,99	5,0	6,0	5,2
81,83	49,99	5,0	6,0	5,2
81,85	49,99	5,0	6,0	5,2
81,88	49,99	5,0	6,0	5,2
81,90	49,99	5,0	6,0	5,2
81,92	49,99	5,0	6,0	5,2
81,95	49,99	5,0	6,0	5,2
81,97	49,99	5,0	6,0	5,2
82,00	49,99	5,0	6,0	5,2
82,02	49,99	5,0	6,0	5,2
82,05	49,99	5,0	6,0	5,2
82,07	49,99	5,0	6,0	5,2
82,10	49,99	5,0	6,0	5,2
82,12	49,99	5,0	6,0	5,2
82,14	49,99	5,0	6,0	5,2
82,17	49,99	5,0	6,0	5,2
82,19	49,99	5,0	6,0	5,2
82,22	49,99	5,0	6,0	5,2
82,24	49,99	5,0	6,0	5,2
82,27	49,99	5,0	6,0	5,2
82,29	49,99	5,0	6,0	5,2
82,31	49,99	5,0	6,0	5,2
82,34	49,99	5,0	6,0	5,2
82,36	49,99	5,0	6,0	5,2
82,39	49,99	5,0	6,0	5,2
82,41	49,99	5,0	6,0	5,2
82,44	49,99	5,0	6,0	5,2
82,46	49,99	5,0	6,0	5,2
82,49	49,99	5,0	6,0	5,2
82,51	49,99	5,0	6,0	5,2
82,53	49,99	5,0	6,0	5,2
82,56	49,99	5,0	6,0	5,2
82,58	49,99	5,0	6,0	5,2
82,61	49,99	5,0	6,0	5,2
82,63	49,99	5,0	6,0	5,2
82,66	49,99	5,0	6,0	5,2
82,68	49,99	5,0	6,0	5,2
82,71	49,99	5,0	6,0	5,2
82,73	49,99	5,0	6,0	5,2
82,75	49,99	5,0	6,0	5,2
82,78	49,99	5,0	6,0	5,2
82,80	49,99	5,0	6,0	5,2
82,83	49,99	5,0	6,0	5,2
82,85	49,99	5,0	6,0	5,2
82,88	49,99	5,0	6,0	5,2
82,90	49,99	5,0	6,0	5,2
82,93	49,99	5,0	6,0	5,2
82,95	49,99	5,0	6,0	5,2
82,97	49,99	5,0	6,0	5,2
83,00	49,99	5,0	6,0	5,2
83,02	49,99	5,0	6,0	5,2
83,05	49,99	5,0	6,0	5,2
83,07	49,99	5,0	6,0	5,2
83,10	49,99	5,0	6,0	5,2
83,12	49,99	5,0	6,0	5,2
83,15	49,99	5,0	6,0	5,2
83,17	49,99	5,0	6,0	5,2
83,19	49,99	5,0	6,0	5,2
83,22	49,99	5,0	6,0	5,2
83,24	49,99	5,0	6,0	5,2
83,27	49,99	5,0	6,0	5,2
83,29	49,99	5,0	6,0	5,2
83,32	49,99	5,0	6,0	5,2
83,34	49,99	5,0	6,0	5,2
83,36	49,99	5,0	6,0	5,2
83,39	49,99	5,0	6,0	5,2
83,41	49,99	5,0	6,0	5,2
83,44	49,99	5,0	6,0	5,2
83,46	49,99	5,0	6,0	5,2
83,49	49,99	5,0	6,0	5,2
83,51	49,99	5,0	6,0	5,2
83,54	49,99	5,0	6,0	5,2
83,56	49,99	5,0	6,0	5,2
83,58	49,99	5,0	6,0	5,2
83,61	49,99	5,0	6,0	5,2
83,63	49,99	5,0	6,0	5,2
83,66	49,99	5,0	6,0	5,2
83,68	49,99	5,0	6,0	5,2
83,71	49,99	5,0	6,0	5,2
83,73	49,99	5,0	6,0	5,2
83,76	49,99	5,0	6,0	5,2
83,78	49,99	5,0	6,0	5,2
83,80	49,99	5,0	6,0	5,2
83,83	49,99	5,0	6,0	5,2
83,85	49,99	5,0	6,0	5,2
83,88	49,99	5,0	6,0	5,2
83,90	49,99	5,0	6,0	5,2
83,93	49,99	5,0	6,0	5,2
83,95	49,99	5,0	6,0	5,2
83,98	49,99	5,0	6,0	5,2
84,00	49,99	5,0	6,0	5,2
84,02	49,99	5,0	6,0	5,2
84,05	49,99	5,0	6,0	5,2
84,07	49,99	5,0	6,0	5,2
84,10	49,99	5,0	6,0	5,2
84,12	49,99	5,0	6,0	5,2
84,15	49,99	5,0	6,0	5,2
84,17	49,99	5,0	6,0	5,2
84,20	49,99	5,0	6,0	5,2
84,22	49,99	5,0	6,0	5,2
84,24	49,99	5,0	6,0	5,2
84,27	49,99	5,0	6,0	5,2
84,29	49,99	5,0	6,0	5,2
84,32	49,99	5,0	6,0	5,2
84,34	49,99	5,0	6,0	5,2
84,37	49,99	5,0	6,0	5,2
84,39	49,99	5,0	6,0	5,2
84,41	49,99	5,0	6,0	5,2
84,44	49,99	5,0	6,0	5,2
84,46	49,99	5,0	6,0	5,2
84,49	49,99	5,0	6,0	5,2
84,51	49,99	5,0	6,0	5,2
84,54	49,99	5,0	6,0	5,2
84,56	49,99	5,0	6,0	5,2
84,59	49,99	5,0	6,0	5,2
84,61	49,99	5,0	6,0	5,2
84,63	49,99	5,0	6,0	5,2
84,66	49,99	5,0	6,0	5,2
84,68	49,99	5,0	6,0	5,2
84,71	49,99	5,0	6,0	5,2
84,73	49,99	5,0	6,0	5,2
84,76	49,99	5,0	6,0	5,2
84,78	49,99	5,0	6,0	5,2
84,81	49,99	5,0	6,0	5,2
84,83	49,99	5,0	6,0	5,2
84,85	49,99	5,0	6,0	5,2
84,88	49,99	5,0	6,0	5,2
84,90	49,99	5,0	6,0	5,2
84,93	49,99	5,0	6,0	5,2
84,95	49,99	5,0	6,0	5,2
84,98	49,99	5,0	6,0	5,2
85,00	49,99	5,0	6,0	5,2
85,03	49,99	5,0	6,0	5,2
85,05	49,99	5,0	6,0	5,2
85,07	49,99	5,0	6,0	5,2
85,10	49,99	5,0	6,0	5,2
85,12	49,99	5,0	6,0	5,2
85,15	49,99	5,0	6,0	5,2
85,17	49,99	5,0	6,0	5,2
85,20	49,99	5,0	6,0	5,2
85,22	49,99	5,0	6,0	5,2
85,25	49,99	5,0	6,0	5,2
85,27	49,99	5,0	6,0	5,2
85,29	49,99	5,0	6,0	5,2
85,32	49,99	5,0	6,0	5,2
85,34	49,99	5,0	6,0	5,2
85,37	49,99	5,0	6,0	5,2
85,39	49,99	5,0	6,0	5,2
85,42	49,99	5,0	6,0	5,2
85,44	49,99	5,0	6,0	5,2
85,47	49,99	5,0	6,0	5,2
85,49	49,99	5,0	6,0	5,2
85,51	49,99	5,0	6,0	5,2
85,54	49,99	5,0	6,0	5,2
85,56	49,99	5,0	6,0	5,2
85,59	49,99	5,0	6,0	5,2
85,61	49,99	5,0	6,0	5,2
85,64	49,99	5,0	6,0	5,2
85,66	49,99	5,0	6,0	5,2
85,68	49,99	5,0	6,0	5,2
85,71	49,99	5,0	6,0	5,2
85,73	49,99	5,0	6,0	5,2
85,76	49,99	5,0	6,0	5,2
85,78	49,99	5,0	6,0	5,2
85,81	49,99	5,0	6,0	5,2
85,83	49,99	5,0	6,0	5,2
85,86	49,99	5,0	6,0	5,2
85,88	49,99	5,0	6,0	5,2
85,90	49,99	5,0	6,0	5,2
85,93	49,99	5,0	6,0	5,2
85,95	49,99	5,0	6,0	5,2
85,98	49,99	5,0	6,0	5,2
86,00	49,99	5,0	6,0	5,2
86,03	49,99	5,0	6,0	5,2
86,05	49,99	5,0	6,0	5,2
86,08	49,99	5,0	6,0	5,2
86,10	49,99	5,0	6,0	5,2
86,12	49,99	5,0	6,0	5,2
86,15	49,99	5,0	6,0	5,2
86,17	49,99	5,0	6,0	5,2
86,20	49,99	5,0	6,0	5,2
86,22	49,99	5,0	6,0	5,2
86,25	49,99	5,0	6,0	5,2
86,27	49,99	5,0	6,0	5,2
86,30	49,99	5,0	6,0	5,2
86,32	49,99	5,0	6,0	5,2
86,34	49,99	5,0	6,0	5,2
86,37	49,99	5,0	6,0	5,2
86,39	49,99	5,0	6,0	5,2
86,42	49,99	5,0	6,0	5,2
86,44	49,99	5,0	6,0	5,2
86,47	49,99	5,0	6,0	5,2
86,49	49,99	5,0	6,0	5,2
86,52	49,99	5,0	6,0	5,2
86,54	49,99	5,0	6,0	5,2
86,56	49,99	5,0	6,0	5,2
86,59	49,99	5,0	6,0	5,2
86,61	49,99	5,0	6,0	5,2
86,64	49,99	5,0	6,0	5,2
86,66	49,99	5,0	6,0	5,2
86,69	49,99	5,0	6,0	5,2
86,71	49,99	5,0	6,0	5,2
86,73	49,99	5,0	6,0	5,2
86,76	49,99	5,0	6,0	5,2
86,78	49,99	5,0	6,0	5,2
86,81	49,99	5,0	6,0	5,2
86,83	49,99	5,0	6,0	5,2
86,86	49,99	5,0	6,0	5,2
86,88	49,99	5,0	6,0	5,2
86,91	49,99	5,0	6,0	5,2
86,93	49,99	5,0	6,0	5,2
86,95	49,99	5,0	6,0	5,2
86,98	49,99	5,0	6,0	5,2
87,00	49,99	5,0	6,0	5,2
87,03	49,99	5,0	6,0	5,2
87,05	49,99	5,0	6,0	5,2
87,08	49,99	5,0	6,0	5,2
87,10	49,99	5,0	6,0	5,2
87,13	49,99	5,0	6,0	5,2
87,15	49,99	5,0	6,0	5,2
87,17	49,99	5,0	6,0	5,2
87,20	49,99	5,0	6,0	5,2
87,22	49,99	5,0	6,0	5,2
87,25	49,99	5,0	6,0	5,2
87,27	49,99	5,0	6,0	5,2
87,30	49,99	5,0	6,0	5,2
87,32	49,99	5,0	6,0	5,2
87,35	49,99	5,0	6,0	5,2
87,37	49,99	5,0	6,0	5,2
87,39	49,99	5,0	6,0	5,2
87,42	49,99	5,0	6,0	5,2
87,44	49,99	5,0	6,0	5,2
87,47	49,99	5,0	6,0	5,2
87,49	49,99	5,0	6,0	5,2
87,52	49,99	5,0	6,0	5,2
87,54	49,99	5,0	6,0	5,2
87,57	49,99	5,0	6,0	5,2
87,59	49,99	5,0	6,0	5,2
87,61	49,99	5,0	6,0	5,2
87,64	49,99	5,0	6,0	5,2
87,66	49,99	5,0	6,0	5,2
87,69	49,99	5,0	6,0	5,2
87,71	49,99	5,0	6,0	5,2
87,74	49,99	5,0	6,0	5,2
87,76	49,99	5,0	6,0	5,2
87,78	49,99	5,0	6,0	5,2
87,81	49,99	5,0	6,0	5,2
87,83	49,99	5,0	6,0	5,2
87,86	49,99	5,0	6,0	5,2
87,88	49,99	5,0	6,0	5,2
87,91	49,99	5,0	6,0	5,2
87,93	49,99	5,0	6,0	5,2
87,96	49,99	5,0	6,0	5,2
87,98	49,99	5,0	6,0	5,2
88,00	49,99	5,0	6,0	5,2
88,03	49,99	5,0	6,0	5,2
88,05	49,99	5,0	6,0	5,2
88,08	49,99	5,0	6,0	5,2
88,10	49,99	5,0	6,0	5,2
88,13	49,99	5,0	6,0	5,2
88,15	49,99	5,0	6,0	5,2
88,18	49,99	5,0	6,0	5,2
88,20	49,99	5,0	6,0	5,2
88,22	49,99	5,0	6,0	5,2
88,25	49,99	5,0	6,0	5,2
88,27	49,99	5,0	6,0	5,2
88,30	49,99	5,0	6,0	5,2
88,32	49,99	5,0	6,0	5,2
88,35	49,99	5,0	6,0	5,2
88,37	49,99	5,0	6,0	5,2
88,40	49,99	5,0	6,0	5,2
88,42	49,99	5,0	6,0	5,2
88,44	49,99	5,0	6,0	5,2
88,47	49,99	5,0	6,0	5,2
88,49	49,99	5,0	6,0	5,2
88,52	49,99	5,0	6,0	5,2
88,54	49,99	5,0	6,0	5,2
88,57	49,99	5,0	6,0	5,2
88,59	49,99	5,0	6,0	5,2
88,62	49,99	5,0	6,0	5,2
88,64	49,99	5,0	6,0	5,2
88,66	49,99	5,0	6,0	5,2
88,69	49,99	5,0	6,0	5,2
88,71	49,99	5,0	6,0	5,2
88,74	49,99	5,0	6,0	5,2
88,76	49,99	5,0	6,0	5,2
88,79	49,99	5,0	6,0	5,2
88,81	49,99	5,0	6,0	5,2
88,83	49,99	5,0	6,0	5,2
88,86	49,99	5,0	6,0	5,2
88,88	49,99	5,0	6,0	5,2
88,91	49,99	5,0	6,0	5,2
88,93	49,99	5,0	6,0	5,2
88,96	49,99	5,0	6,0	5,2
88,98	49,99	5,0	6,0	5,2
89,01	49,99	5,0	6,0	5,2
89,03	49,99	5,0	6,0	5,2
89,05	49,99	5,0	6,0	5,2
89,08	49,99	5,0	6,0	5,2
89,10	49,99	5,0	6,0	5,2
89,13	49,99	5,0	6,0	5,2
89,15	49,99	5,0	6,0	5,2
89,18	49,99	5,0	6,0	5,2
89,20	49,99	5,0	6,0	5,2
89,23	49,99	5,0	6,0	5,2
89,25	49,99	5,0	6,0	5,2
89,27	49,99	5,0	6,0	5,2
89,30	49,99	5,0	6,0	5,2
89,32	49,99	5,0	6,0	5,2
89,35	49,99	5,0	6,0	5,2
89,37	49,99	5,0	6,0	5,2
89,40	49,99	5,0	6,0	5,2
89,42	49,99	5,0	6,0	5,2
89,45	49,99	5,0	6,0	5,2
89,47	49,99	5,0	6,0	5,2
89,49	49,99	5,0	6,0	5,2
89,52	49,99	5,0	6,0	5,2
89,54	49,99	5,0	6,0	5,2
89,57	49,99	5,0	6,0	5,2
89,59	49,99	5,0	6,0	5,2
89,62	49,99	5,0	6,0	5,2
89,64	49,99	5,0	6,0	5,2
89,67	49,99	5,0	6,0	5,2
89,69	49,99	5,0	6,0	5,2
89,71	49,99	5,0	6,0	5,2
89,74	49,99	5,0	6,0	5,2
89,76	49,99	5,0	6,0	5,2
89,79	49,99	5,0	6,0	5,2
89,81	49,99	5,0	6,0	5,2
89,84	49,99	5,0	6,0	5,2
89,86	49,99	5,0	6,0	5,2
89,89	49,99	5,0	6,0	5,2
89,91	49,99	5,0	6,0	5,2
89,93	49,99	5,0	6,0	5,2
89,96	49,99	5,0	6,0	5,2
89,98	49,99	5,0	6,0	5,2
