Voltage U1	Corriente IA	Voltage U2	Voltage U3	Voltage UH
U1/V	IA/nA	U2/V	U3/V	UH/V

0,02	0,18	5,5	6,0	5,2
0,04	0,17	5,5	6,0	5,2
0,07	0,17	5,5	6,0	5,2
0,09	0,16	5,5	6,0	5,2
0,12	0,15	5,5	6,0	5,2
0,14	0,14	5,5	6,0	5,2
0,17	0,14	5,5	6,0	5,2
0,19	0,13	5,5	6,0	5,2
0,21	0,12	5,5	6,0	5,2
0,24	0,12	5,5	6,0	5,2
0,26	0,11	5,5	6,0	5,2
0,29	0,09	5,5	6,0	5,2
0,31	0,09	5,5	6,0	5,2
0,34	0,08	5,5	6,0	5,2
0,36	0,08	5,5	6,0	5,2
0,39	0,08	5,5	6,0	5,2
0,41	0,08	5,5	6,0	5,2
0,43	0,08	5,5	6,0	5,2
0,46	0,08	5,5	6,0	5,2
0,48	0,08	5,5	6,0	5,2
0,51	0,08	5,5	6,0	5,2
0,53	0,08	5,5	6,0	5,2
0,56	0,08	5,5	6,0	5,2
0,58	0,08	5,5	6,0	5,2
0,61	0,08	5,5	6,0	5,2
0,63	0,08	5,5	6,0	5,2
0,65	0,09	5,5	6,0	5,2
0,68	0,08	5,5	6,0	5,2
0,70	0,08	5,5	6,0	5,2
0,73	0,08	5,5	6,0	5,2
0,75	0,09	5,5	6,0	5,2
0,78	0,09	5,5	6,0	5,2
0,80	0,09	5,5	6,0	5,2
0,83	0,09	5,5	6,0	5,2
0,85	0,09	5,5	6,0	5,2
0,87	0,09	5,5	6,0	5,2
0,90	0,09	5,5	6,0	5,2
0,92	0,09	5,5	6,0	5,2
0,95	0,09	5,5	6,0	5,2
0,97	0,09	5,5	6,0	5,2
1,00	0,09	5,5	6,0	5,2
1,02	0,09	5,5	6,0	5,2
1,05	0,09	5,5	6,0	5,2
1,07	0,09	5,5	6,0	5,2
1,09	0,10	5,5	6,0	5,2
1,12	0,09	5,5	6,0	5,2
1,14	0,09	5,5	6,0	5,2
1,17	0,09	5,5	6,0	5,2
1,19	0,09	5,5	6,0	5,2
1,22	0,09	5,5	6,0	5,2
1,24	0,09	5,5	6,0	5,2
1,26	0,09	5,5	6,0	5,2
1,29	0,09	5,5	6,0	5,2
1,31	0,09	5,5	6,0	5,2
1,34	0,09	5,5	6,0	5,2
1,36	0,09	5,5	6,0	5,2
1,39	0,08	5,5	6,0	5,2
1,41	0,08	5,5	6,0	5,2
1,44	0,08	5,5	6,0	5,2
1,46	0,09	5,5	6,0	5,2
1,48	0,09	5,5	6,0	5,2
1,51	0,10	5,5	6,0	5,2
1,53	0,10	5,5	6,0	5,2
1,56	0,10	5,5	6,0	5,2
1,58	0,10	5,5	6,0	5,2
1,61	0,10	5,5	6,0	5,2
1,63	0,10	5,5	6,0	5,2
1,66	0,11	5,5	6,0	5,2
1,68	0,11	5,5	6,0	5,2
1,70	0,11	5,5	6,0	5,2
1,73	0,12	5,5	6,0	5,2
1,75	0,12	5,5	6,0	5,2
1,78	0,13	5,5	6,0	5,2
1,80	0,14	5,5	6,0	5,2
1,83	0,14	5,5	6,0	5,2
1,85	0,14	5,5	6,0	5,2
1,88	0,14	5,5	6,0	5,2
1,90	0,16	5,5	6,0	5,2
1,92	0,16	5,5	6,0	5,2
1,95	0,17	5,5	6,0	5,2
1,97	0,18	5,5	6,0	5,2
2,00	0,18	5,5	6,0	5,2
2,02	0,19	5,5	6,0	5,2
2,05	0,21	5,5	6,0	5,2
2,07	0,21	5,5	6,0	5,2
2,10	0,21	5,5	6,0	5,2
2,12	0,21	5,5	6,0	5,2
2,14	0,23	5,5	6,0	5,2
2,17	0,23	5,5	6,0	5,2
2,19	0,24	5,5	6,0	5,2
2,22	0,26	5,5	6,0	5,2
2,24	0,26	5,5	6,0	5,2
2,27	0,26	5,5	6,0	5,2
2,29	0,27	5,5	6,0	5,2
2,31	0,28	5,5	6,0	5,2
2,34	0,29	5,5	6,0	5,2
2,36	0,30	5,5	6,0	5,2
2,39	0,32	5,5	6,0	5,2
2,41	0,32	5,5	6,0	5,2
2,44	0,32	5,5	6,0	5,2
2,46	0,34	5,5	6,0	5,2
2,49	0,35	5,5	6,0	5,2
2,51	0,36	5,5	6,0	5,2
2,53	0,36	5,5	6,0	5,2
2,56	0,36	5,5	6,0	5,2
2,58	0,37	5,5	6,0	5,2
2,61	0,38	5,5	6,0	5,2
2,63	0,39	5,5	6,0	5,2
2,66	0,40	5,5	6,0	5,2
2,68	0,40	5,5	6,0	5,2
2,71	0,41	5,5	6,0	5,2
2,73	0,42	5,5	6,0	5,2
2,75	0,42	5,5	6,0	5,2
2,78	0,44	5,5	6,0	5,2
2,80	0,44	5,5	6,0	5,2
2,83	0,46	5,5	6,0	5,2
2,85	0,46	5,5	6,0	5,2
2,88	0,46	5,5	6,0	5,2
2,90	0,48	5,5	6,0	5,2
2,93	0,48	5,5	6,0	5,2
2,95	0,48	5,5	6,0	5,2
2,97	0,49	5,5	6,0	5,2
3,00	0,49	5,5	6,0	5,2
3,02	0,49	5,5	6,0	5,2
3,05	0,50	5,5	6,0	5,2
3,07	0,51	5,5	6,0	5,2
3,10	0,52	5,5	6,0	5,2
3,12	0,52	5,5	6,0	5,2
3,15	0,53	5,5	6,0	5,2
3,17	0,53	5,5	6,0	5,2
3,19	0,54	5,5	6,0	5,2
3,22	0,55	5,5	6,0	5,2
3,24	0,56	5,5	6,0	5,2
3,27	0,56	5,5	6,0	5,2
3,29	0,56	5,5	6,0	5,2
3,32	0,57	5,5	6,0	5,2
3,34	0,58	5,5	6,0	5,2
3,36	0,58	5,5	6,0	5,2
3,39	0,58	5,5	6,0	5,2
3,41	0,59	5,5	6,0	5,2
3,44	0,58	5,5	6,0	5,2
3,46	0,59	5,5	6,0	5,2
3,49	0,60	5,5	6,0	5,2
3,51	0,61	5,5	6,0	5,2
3,54	0,61	5,5	6,0	5,2
3,56	0,61	5,5	6,0	5,2
3,58	0,61	5,5	6,0	5,2
3,61	0,63	5,5	6,0	5,2
3,63	0,63	5,5	6,0	5,2
3,66	0,64	5,5	6,0	5,2
3,68	0,64	5,5	6,0	5,2
3,71	0,64	5,5	6,0	5,2
3,73	0,64	5,5	6,0	5,2
3,76	0,65	5,5	6,0	5,2
3,78	0,67	5,5	6,0	5,2
3,80	0,66	5,5	6,0	5,2
3,83	0,66	5,5	6,0	5,2
3,85	0,66	5,5	6,0	5,2
3,88	0,67	5,5	6,0	5,2
3,90	0,67	5,5	6,0	5,2
3,93	0,69	5,5	6,0	5,2
3,95	0,70	5,5	6,0	5,2
3,98	0,70	5,5	6,0	5,2
4,00	0,70	5,5	6,0	5,2
4,02	0,71	5,5	6,0	5,2
4,05	0,72	5,5	6,0	5,2
4,07	0,73	5,5	6,0	5,2
4,10	0,73	5,5	6,0	5,2
4,12	0,73	5,5	6,0	5,2
4,15	0,73	5,5	6,0	5,2
4,17	0,73	5,5	6,0	5,2
4,20	0,74	5,5	6,0	5,2
4,22	0,75	5,5	6,0	5,2
4,24	0,75	5,5	6,0	5,2
4,27	0,75	5,5	6,0	5,2
4,29	0,75	5,5	6,0	5,2
4,32	0,76	5,5	6,0	5,2
4,34	0,77	5,5	6,0	5,2
4,37	0,78	5,5	6,0	5,2
4,39	0,79	5,5	6,0	5,2
4,42	0,79	5,5	6,0	5,2
4,44	0,79	5,5	6,0	5,2
4,46	0,79	5,5	6,0	5,2
4,49	0,80	5,5	6,0	5,2
4,51	0,80	5,5	6,0	5,2
4,54	0,79	5,5	6,0	5,2
4,56	0,80	5,5	6,0	5,2
4,59	0,80	5,5	6,0	5,2
4,61	0,80	5,5	6,0	5,2
4,63	0,81	5,5	6,0	5,2
4,66	0,81	5,5	6,0	5,2
4,68	0,81	5,5	6,0	5,2
4,71	0,82	5,5	6,0	5,2
4,73	0,82	5,5	6,0	5,2
4,76	0,83	5,5	6,0	5,2
4,78	0,84	5,5	6,0	5,2
4,81	0,85	5,5	6,0	5,2
4,83	0,85	5,5	6,0	5,2
4,85	0,85	5,5	6,0	5,2
4,88	0,86	5,5	6,0	5,2
4,90	0,86	5,5	6,0	5,2
4,93	0,87	5,5	6,0	5,2
4,95	0,87	5,5	6,0	5,2
4,98	0,87	5,5	6,0	5,2
5,00	0,87	5,5	6,0	5,2
5,03	0,87	5,5	6,0	5,2
5,05	0,88	5,5	6,0	5,2
5,07	0,90	5,5	6,0	5,2
5,10	0,90	5,5	6,0	5,2
5,12	0,90	5,5	6,0	5,2
5,15	0,90	5,5	6,0	5,2
5,17	0,91	5,5	6,0	5,2
5,20	0,92	5,5	6,0	5,2
5,22	0,93	5,5	6,0	5,2
5,25	0,94	5,5	6,0	5,2
5,27	0,93	5,5	6,0	5,2
5,29	0,93	5,5	6,0	5,2
5,32	0,94	5,5	6,0	5,2
5,34	0,96	5,5	6,0	5,2
5,37	0,94	5,5	6,0	5,2
5,39	0,95	5,5	6,0	5,2
5,42	0,94	5,5	6,0	5,2
5,44	0,95	5,5	6,0	5,2
5,47	0,95	5,5	6,0	5,2
5,49	0,96	5,5	6,0	5,2
5,51	0,97	5,5	6,0	5,2
5,54	0,96	5,5	6,0	5,2
5,56	0,97	5,5	6,0	5,2
5,59	0,98	5,5	6,0	5,2
5,61	0,98	5,5	6,0	5,2
5,64	0,99	5,5	6,0	5,2
5,66	0,99	5,5	6,0	5,2
5,68	1,00	5,5	6,0	5,2
5,71	0,99	5,5	6,0	5,2
5,73	1,00	5,5	6,0	5,2
5,76	1,01	5,5	6,0	5,2
5,78	1,01	5,5	6,0	5,2
5,81	1,01	5,5	6,0	5,2
5,83	1,01	5,5	6,0	5,2
5,86	1,00	5,5	6,0	5,2
5,88	1,01	5,5	6,0	5,2
5,90	1,01	5,5	6,0	5,2
5,93	1,02	5,5	6,0	5,2
5,95	1,03	5,5	6,0	5,2
5,98	1,03	5,5	6,0	5,2
6,00	1,03	5,5	6,0	5,2
6,03	1,04	5,5	6,0	5,2
6,05	1,04	5,5	6,0	5,2
6,08	1,05	5,5	6,0	5,2
6,10	1,05	5,5	6,0	5,2
6,12	1,06	5,5	6,0	5,2
6,15	1,06	5,5	6,0	5,2
6,17	1,06	5,5	6,0	5,2
6,20	1,07	5,5	6,0	5,2
6,22	1,07	5,5	6,0	5,2
6,25	1,06	5,5	6,0	5,2
6,27	1,07	5,5	6,0	5,2
6,30	1,07	5,5	6,0	5,2
6,32	1,07	5,5	6,0	5,2
6,34	1,07	5,5	6,0	5,2
6,37	1,09	5,5	6,0	5,2
6,39	1,09	5,5	6,0	5,2
6,42	1,08	5,5	6,0	5,2
6,44	1,09	5,5	6,0	5,2
6,47	1,09	5,5	6,0	5,2
6,49	1,10	5,5	6,0	5,2
6,52	1,11	5,5	6,0	5,2
6,54	1,11	5,5	6,0	5,2
6,56	1,12	5,5	6,0	5,2
6,59	1,11	5,5	6,0	5,2
6,61	1,12	5,5	6,0	5,2
6,64	1,13	5,5	6,0	5,2
6,66	1,13	5,5	6,0	5,2
6,69	1,13	5,5	6,0	5,2
6,71	1,13	5,5	6,0	5,2
6,73	1,13	5,5	6,0	5,2
6,76	1,14	5,5	6,0	5,2
6,78	1,15	5,5	6,0	5,2
6,81	1,15	5,5	6,0	5,2
6,83	1,15	5,5	6,0	5,2
6,86	1,16	5,5	6,0	5,2
6,88	1,17	5,5	6,0	5,2
6,91	1,17	5,5	6,0	5,2
6,93	1,18	5,5	6,0	5,2
6,95	1,18	5,5	6,0	5,2
6,98	1,18	5,5	6,0	5,2
7,00	1,18	5,5	6,0	5,2
7,03	1,18	5,5	6,0	5,2
7,05	1,19	5,5	6,0	5,2
7,08	1,20	5,5	6,0	5,2
7,10	1,19	5,5	6,0	5,2
7,13	1,19	5,5	6,0	5,2
7,15	1,19	5,5	6,0	5,2
7,17	1,19	5,5	6,0	5,2
7,20	1,20	5,5	6,0	5,2
7,22	1,21	5,5	6,0	5,2
7,25	1,22	5,5	6,0	5,2
7,27	1,21	5,5	6,0	5,2
7,30	1,21	5,5	6,0	5,2
7,32	1,22	5,5	6,0	5,2
7,35	1,22	5,5	6,0	5,2
7,37	1,23	5,5	6,0	5,2
7,39	1,22	5,5	6,0	5,2
7,42	1,23	5,5	6,0	5,2
7,44	1,22	5,5	6,0	5,2
7,47	1,23	5,5	6,0	5,2
7,49	1,23	5,5	6,0	5,2
7,52	1,23	5,5	6,0	5,2
7,54	1,24	5,5	6,0	5,2
7,57	1,23	5,5	6,0	5,2
7,59	1,23	5,5	6,0	5,2
7,61	1,24	5,5	6,0	5,2
7,64	1,25	5,5	6,0	5,2
7,66	1,26	5,5	6,0	5,2
7,69	1,27	5,5	6,0	5,2
7,71	1,26	5,5	6,0	5,2
7,74	1,26	5,5	6,0	5,2
7,76	1,28	5,5	6,0	5,2
7,78	1,28	5,5	6,0	5,2
7,81	1,28	5,5	6,0	5,2
7,83	1,27	5,5	6,0	5,2
7,86	1,28	5,5	6,0	5,2
7,88	1,28	5,5	6,0	5,2
7,91	1,28	5,5	6,0	5,2
7,93	1,28	5,5	6,0	5,2
7,96	1,29	5,5	6,0	5,2
7,98	1,28	5,5	6,0	5,2
8,00	1,29	5,5	6,0	5,2
8,03	1,29	5,5	6,0	5,2
8,05	1,30	5,5	6,0	5,2
8,08	1,31	5,5	6,0	5,2
8,10	1,31	5,5	6,0	5,2
8,13	1,31	5,5	6,0	5,2
8,15	1,30	5,5	6,0	5,2
8,18	1,32	5,5	6,0	5,2
8,20	1,32	5,5	6,0	5,2
8,22	1,32	5,5	6,0	5,2
8,25	1,31	5,5	6,0	5,2
8,27	1,31	5,5	6,0	5,2
8,30	1,31	5,5	6,0	5,2
8,32	1,31	5,5	6,0	5,2
8,35	1,32	5,5	6,0	5,2
8,37	1,32	5,5	6,0	5,2
8,40	1,32	5,5	6,0	5,2
8,42	1,32	5,5	6,0	5,2
8,44	1,33	5,5	6,0	5,2
8,47	1,33	5,5	6,0	5,2
8,49	1,34	5,5	6,0	5,2
8,52	1,35	5,5	6,0	5,2
8,54	1,35	5,5	6,0	5,2
8,57	1,35	5,5	6,0	5,2
8,59	1,35	5,5	6,0	5,2
8,62	1,36	5,5	6,0	5,2
8,64	1,36	5,5	6,0	5,2
8,66	1,34	5,5	6,0	5,2
8,69	1,35	5,5	6,0	5,2
8,71	1,35	5,5	6,0	5,2
8,74	1,36	5,5	6,0	5,2
8,76	1,37	5,5	6,0	5,2
8,79	1,37	5,5	6,0	5,2
8,81	1,38	5,5	6,0	5,2
8,84	1,37	5,5	6,0	5,2
8,86	1,37	5,5	6,0	5,2
8,88	1,38	5,5	6,0	5,2
8,91	1,38	5,5	6,0	5,2
8,93	1,39	5,5	6,0	5,2
8,96	1,39	5,5	6,0	5,2
8,98	1,40	5,5	6,0	5,2
9,01	1,40	5,5	6,0	5,2
9,03	1,40	5,5	6,0	5,2
9,05	1,41	5,5	6,0	5,2
9,08	1,41	5,5	6,0	5,2
9,10	1,40	5,5	6,0	5,2
9,13	1,40	5,5	6,0	5,2
9,15	1,41	5,5	6,0	5,2
9,18	1,41	5,5	6,0	5,2
9,20	1,41	5,5	6,0	5,2
9,23	1,43	5,5	6,0	5,2
9,25	1,43	5,5	6,0	5,2
9,27	1,43	5,5	6,0	5,2
9,30	1,42	5,5	6,0	5,2
9,32	1,43	5,5	6,0	5,2
9,35	1,43	5,5	6,0	5,2
9,37	1,43	5,5	6,0	5,2
9,40	1,43	5,5	6,0	5,2
9,42	1,44	5,5	6,0	5,2
9,45	1,43	5,5	6,0	5,2
9,47	1,43	5,5	6,0	5,2
9,49	1,44	5,5	6,0	5,2
9,52	1,44	5,5	6,0	5,2
9,54	1,44	5,5	6,0	5,2
9,57	1,44	5,5	6,0	5,2
9,59	1,44	5,5	6,0	5,2
9,62	1,44	5,5	6,0	5,2
9,64	1,45	5,5	6,0	5,2
9,67	1,46	5,5	6,0	5,2
9,69	1,45	5,5	6,0	5,2
9,71	1,45	5,5	6,0	5,2
9,74	1,46	5,5	6,0	5,2
9,76	1,45	5,5	6,0	5,2
9,79	1,46	5,5	6,0	5,2
9,81	1,46	5,5	6,0	5,2
9,84	1,47	5,5	6,0	5,2
9,86	1,47	5,5	6,0	5,2
9,89	1,47	5,5	6,0	5,2
9,91	1,48	5,5	6,0	5,2
9,93	1,48	5,5	6,0	5,2
9,96	1,48	5,5	6,0	5,2
9,98	1,48	5,5	6,0	5,2
10,01	1,47	5,5	6,0	5,2
10,03	1,48	5,5	6,0	5,2
10,06	1,48	5,5	6,0	5,2
10,08	1,49	5,5	6,0	5,2
10,10	1,49	5,5	6,0	5,2
10,13	1,49	5,5	6,0	5,2
10,15	1,49	5,5	6,0	5,2
10,18	1,50	5,5	6,0	5,2
10,20	1,50	5,5	6,0	5,2
10,23	1,51	5,5	6,0	5,2
10,25	1,51	5,5	6,0	5,2
10,28	1,51	5,5	6,0	5,2
10,30	1,51	5,5	6,0	5,2
10,32	1,51	5,5	6,0	5,2
10,35	1,52	5,5	6,0	5,2
10,37	1,52	5,5	6,0	5,2
10,40	1,51	5,5	6,0	5,2
10,42	1,51	5,5	6,0	5,2
10,45	1,50	5,5	6,0	5,2
10,47	1,51	5,5	6,0	5,2
10,50	1,51	5,5	6,0	5,2
10,52	1,52	5,5	6,0	5,2
10,54	1,52	5,5	6,0	5,2
10,57	1,51	5,5	6,0	5,2
10,59	1,51	5,5	6,0	5,2
10,62	1,52	5,5	6,0	5,2
10,64	1,52	5,5	6,0	5,2
10,67	1,53	5,5	6,0	5,2
10,69	1,52	5,5	6,0	5,2
10,72	1,53	5,5	6,0	5,2
10,74	1,52	5,5	6,0	5,2
10,76	1,52	5,5	6,0	5,2
10,79	1,53	5,5	6,0	5,2
10,81	1,53	5,5	6,0	5,2
10,84	1,53	5,5	6,0	5,2
10,86	1,52	5,5	6,0	5,2
10,89	1,52	5,5	6,0	5,2
10,91	1,53	5,5	6,0	5,2
10,94	1,54	5,5	6,0	5,2
10,96	1,55	5,5	6,0	5,2
10,98	1,55	5,5	6,0	5,2
11,01	1,54	5,5	6,0	5,2
11,03	1,54	5,5	6,0	5,2
11,06	1,56	5,5	6,0	5,2
11,08	1,56	5,5	6,0	5,2
11,11	1,56	5,5	6,0	5,2
11,13	1,55	5,5	6,0	5,2
11,15	1,56	5,5	6,0	5,2
11,18	1,56	5,5	6,0	5,2
11,20	1,56	5,5	6,0	5,2
11,23	1,57	5,5	6,0	5,2
11,25	1,56	5,5	6,0	5,2
11,28	1,56	5,5	6,0	5,2
11,30	1,57	5,5	6,0	5,2
11,33	1,57	5,5	6,0	5,2
11,35	1,58	5,5	6,0	5,2
11,37	1,58	5,5	6,0	5,2
11,40	1,58	5,5	6,0	5,2
11,42	1,58	5,5	6,0	5,2
11,45	1,58	5,5	6,0	5,2
11,47	1,59	5,5	6,0	5,2
11,50	1,59	5,5	6,0	5,2
11,52	1,58	5,5	6,0	5,2
11,55	1,58	5,5	6,0	5,2
11,57	1,57	5,5	6,0	5,2
11,59	1,57	5,5	6,0	5,2
11,62	1,57	5,5	6,0	5,2
11,64	1,59	5,5	6,0	5,2
11,67	1,59	5,5	6,0	5,2
11,69	1,58	5,5	6,0	5,2
11,72	1,58	5,5	6,0	5,2
11,74	1,59	5,5	6,0	5,2
11,77	1,59	5,5	6,0	5,2
11,79	1,60	5,5	6,0	5,2
11,81	1,61	5,5	6,0	5,2
11,84	1,60	5,5	6,0	5,2
11,86	1,60	5,5	6,0	5,2
11,89	1,60	5,5	6,0	5,2
11,91	1,61	5,5	6,0	5,2
11,94	1,61	5,5	6,0	5,2
11,96	1,60	5,5	6,0	5,2
11,99	1,61	5,5	6,0	5,2
12,01	1,61	5,5	6,0	5,2
12,03	1,61	5,5	6,0	5,2
12,06	1,62	5,5	6,0	5,2
12,08	1,63	5,5	6,0	5,2
12,11	1,63	5,5	6,0	5,2
12,13	1,62	5,5	6,0	5,2
12,16	1,62	5,5	6,0	5,2
12,18	1,63	5,5	6,0	5,2
12,21	1,63	5,5	6,0	5,2
12,23	1,64	5,5	6,0	5,2
12,25	1,63	5,5	6,0	5,2
12,28	1,63	5,5	6,0	5,2
12,30	1,62	5,5	6,0	5,2
12,33	1,63	5,5	6,0	5,2
12,35	1,64	5,5	6,0	5,2
12,38	1,64	5,5	6,0	5,2
12,40	1,63	5,5	6,0	5,2
12,42	1,63	5,5	6,0	5,2
12,45	1,63	5,5	6,0	5,2
12,47	1,64	5,5	6,0	5,2
12,50	1,64	5,5	6,0	5,2
12,52	1,65	5,5	6,0	5,2
12,55	1,64	5,5	6,0	5,2
12,57	1,64	5,5	6,0	5,2
12,60	1,63	5,5	6,0	5,2
12,62	1,64	5,5	6,0	5,2
12,64	1,64	5,5	6,0	5,2
12,67	1,64	5,5	6,0	5,2
12,69	1,64	5,5	6,0	5,2
12,72	1,63	5,5	6,0	5,2
12,74	1,64	5,5	6,0	5,2
12,77	1,64	5,5	6,0	5,2
12,79	1,64	5,5	6,0	5,2
12,82	1,64	5,5	6,0	5,2
12,84	1,64	5,5	6,0	5,2
12,86	1,64	5,5	6,0	5,2
12,89	1,64	5,5	6,0	5,2
12,91	1,65	5,5	6,0	5,2
12,94	1,65	5,5	6,0	5,2
12,96	1,66	5,5	6,0	5,2
12,99	1,65	5,5	6,0	5,2
13,01	1,65	5,5	6,0	5,2
13,04	1,66	5,5	6,0	5,2
13,06	1,65	5,5	6,0	5,2
13,08	1,66	5,5	6,0	5,2
13,11	1,65	5,5	6,0	5,2
13,13	1,65	5,5	6,0	5,2
13,16	1,65	5,5	6,0	5,2
13,18	1,64	5,5	6,0	5,2
13,21	1,66	5,5	6,0	5,2
13,23	1,65	5,5	6,0	5,2
13,26	1,64	5,5	6,0	5,2
13,28	1,65	5,5	6,0	5,2
13,30	1,64	5,5	6,0	5,2
13,33	1,65	5,5	6,0	5,2
13,35	1,64	5,5	6,0	5,2
13,38	1,65	5,5	6,0	5,2
13,40	1,65	5,5	6,0	5,2
13,43	1,63	5,5	6,0	5,2
13,45	1,63	5,5	6,0	5,2
13,47	1,63	5,5	6,0	5,2
13,50	1,63	5,5	6,0	5,2
13,52	1,62	5,5	6,0	5,2
13,55	1,61	5,5	6,0	5,2
13,57	1,61	5,5	6,0	5,2
13,60	1,59	5,5	6,0	5,2
13,62	1,58	5,5	6,0	5,2
13,65	1,58	5,5	6,0	5,2
13,67	1,57	5,5	6,0	5,2
13,69	1,55	5,5	6,0	5,2
13,72	1,54	5,5	6,0	5,2
13,74	1,53	5,5	6,0	5,2
13,77	1,53	5,5	6,0	5,2
13,79	1,52	5,5	6,0	5,2
13,82	1,52	5,5	6,0	5,2
13,84	1,51	5,5	6,0	5,2
13,87	1,49	5,5	6,0	5,2
13,89	1,48	5,5	6,0	5,2
13,91	1,47	5,5	6,0	5,2
13,94	1,46	5,5	6,0	5,2
13,96	1,45	5,5	6,0	5,2
13,99	1,43	5,5	6,0	5,2
14,01	1,42	5,5	6,0	5,2
14,04	1,40	5,5	6,0	5,2
14,06	1,39	5,5	6,0	5,2
14,09	1,39	5,5	6,0	5,2
14,11	1,36	5,5	6,0	5,2
14,13	1,35	5,5	6,0	5,2
14,16	1,34	5,5	6,0	5,2
14,18	1,33	5,5	6,0	5,2
14,21	1,33	5,5	6,0	5,2
14,23	1,31	5,5	6,0	5,2
14,26	1,30	5,5	6,0	5,2
14,28	1,28	5,5	6,0	5,2
14,31	1,26	5,5	6,0	5,2
14,33	1,25	5,5	6,0	5,2
14,35	1,23	5,5	6,0	5,2
14,38	1,21	5,5	6,0	5,2
14,40	1,19	5,5	6,0	5,2
14,43	1,17	5,5	6,0	5,2
14,45	1,15	5,5	6,0	5,2
14,48	1,13	5,5	6,0	5,2
14,50	1,12	5,5	6,0	5,2
14,52	1,10	5,5	6,0	5,2
14,55	1,07	5,5	6,0	5,2
14,57	1,05	5,5	6,0	5,2
14,60	1,04	5,5	6,0	5,2
14,62	1,02	5,5	6,0	5,2
14,65	1,02	5,5	6,0	5,2
14,67	1,00	5,5	6,0	5,2
14,70	0,98	5,5	6,0	5,2
14,72	0,95	5,5	6,0	5,2
14,74	0,93	5,5	6,0	5,2
14,77	0,92	5,5	6,0	5,2
14,79	0,89	5,5	6,0	5,2
14,82	0,86	5,5	6,0	5,2
14,84	0,85	5,5	6,0	5,2
14,87	0,82	5,5	6,0	5,2
14,89	0,80	5,5	6,0	5,2
14,92	0,78	5,5	6,0	5,2
14,94	0,77	5,5	6,0	5,2
14,96	0,74	5,5	6,0	5,2
14,99	0,71	5,5	6,0	5,2
15,01	0,69	5,5	6,0	5,2
15,04	0,68	5,5	6,0	5,2
15,06	0,66	5,5	6,0	5,2
15,09	0,64	5,5	6,0	5,2
15,11	0,63	5,5	6,0	5,2
15,14	0,60	5,5	6,0	5,2
15,16	0,58	5,5	6,0	5,2
15,18	0,56	5,5	6,0	5,2
15,21	0,54	5,5	6,0	5,2
15,23	0,52	5,5	6,0	5,2
15,26	0,50	5,5	6,0	5,2
15,28	0,48	5,5	6,0	5,2
15,31	0,46	5,5	6,0	5,2
15,33	0,44	5,5	6,0	5,2
15,36	0,42	5,5	6,0	5,2
15,38	0,41	5,5	6,0	5,2
15,40	0,40	5,5	6,0	5,2
15,43	0,37	5,5	6,0	5,2
15,45	0,36	5,5	6,0	5,2
15,48	0,35	5,5	6,0	5,2
15,50	0,33	5,5	6,0	5,2
15,53	0,32	5,5	6,0	5,2
15,55	0,31	5,5	6,0	5,2
15,57	0,29	5,5	6,0	5,2
15,60	0,28	5,5	6,0	5,2
15,62	0,27	5,5	6,0	5,2
15,65	0,26	5,5	6,0	5,2
15,67	0,23	5,5	6,0	5,2
15,70	0,23	5,5	6,0	5,2
15,72	0,21	5,5	6,0	5,2
15,75	0,20	5,5	6,0	5,2
15,77	0,19	5,5	6,0	5,2
15,79	0,19	5,5	6,0	5,2
15,82	0,18	5,5	6,0	5,2
15,84	0,15	5,5	6,0	5,2
15,87	0,15	5,5	6,0	5,2
15,89	0,14	5,5	6,0	5,2
15,92	0,14	5,5	6,0	5,2
15,94	0,13	5,5	6,0	5,2
15,97	0,13	5,5	6,0	5,2
15,99	0,11	5,5	6,0	5,2
16,01	0,10	5,5	6,0	5,2
16,04	0,10	5,5	6,0	5,2
16,06	0,09	5,5	6,0	5,2
16,09	0,08	5,5	6,0	5,2
16,11	0,08	5,5	6,0	5,2
16,14	0,08	5,5	6,0	5,2
16,16	0,07	5,5	6,0	5,2
16,19	0,07	5,5	6,0	5,2
16,21	0,07	5,5	6,0	5,2
16,23	0,07	5,5	6,0	5,2
16,26	0,06	5,5	6,0	5,2
16,28	0,05	5,5	6,0	5,2
16,31	0,05	5,5	6,0	5,2
16,33	0,05	5,5	6,0	5,2
16,36	0,05	5,5	6,0	5,2
16,38	0,05	5,5	6,0	5,2
16,41	0,05	5,5	6,0	5,2
16,43	0,04	5,5	6,0	5,2
16,45	0,04	5,5	6,0	5,2
16,48	0,04	5,5	6,0	5,2
16,50	0,04	5,5	6,0	5,2
16,53	0,03	5,5	6,0	5,2
16,55	0,03	5,5	6,0	5,2
16,58	0,03	5,5	6,0	5,2
16,60	0,02	5,5	6,0	5,2
16,63	0,02	5,5	6,0	5,2
16,65	0,02	5,5	6,0	5,2
16,67	0,02	5,5	6,0	5,2
16,70	0,02	5,5	6,0	5,2
16,72	0,02	5,5	6,0	5,2
16,75	0,02	5,5	6,0	5,2
16,77	0,02	5,5	6,0	5,2
16,80	0,01	5,5	6,0	5,2
16,82	0,01	5,5	6,0	5,2
16,84	0,01	5,5	6,0	5,2
16,87	0,01	5,5	6,0	5,2
16,89	0,01	5,5	6,0	5,2
16,92	0,01	5,5	6,0	5,2
16,94	0,01	5,5	6,0	5,2
16,97	0,01	5,5	6,0	5,2
16,99	0,01	5,5	6,0	5,2
17,02	0,01	5,5	6,0	5,2
17,04	0,01	5,5	6,0	5,2
17,06	0,01	5,5	6,0	5,2
17,09	0,01	5,5	6,0	5,2
17,11	0,01	5,5	6,0	5,2
17,14	0,01	5,5	6,0	5,2
17,16	0,01	5,5	6,0	5,2
17,19	0,01	5,5	6,0	5,2
17,21	0,01	5,5	6,0	5,2
17,24	0,01	5,5	6,0	5,2
17,26	0,01	5,5	6,0	5,2
17,28	0,01	5,5	6,0	5,2
17,31	0,01	5,5	6,0	5,2
17,33	0,01	5,5	6,0	5,2
17,36	0,01	5,5	6,0	5,2
17,38	0,01	5,5	6,0	5,2
17,41	0,01	5,5	6,0	5,2
17,43	0,01	5,5	6,0	5,2
17,46	0,01	5,5	6,0	5,2
17,48	0,01	5,5	6,0	5,2
17,50	0,01	5,5	6,0	5,2
17,53	0,01	5,5	6,0	5,2
17,55	0,01	5,5	6,0	5,2
17,58	0,01	5,5	6,0	5,2
17,60	0,01	5,5	6,0	5,2
17,63	0,01	5,5	6,0	5,2
17,65	0,01	5,5	6,0	5,2
17,68	0,01	5,5	6,0	5,2
17,70	0,01	5,5	6,0	5,2
17,72	0,01	5,5	6,0	5,2
17,75	0,01	5,5	6,0	5,2
17,77	0,01	5,5	6,0	5,2
17,80	0,01	5,5	6,0	5,2
17,82	0,01	5,5	6,0	5,2
17,85	0,01	5,5	6,0	5,2
17,87	0,01	5,5	6,0	5,2
17,89	0,01	5,5	6,0	5,2
17,92	0,01	5,5	6,0	5,2
17,94	0,01	5,5	6,0	5,2
17,97	0,01	5,5	6,0	5,2
17,99	0,01	5,5	6,0	5,2
18,02	0,01	5,5	6,0	5,2
18,04	0,01	5,5	6,0	5,2
18,07	0,01	5,5	6,0	5,2
18,09	0,02	5,5	6,0	5,2
18,11	0,02	5,5	6,0	5,2
18,14	0,02	5,5	6,0	5,2
18,16	0,02	5,5	6,0	5,2
18,19	0,02	5,5	6,0	5,2
18,21	0,02	5,5	6,0	5,2
18,24	0,02	5,5	6,0	5,2
18,26	0,02	5,5	6,0	5,2
18,29	0,02	5,5	6,0	5,2
18,31	0,02	5,5	6,0	5,2
18,33	0,02	5,5	6,0	5,2
18,36	0,02	5,5	6,0	5,2
18,38	0,02	5,5	6,0	5,2
18,41	0,02	5,5	6,0	5,2
18,43	0,02	5,5	6,0	5,2
18,46	0,02	5,5	6,0	5,2
18,48	0,02	5,5	6,0	5,2
18,51	0,03	5,5	6,0	5,2
18,53	0,04	5,5	6,0	5,2
18,55	0,04	5,5	6,0	5,2
18,58	0,04	5,5	6,0	5,2
18,60	0,05	5,5	6,0	5,2
18,63	0,05	5,5	6,0	5,2
18,65	0,06	5,5	6,0	5,2
18,68	0,07	5,5	6,0	5,2
18,70	0,08	5,5	6,0	5,2
18,73	0,08	5,5	6,0	5,2
18,75	0,10	5,5	6,0	5,2
18,77	0,12	5,5	6,0	5,2
18,80	0,14	5,5	6,0	5,2
18,82	0,14	5,5	6,0	5,2
18,85	0,17	5,5	6,0	5,2
18,87	0,18	5,5	6,0	5,2
18,90	0,19	5,5	6,0	5,2
18,92	0,21	5,5	6,0	5,2
18,94	0,24	5,5	6,0	5,2
18,97	0,26	5,5	6,0	5,2
18,99	0,28	5,5	6,0	5,2
19,02	0,30	5,5	6,0	5,2
19,04	0,34	5,5	6,0	5,2
19,07	0,36	5,5	6,0	5,2
19,09	0,39	5,5	6,0	5,2
19,12	0,43	5,5	6,0	5,2
19,14	0,45	5,5	6,0	5,2
19,16	0,47	5,5	6,0	5,2
19,19	0,51	5,5	6,0	5,2
19,21	0,55	5,5	6,0	5,2
19,24	0,58	5,5	6,0	5,2
19,26	0,61	5,5	6,0	5,2
19,29	0,64	5,5	6,0	5,2
19,31	0,66	5,5	6,0	5,2
19,34	0,70	5,5	6,0	5,2
19,36	0,73	5,5	6,0	5,2
19,38	0,76	5,5	6,0	5,2
19,41	0,79	5,5	6,0	5,2
19,43	0,82	5,5	6,0	5,2
19,46	0,85	5,5	6,0	5,2
19,48	0,89	5,5	6,0	5,2
19,51	0,92	5,5	6,0	5,2
19,53	0,96	5,5	6,0	5,2
19,56	0,99	5,5	6,0	5,2
19,58	1,01	5,5	6,0	5,2
19,60	1,04	5,5	6,0	5,2
19,63	1,08	5,5	6,0	5,2
19,65	1,11	5,5	6,0	5,2
19,68	1,15	5,5	6,0	5,2
19,70	1,17	5,5	6,0	5,2
19,73	1,20	5,5	6,0	5,2
19,75	1,22	5,5	6,0	5,2
19,78	1,26	5,5	6,0	5,2
19,80	1,30	5,5	6,0	5,2
19,82	1,31	5,5	6,0	5,2
19,85	1,34	5,5	6,0	5,2
19,87	1,38	5,5	6,0	5,2
19,90	1,40	5,5	6,0	5,2
19,92	1,44	5,5	6,0	5,2
19,95	1,47	5,5	6,0	5,2
19,97	1,50	5,5	6,0	5,2
19,99	1,52	5,5	6,0	5,2
20,02	1,54	5,5	6,0	5,2
20,04	1,58	5,5	6,0	5,2
20,07	1,61	5,5	6,0	5,2
20,09	1,63	5,5	6,0	5,2
20,12	1,66	5,5	6,0	5,2
20,14	1,68	5,5	6,0	5,2
20,17	1,71	5,5	6,0	5,2
20,19	1,73	5,5	6,0	5,2
20,21	1,77	5,5	6,0	5,2
20,24	1,80	5,5	6,0	5,2
20,26	1,81	5,5	6,0	5,2
20,29	1,84	5,5	6,0	5,2
20,31	1,87	5,5	6,0	5,2
20,34	1,90	5,5	6,0	5,2
20,36	1,93	5,5	6,0	5,2
20,39	1,95	5,5	6,0	5,2
20,41	1,98	5,5	6,0	5,2
20,43	2,00	5,5	6,0	5,2
20,46	2,02	5,5	6,0	5,2
20,48	2,05	5,5	6,0	5,2
20,51	2,08	5,5	6,0	5,2
20,53	2,10	5,5	6,0	5,2
20,56	2,12	5,5	6,0	5,2
20,58	2,14	5,5	6,0	5,2
20,61	2,17	5,5	6,0	5,2
20,63	2,19	5,5	6,0	5,2
20,65	2,22	5,5	6,0	5,2
20,68	2,25	5,5	6,0	5,2
20,70	2,27	5,5	6,0	5,2
20,73	2,29	5,5	6,0	5,2
20,75	2,32	5,5	6,0	5,2
20,78	2,35	5,5	6,0	5,2
20,80	2,38	5,5	6,0	5,2
20,83	2,40	5,5	6,0	5,2
20,85	2,42	5,5	6,0	5,2
20,87	2,44	5,5	6,0	5,2
20,90	2,46	5,5	6,0	5,2
20,92	2,49	5,5	6,0	5,2
20,95	2,52	5,5	6,0	5,2
20,97	2,54	5,5	6,0	5,2
21,00	2,57	5,5	6,0	5,2
21,02	2,59	5,5	6,0	5,2
21,05	2,61	5,5	6,0	5,2
21,07	2,64	5,5	6,0	5,2
21,09	2,67	5,5	6,0	5,2
21,12	2,70	5,5	6,0	5,2
21,14	2,72	5,5	6,0	5,2
21,17	2,75	5,5	6,0	5,2
21,19	2,78	5,5	6,0	5,2
21,22	2,81	5,5	6,0	5,2
21,24	2,84	5,5	6,0	5,2
21,26	2,86	5,5	6,0	5,2
21,29	2,88	5,5	6,0	5,2
21,31	2,90	5,5	6,0	5,2
21,34	2,93	5,5	6,0	5,2
21,36	2,95	5,5	6,0	5,2
21,39	2,97	5,5	6,0	5,2
21,41	3,00	5,5	6,0	5,2
21,44	3,02	5,5	6,0	5,2
21,46	3,05	5,5	6,0	5,2
21,48	3,07	5,5	6,0	5,2
21,51	3,10	5,5	6,0	5,2
21,53	3,13	5,5	6,0	5,2
21,56	3,13	5,5	6,0	5,2
21,58	3,16	5,5	6,0	5,2
21,61	3,19	5,5	6,0	5,2
21,63	3,21	5,5	6,0	5,2
21,66	3,24	5,5	6,0	5,2
21,68	3,26	5,5	6,0	5,2
21,70	3,29	5,5	6,0	5,2
21,73	3,30	5,5	6,0	5,2
21,75	3,32	5,5	6,0	5,2
21,78	3,35	5,5	6,0	5,2
21,80	3,37	5,5	6,0	5,2
21,83	3,39	5,5	6,0	5,2
21,85	3,41	5,5	6,0	5,2
21,88	3,43	5,5	6,0	5,2
21,90	3,46	5,5	6,0	5,2
21,92	3,49	5,5	6,0	5,2
21,95	3,51	5,5	6,0	5,2
21,97	3,54	5,5	6,0	5,2
22,00	3,55	5,5	6,0	5,2
22,02	3,57	5,5	6,0	5,2
22,05	3,60	5,5	6,0	5,2
22,07	3,62	5,5	6,0	5,2
22,10	3,65	5,5	6,0	5,2
22,12	3,66	5,5	6,0	5,2
22,14	3,68	5,5	6,0	5,2
22,17	3,70	5,5	6,0	5,2
22,19	3,71	5,5	6,0	5,2
22,22	3,74	5,5	6,0	5,2
22,24	3,76	5,5	6,0	5,2
22,27	3,78	5,5	6,0	5,2
22,29	3,80	5,5	6,0	5,2
22,31	3,81	5,5	6,0	5,2
22,34	3,85	5,5	6,0	5,2
22,36	3,87	5,5	6,0	5,2
22,39	3,89	5,5	6,0	5,2
22,41	3,92	5,5	6,0	5,2
22,44	3,93	5,5	6,0	5,2
22,46	3,95	5,5	6,0	5,2
22,49	3,98	5,5	6,0	5,2
22,51	4,00	5,5	6,0	5,2
22,53	4,02	5,5	6,0	5,2
22,56	4,03	5,5	6,0	5,2
22,58	4,05	5,5	6,0	5,2
22,61	4,06	5,5	6,0	5,2
22,63	4,08	5,5	6,0	5,2
22,66	4,10	5,5	6,0	5,2
22,68	4,12	5,5	6,0	5,2
22,71	4,13	5,5	6,0	5,2
22,73	4,15	5,5	6,0	5,2
22,75	4,18	5,5	6,0	5,2
22,78	4,21	5,5	6,0	5,2
22,80	4,23	5,5	6,0	5,2
22,83	4,25	5,5	6,0	5,2
22,85	4,26	5,5	6,0	5,2
22,88	4,28	5,5	6,0	5,2
22,90	4,30	5,5	6,0	5,2
22,93	4,32	5,5	6,0	5,2
22,95	4,33	5,5	6,0	5,2
22,97	4,35	5,5	6,0	5,2
23,00	4,36	5,5	6,0	5,2
23,02	4,38	5,5	6,0	5,2
23,05	4,40	5,5	6,0	5,2
23,07	4,42	5,5	6,0	5,2
23,10	4,44	5,5	6,0	5,2
23,12	4,45	5,5	6,0	5,2
23,15	4,47	5,5	6,0	5,2
23,17	4,50	5,5	6,0	5,2
23,19	4,52	5,5	6,0	5,2
23,22	4,54	5,5	6,0	5,2
23,24	4,56	5,5	6,0	5,2
23,27	4,58	5,5	6,0	5,2
23,29	4,58	5,5	6,0	5,2
23,32	4,60	5,5	6,0	5,2
23,34	4,62	5,5	6,0	5,2
23,36	4,64	5,5	6,0	5,2
23,39	4,65	5,5	6,0	5,2
23,41	4,66	5,5	6,0	5,2
23,44	4,67	5,5	6,0	5,2
23,46	4,69	5,5	6,0	5,2
23,49	4,71	5,5	6,0	5,2
23,51	4,73	5,5	6,0	5,2
23,54	4,74	5,5	6,0	5,2
23,56	4,75	5,5	6,0	5,2
23,58	4,77	5,5	6,0	5,2
23,61	4,79	5,5	6,0	5,2
23,63	4,81	5,5	6,0	5,2
23,66	4,82	5,5	6,0	5,2
23,68	4,84	5,5	6,0	5,2
23,71	4,85	5,5	6,0	5,2
23,73	4,86	5,5	6,0	5,2
23,76	4,87	5,5	6,0	5,2
23,78	4,90	5,5	6,0	5,2
23,80	4,91	5,5	6,0	5,2
23,83	4,92	5,5	6,0	5,2
23,85	4,93	5,5	6,0	5,2
23,88	4,95	5,5	6,0	5,2
23,90	4,97	5,5	6,0	5,2
23,93	4,98	5,5	6,0	5,2
23,95	5,00	5,5	6,0	5,2
23,98	5,01	5,5	6,0	5,2
24,00	5,02	5,5	6,0	5,2
24,02	5,05	5,5	6,0	5,2
24,05	5,07	5,5	6,0	5,2
24,07	5,09	5,5	6,0	5,2
24,10	5,10	5,5	6,0	5,2
24,12	5,10	5,5	6,0	5,2
24,15	5,12	5,5	6,0	5,2
24,17	5,13	5,5	6,0	5,2
24,20	5,15	5,5	6,0	5,2
24,22	5,16	5,5	6,0	5,2
24,24	5,17	5,5	6,0	5,2
24,27	5,19	5,5	6,0	5,2
24,29	5,20	5,5	6,0	5,2
24,32	5,21	5,5	6,0	5,2
24,34	5,24	5,5	6,0	5,2
24,37	5,25	5,5	6,0	5,2
24,39	5,26	5,5	6,0	5,2
24,42	5,27	5,5	6,0	5,2
24,44	5,28	5,5	6,0	5,2
24,46	5,30	5,5	6,0	5,2
24,49	5,31	5,5	6,0	5,2
24,51	5,33	5,5	6,0	5,2
24,54	5,34	5,5	6,0	5,2
24,56	5,35	5,5	6,0	5,2
24,59	5,36	5,5	6,0	5,2
24,61	5,37	5,5	6,0	5,2
24,63	5,39	5,5	6,0	5,2
24,66	5,40	5,5	6,0	5,2
24,68	5,40	5,5	6,0	5,2
24,71	5,42	5,5	6,0	5,2
24,73	5,44	5,5	6,0	5,2
24,76	5,45	5,5	6,0	5,2
24,78	5,47	5,5	6,0	5,2
24,81	5,48	5,5	6,0	5,2
24,83	5,49	5,5	6,0	5,2
24,85	5,49	5,5	6,0	5,2
24,88	5,51	5,5	6,0	5,2
24,90	5,52	5,5	6,0	5,2
24,93	5,53	5,5	6,0	5,2
24,95	5,54	5,5	6,0	5,2
24,98	5,55	5,5	6,0	5,2
25,00	5,56	5,5	6,0	5,2
25,03	5,57	5,5	6,0	5,2
25,05	5,58	5,5	6,0	5,2
25,07	5,60	5,5	6,0	5,2
25,10	5,61	5,5	6,0	5,2
25,12	5,61	5,5	6,0	5,2
25,15	5,62	5,5	6,0	5,2
25,17	5,64	5,5	6,0	5,2
25,20	5,65	5,5	6,0	5,2
25,22	5,66	5,5	6,0	5,2
25,25	5,67	5,5	6,0	5,2
25,27	5,68	5,5	6,0	5,2
25,29	5,68	5,5	6,0	5,2
25,32	5,69	5,5	6,0	5,2
25,34	5,71	5,5	6,0	5,2
25,37	5,72	5,5	6,0	5,2
25,39	5,72	5,5	6,0	5,2
25,42	5,73	5,5	6,0	5,2
25,44	5,74	5,5	6,0	5,2
25,47	5,75	5,5	6,0	5,2
25,49	5,76	5,5	6,0	5,2
25,51	5,78	5,5	6,0	5,2
25,54	5,78	5,5	6,0	5,2
25,56	5,78	5,5	6,0	5,2
25,59	5,80	5,5	6,0	5,2
25,61	5,81	5,5	6,0	5,2
25,64	5,82	5,5	6,0	5,2
25,66	5,82	5,5	6,0	5,2
25,68	5,83	5,5	6,0	5,2
25,71	5,83	5,5	6,0	5,2
25,73	5,83	5,5	6,0	5,2
25,76	5,85	5,5	6,0	5,2
25,78	5,86	5,5	6,0	5,2
25,81	5,86	5,5	6,0	5,2
25,83	5,87	5,5	6,0	5,2
25,86	5,87	5,5	6,0	5,2
25,88	5,88	5,5	6,0	5,2
25,90	5,88	5,5	6,0	5,2
25,93	5,90	5,5	6,0	5,2
25,95	5,90	5,5	6,0	5,2
25,98	5,90	5,5	6,0	5,2
26,00	5,91	5,5	6,0	5,2
26,03	5,92	5,5	6,0	5,2
26,05	5,93	5,5	6,0	5,2
26,08	5,94	5,5	6,0	5,2
26,10	5,95	5,5	6,0	5,2
26,12	5,95	5,5	6,0	5,2
26,15	5,95	5,5	6,0	5,2
26,17	5,96	5,5	6,0	5,2
26,20	5,97	5,5	6,0	5,2
26,22	5,97	5,5	6,0	5,2
26,25	5,97	5,5	6,0	5,2
26,27	5,98	5,5	6,0	5,2
26,30	5,98	5,5	6,0	5,2
26,32	5,99	5,5	6,0	5,2
26,34	6,00	5,5	6,0	5,2
26,37	6,01	5,5	6,0	5,2
26,39	6,02	5,5	6,0	5,2
26,42	6,02	5,5	6,0	5,2
26,44	6,02	5,5	6,0	5,2
26,47	6,04	5,5	6,0	5,2
26,49	6,04	5,5	6,0	5,2
26,52	6,05	5,5	6,0	5,2
26,54	6,05	5,5	6,0	5,2
26,56	6,06	5,5	6,0	5,2
26,59	6,04	5,5	6,0	5,2
26,61	6,05	5,5	6,0	5,2
26,64	6,07	5,5	6,0	5,2
26,66	6,07	5,5	6,0	5,2
26,69	6,07	5,5	6,0	5,2
26,71	6,07	5,5	6,0	5,2
26,73	6,08	5,5	6,0	5,2
26,76	6,09	5,5	6,0	5,2
26,78	6,10	5,5	6,0	5,2
26,81	6,11	5,5	6,0	5,2
26,83	6,11	5,5	6,0	5,2
26,86	6,11	5,5	6,0	5,2
26,88	6,11	5,5	6,0	5,2
26,91	6,13	5,5	6,0	5,2
26,93	6,13	5,5	6,0	5,2
26,95	6,13	5,5	6,0	5,2
26,98	6,13	5,5	6,0	5,2
27,00	6,13	5,5	6,0	5,2
27,03	6,13	5,5	6,0	5,2
27,05	6,13	5,5	6,0	5,2
27,08	6,15	5,5	6,0	5,2
27,10	6,15	5,5	6,0	5,2
27,13	6,14	5,5	6,0	5,2
27,15	6,15	5,5	6,0	5,2
27,17	6,16	5,5	6,0	5,2
27,20	6,17	5,5	6,0	5,2
27,22	6,17	5,5	6,0	5,2
27,25	6,18	5,5	6,0	5,2
27,27	6,18	5,5	6,0	5,2
27,30	6,18	5,5	6,0	5,2
27,32	6,19	5,5	6,0	5,2
27,35	6,20	5,5	6,0	5,2
27,37	6,19	5,5	6,0	5,2
27,39	6,19	5,5	6,0	5,2
27,42	6,18	5,5	6,0	5,2
27,44	6,19	5,5	6,0	5,2
27,47	6,19	5,5	6,0	5,2
27,49	6,20	5,5	6,0	5,2
27,52	6,21	5,5	6,0	5,2
27,54	6,21	5,5	6,0	5,2
27,57	6,21	5,5	6,0	5,2
27,59	6,22	5,5	6,0	5,2
27,61	6,23	5,5	6,0	5,2
27,64	6,24	5,5	6,0	5,2
27,66	6,24	5,5	6,0	5,2
27,69	6,24	5,5	6,0	5,2
27,71	6,24	5,5	6,0	5,2
27,74	6,24	5,5	6,0	5,2
27,76	6,25	5,5	6,0	5,2
27,78	6,25	5,5	6,0	5,2
27,81	6,25	5,5	6,0	5,2
27,83	6,25	5,5	6,0	5,2
27,86	6,24	5,5	6,0	5,2
27,88	6,24	5,5	6,0	5,2
27,91	6,24	5,5	6,0	5,2
27,93	6,25	5,5	6,0	5,2
27,96	6,25	5,5	6,0	5,2
27,98	6,25	5,5	6,0	5,2
28,00	6,25	5,5	6,0	5,2
28,03	6,26	5,5	6,0	5,2
28,05	6,26	5,5	6,0	5,2
28,08	6,26	5,5	6,0	5,2
28,10	6,25	5,5	6,0	5,2
28,13	6,25	5,5	6,0	5,2
28,15	6,24	5,5	6,0	5,2
28,18	6,25	5,5	6,0	5,2
28,20	6,26	5,5	6,0	5,2
28,22	6,26	5,5	6,0	5,2
28,25	6,26	5,5	6,0	5,2
28,27	6,26	5,5	6,0	5,2
28,30	6,26	5,5	6,0	5,2
28,32	6,26	5,5	6,0	5,2
28,35	6,26	5,5	6,0	5,2
28,37	6,27	5,5	6,0	5,2
28,40	6,27	5,5	6,0	5,2
28,42	6,27	5,5	6,0	5,2
28,44	6,27	5,5	6,0	5,2
28,47	6,28	5,5	6,0	5,2
28,49	6,28	5,5	6,0	5,2
28,52	6,28	5,5	6,0	5,2
28,54	6,28	5,5	6,0	5,2
28,57	6,27	5,5	6,0	5,2
28,59	6,27	5,5	6,0	5,2
28,62	6,27	5,5	6,0	5,2
28,64	6,28	5,5	6,0	5,2
28,66	6,28	5,5	6,0	5,2
28,69	6,28	5,5	6,0	5,2
28,71	6,28	5,5	6,0	5,2
28,74	6,29	5,5	6,0	5,2
28,76	6,29	5,5	6,0	5,2
28,79	6,29	5,5	6,0	5,2
28,81	6,30	5,5	6,0	5,2
28,84	6,29	5,5	6,0	5,2
28,86	6,29	5,5	6,0	5,2
28,88	6,29	5,5	6,0	5,2
28,91	6,29	5,5	6,0	5,2
28,93	6,29	5,5	6,0	5,2
28,96	6,29	5,5	6,0	5,2
28,98	6,29	5,5	6,0	5,2
29,01	6,28	5,5	6,0	5,2
29,03	6,27	5,5	6,0	5,2
29,05	6,28	5,5	6,0	5,2
29,08	6,28	5,5	6,0	5,2
29,10	6,27	5,5	6,0	5,2
29,13	6,28	5,5	6,0	5,2
29,15	6,27	5,5	6,0	5,2
29,18	6,28	5,5	6,0	5,2
29,20	6,27	5,5	6,0	5,2
29,23	6,28	5,5	6,0	5,2
29,25	6,28	5,5	6,0	5,2
29,27	6,27	5,5	6,0	5,2
29,30	6,27	5,5	6,0	5,2
29,32	6,27	5,5	6,0	5,2
29,35	6,27	5,5	6,0	5,2
29,37	6,27	5,5	6,0	5,2
29,40	6,26	5,5	6,0	5,2
29,42	6,25	5,5	6,0	5,2
29,45	6,25	5,5	6,0	5,2
29,47	6,24	5,5	6,0	5,2
29,49	6,25	5,5	6,0	5,2
29,52	6,25	5,5	6,0	5,2
29,54	6,24	5,5	6,0	5,2
29,57	6,23	5,5	6,0	5,2
29,59	6,23	5,5	6,0	5,2
29,62	6,23	5,5	6,0	5,2
29,64	6,23	5,5	6,0	5,2
29,67	6,23	5,5	6,0	5,2
29,69	6,23	5,5	6,0	5,2
29,71	6,22	5,5	6,0	5,2
29,74	6,22	5,5	6,0	5,2
29,76	6,22	5,5	6,0	5,2
29,79	6,21	5,5	6,0	5,2
29,81	6,22	5,5	6,0	5,2
29,84	6,20	5,5	6,0	5,2
29,86	6,20	5,5	6,0	5,2
29,89	6,18	5,5	6,0	5,2
29,91	6,18	5,5	6,0	5,2
29,93	6,18	5,5	6,0	5,2
29,96	6,17	5,5	6,0	5,2
29,98	6,16	5,5	6,0	5,2
30,01	6,16	5,5	6,0	5,2
30,03	6,15	5,5	6,0	5,2
30,06	6,15	5,5	6,0	5,2
30,08	6,14	5,5	6,0	5,2
30,10	6,14	5,5	6,0	5,2
30,13	6,12	5,5	6,0	5,2
30,15	6,11	5,5	6,0	5,2
30,18	6,11	5,5	6,0	5,2
30,20	6,10	5,5	6,0	5,2
30,23	6,08	5,5	6,0	5,2
30,25	6,07	5,5	6,0	5,2
30,28	6,05	5,5	6,0	5,2
30,30	6,03	5,5	6,0	5,2
30,32	6,01	5,5	6,0	5,2
30,35	6,00	5,5	6,0	5,2
30,37	5,99	5,5	6,0	5,2
30,40	5,96	5,5	6,0	5,2
30,42	5,94	5,5	6,0	5,2
30,45	5,92	5,5	6,0	5,2
30,47	5,90	5,5	6,0	5,2
30,50	5,88	5,5	6,0	5,2
30,52	5,85	5,5	6,0	5,2
30,54	5,83	5,5	6,0	5,2
30,57	5,80	5,5	6,0	5,2
30,59	5,77	5,5	6,0	5,2
30,62	5,75	5,5	6,0	5,2
30,64	5,72	5,5	6,0	5,2
30,67	5,68	5,5	6,0	5,2
30,69	5,65	5,5	6,0	5,2
30,72	5,60	5,5	6,0	5,2
30,74	5,56	5,5	6,0	5,2
30,76	5,53	5,5	6,0	5,2
30,79	5,49	5,5	6,0	5,2
30,81	5,45	5,5	6,0	5,2
30,84	5,40	5,5	6,0	5,2
30,86	5,37	5,5	6,0	5,2
30,89	5,33	5,5	6,0	5,2
30,91	5,30	5,5	6,0	5,2
30,94	5,25	5,5	6,0	5,2
30,96	5,21	5,5	6,0	5,2
30,98	5,16	5,5	6,0	5,2
31,01	5,11	5,5	6,0	5,2
31,03	5,07	5,5	6,0	5,2
31,06	5,03	5,5	6,0	5,2
31,08	4,99	5,5	6,0	5,2
31,11	4,93	5,5	6,0	5,2
31,13	4,88	5,5	6,0	5,2
31,15	4,82	5,5	6,0	5,2
31,18	4,77	5,5	6,0	5,2
31,20	4,73	5,5	6,0	5,2
31,23	4,68	5,5	6,0	5,2
31,25	4,63	5,5	6,0	5,2
31,28	4,58	5,5	6,0	5,2
31,30	4,53	5,5	6,0	5,2
31,33	4,50	5,5	6,0	5,2
31,35	4,44	5,5	6,0	5,2
31,37	4,40	5,5	6,0	5,2
31,40	4,34	5,5	6,0	5,2
31,42	4,29	5,5	6,0	5,2
31,45	4,24	5,5	6,0	5,2
31,47	4,19	5,5	6,0	5,2
31,50	4,14	5,5	6,0	5,2
31,52	4,08	5,5	6,0	5,2
31,55	4,03	5,5	6,0	5,2
31,57	3,98	5,5	6,0	5,2
31,59	3,93	5,5	6,0	5,2
31,62	3,87	5,5	6,0	5,2
31,64	3,83	5,5	6,0	5,2
31,67	3,78	5,5	6,0	5,2
31,69	3,73	5,5	6,0	5,2
31,72	3,68	5,5	6,0	5,2
31,74	3,64	5,5	6,0	5,2
31,77	3,59	5,5	6,0	5,2
31,79	3,54	5,5	6,0	5,2
31,81	3,48	5,5	6,0	5,2
31,84	3,43	5,5	6,0	5,2
31,86	3,37	5,5	6,0	5,2
31,89	3,32	5,5	6,0	5,2
31,91	3,28	5,5	6,0	5,2
31,94	3,22	5,5	6,0	5,2
31,96	3,17	5,5	6,0	5,2
31,99	3,12	5,5	6,0	5,2
32,01	3,07	5,5	6,0	5,2
32,03	3,02	5,5	6,0	5,2
32,06	2,97	5,5	6,0	5,2
32,08	2,92	5,5	6,0	5,2
32,11	2,88	5,5	6,0	5,2
32,13	2,82	5,5	6,0	5,2
32,16	2,77	5,5	6,0	5,2
32,18	2,72	5,5	6,0	5,2
32,20	2,67	5,5	6,0	5,2
32,23	2,63	5,5	6,0	5,2
32,25	2,56	5,5	6,0	5,2
32,28	2,51	5,5	6,0	5,2
32,30	2,46	5,5	6,0	5,2
32,33	2,40	5,5	6,0	5,2
32,35	2,36	5,5	6,0	5,2
32,38	2,31	5,5	6,0	5,2
32,40	2,24	5,5	6,0	5,2
32,42	2,20	5,5	6,0	5,2
32,45	2,14	5,5	6,0	5,2
32,47	2,10	5,5	6,0	5,2
32,50	2,04	5,5	6,0	5,2
32,52	2,00	5,5	6,0	5,2
32,55	1,95	5,5	6,0	5,2
32,57	1,89	5,5	6,0	5,2
32,60	1,84	5,5	6,0	5,2
32,62	1,80	5,5	6,0	5,2
32,64	1,75	5,5	6,0	5,2
32,67	1,70	5,5	6,0	5,2
32,69	1,64	5,5	6,0	5,2
32,72	1,59	5,5	6,0	5,2
32,74	1,54	5,5	6,0	5,2
32,77	1,49	5,5	6,0	5,2
32,79	1,45	5,5	6,0	5,2
32,82	1,40	5,5	6,0	5,2
32,84	1,34	5,5	6,0	5,2
32,86	1,29	5,5	6,0	5,2
32,89	1,25	5,5	6,0	5,2
32,91	1,20	5,5	6,0	5,2
32,94	1,16	5,5	6,0	5,2
32,96	1,11	5,5	6,0	5,2
32,99	1,06	5,5	6,0	5,2
33,01	1,01	5,5	6,0	5,2
33,04	0,98	5,5	6,0	5,2
33,06	0,94	5,5	6,0	5,2
33,08	0,88	5,5	6,0	5,2
33,11	0,85	5,5	6,0	5,2
33,13	0,79	5,5	6,0	5,2
33,16	0,75	5,5	6,0	5,2
33,18	0,70	5,5	6,0	5,2
33,21	0,67	5,5	6,0	5,2
33,23	0,63	5,5	6,0	5,2
33,26	0,58	5,5	6,0	5,2
33,28	0,54	5,5	6,0	5,2
33,30	0,51	5,5	6,0	5,2
33,33	0,47	5,5	6,0	5,2
33,35	0,43	5,5	6,0	5,2
33,38	0,41	5,5	6,0	5,2
33,40	0,37	5,5	6,0	5,2
33,43	0,33	5,5	6,0	5,2
33,45	0,31	5,5	6,0	5,2
33,47	0,28	5,5	6,0	5,2
33,50	0,25	5,5	6,0	5,2
33,52	0,22	5,5	6,0	5,2
33,55	0,20	5,5	6,0	5,2
33,57	0,17	5,5	6,0	5,2
33,60	0,15	5,5	6,0	5,2
33,62	0,14	5,5	6,0	5,2
33,65	0,12	5,5	6,0	5,2
33,67	0,10	5,5	6,0	5,2
33,69	0,08	5,5	6,0	5,2
33,72	0,08	5,5	6,0	5,2
33,74	0,07	5,5	6,0	5,2
33,77	0,05	5,5	6,0	5,2
33,79	0,05	5,5	6,0	5,2
33,82	0,04	5,5	6,0	5,2
33,84	0,03	5,5	6,0	5,2
33,87	0,02	5,5	6,0	5,2
33,89	0,02	5,5	6,0	5,2
33,91	0,02	5,5	6,0	5,2
33,94	0,01	5,5	6,0	5,2
33,96	0,01	5,5	6,0	5,2
33,99	0,01	5,5	6,0	5,2
34,01	0,01	5,5	6,0	5,2
34,04	0,01	5,5	6,0	5,2
34,06	0,01	5,5	6,0	5,2
34,09	0,01	5,5	6,0	5,2
34,11	0,01	5,5	6,0	5,2
34,13	0,01	5,5	6,0	5,2
34,16	0,01	5,5	6,0	5,2
34,18	0,01	5,5	6,0	5,2
34,21	0,01	5,5	6,0	5,2
34,23	0,01	5,5	6,0	5,2
34,26	0,01	5,5	6,0	5,2
34,28	0,01	5,5	6,0	5,2
34,31	0,01	5,5	6,0	5,2
34,33	0,01	5,5	6,0	5,2
34,35	0,01	5,5	6,0	5,2
34,38	0,01	5,5	6,0	5,2
34,40	0,01	5,5	6,0	5,2
34,43	0,01	5,5	6,0	5,2
34,45	0,01	5,5	6,0	5,2
34,48	0,01	5,5	6,0	5,2
34,50	0,01	5,5	6,0	5,2
34,52	0,01	5,5	6,0	5,2
34,55	0,01	5,5	6,0	5,2
34,57	0,01	5,5	6,0	5,2
34,60	0,01	5,5	6,0	5,2
34,62	0,01	5,5	6,0	5,2
34,65	0,01	5,5	6,0	5,2
34,67	0,01	5,5	6,0	5,2
34,70	0,01	5,5	6,0	5,2
34,72	0,01	5,5	6,0	5,2
34,74	0,01	5,5	6,0	5,2
34,77	0,01	5,5	6,0	5,2
34,79	0,01	5,5	6,0	5,2
34,82	0,01	5,5	6,0	5,2
34,84	0,01	5,5	6,0	5,2
34,87	0,01	5,5	6,0	5,2
34,89	0,01	5,5	6,0	5,2
34,92	0,01	5,5	6,0	5,2
34,94	0,01	5,5	6,0	5,2
34,96	0,01	5,5	6,0	5,2
34,99	0,01	5,5	6,0	5,2
35,01	0,01	5,5	6,0	5,2
35,04	0,01	5,5	6,0	5,2
35,06	0,01	5,5	6,0	5,2
35,09	0,01	5,5	6,0	5,2
35,11	0,01	5,5	6,0	5,2
35,14	0,01	5,5	6,0	5,2
35,16	0,01	5,5	6,0	5,2
35,18	0,01	5,5	6,0	5,2
35,21	0,01	5,5	6,0	5,2
35,23	0,01	5,5	6,0	5,2
35,26	0,01	5,5	6,0	5,2
35,28	0,01	5,5	6,0	5,2
35,31	0,01	5,5	6,0	5,2
35,33	0,01	5,5	6,0	5,2
35,36	0,01	5,5	6,0	5,2
35,38	0,01	5,5	6,0	5,2
35,40	0,01	5,5	6,0	5,2
35,43	0,01	5,5	6,0	5,2
35,45	0,01	5,5	6,0	5,2
35,48	0,01	5,5	6,0	5,2
35,50	0,01	5,5	6,0	5,2
35,53	0,01	5,5	6,0	5,2
35,55	0,01	5,5	6,0	5,2
35,57	0,01	5,5	6,0	5,2
35,60	0,01	5,5	6,0	5,2
35,62	0,01	5,5	6,0	5,2
35,65	0,01	5,5	6,0	5,2
35,67	0,01	5,5	6,0	5,2
35,70	0,01	5,5	6,0	5,2
35,72	0,01	5,5	6,0	5,2
35,75	0,01	5,5	6,0	5,2
35,77	0,01	5,5	6,0	5,2
35,79	0,01	5,5	6,0	5,2
35,82	0,01	5,5	6,0	5,2
35,84	0,01	5,5	6,0	5,2
35,87	0,01	5,5	6,0	5,2
35,89	0,01	5,5	6,0	5,2
35,92	0,01	5,5	6,0	5,2
35,94	0,01	5,5	6,0	5,2
35,97	0,01	5,5	6,0	5,2
35,99	0,01	5,5	6,0	5,2
36,01	0,01	5,5	6,0	5,2
36,04	0,01	5,5	6,0	5,2
36,06	0,01	5,5	6,0	5,2
36,09	0,01	5,5	6,0	5,2
36,11	0,01	5,5	6,0	5,2
36,14	0,01	5,5	6,0	5,2
36,16	0,01	5,5	6,0	5,2
36,19	0,01	5,5	6,0	5,2
36,21	0,01	5,5	6,0	5,2
36,23	0,01	5,5	6,0	5,2
36,26	0,03	5,5	6,0	5,2
36,28	0,03	5,5	6,0	5,2
36,31	0,03	5,5	6,0	5,2
36,33	0,03	5,5	6,0	5,2
36,36	0,05	5,5	6,0	5,2
36,38	0,05	5,5	6,0	5,2
36,41	0,05	5,5	6,0	5,2
36,43	0,06	5,5	6,0	5,2
36,45	0,08	5,5	6,0	5,2
36,48	0,08	5,5	6,0	5,2
36,50	0,10	5,5	6,0	5,2
36,53	0,12	5,5	6,0	5,2
36,55	0,14	5,5	6,0	5,2
36,58	0,15	5,5	6,0	5,2
36,60	0,17	5,5	6,0	5,2
36,62	0,20	5,5	6,0	5,2
36,65	0,22	5,5	6,0	5,2
36,67	0,24	5,5	6,0	5,2
36,70	0,28	5,5	6,0	5,2
36,72	0,30	5,5	6,0	5,2
36,75	0,32	5,5	6,0	5,2
36,77	0,35	5,5	6,0	5,2
36,80	0,39	5,5	6,0	5,2
36,82	0,42	5,5	6,0	5,2
36,84	0,44	5,5	6,0	5,2
36,87	0,48	5,5	6,0	5,2
36,89	0,51	5,5	6,0	5,2
36,92	0,54	5,5	6,0	5,2
36,94	0,59	5,5	6,0	5,2
36,97	0,63	5,5	6,0	5,2
36,99	0,66	5,5	6,0	5,2
37,02	0,69	5,5	6,0	5,2
37,04	0,74	5,5	6,0	5,2
37,06	0,77	5,5	6,0	5,2
37,09	0,82	5,5	6,0	5,2
37,11	0,85	5,5	6,0	5,2
37,14	0,90	5,5	6,0	5,2
37,16	0,93	5,5	6,0	5,2
37,19	0,97	5,5	6,0	5,2
37,21	1,02	5,5	6,0	5,2
37,24	1,05	5,5	6,0	5,2
37,26	1,08	5,5	6,0	5,2
37,28	1,12	5,5	6,0	5,2
37,31	1,16	5,5	6,0	5,2
37,33	1,21	5,5	6,0	5,2
37,36	1,26	5,5	6,0	5,2
37,38	1,31	5,5	6,0	5,2
37,41	1,34	5,5	6,0	5,2
37,43	1,39	5,5	6,0	5,2
37,46	1,45	5,5	6,0	5,2
37,48	1,49	5,5	6,0	5,2
37,50	1,54	5,5	6,0	5,2
37,53	1,59	5,5	6,0	5,2
37,55	1,64	5,5	6,0	5,2
37,58	1,68	5,5	6,0	5,2
37,60	1,73	5,5	6,0	5,2
37,63	1,78	5,5	6,0	5,2
37,65	1,84	5,5	6,0	5,2
37,68	1,88	5,5	6,0	5,2
37,70	1,93	5,5	6,0	5,2
37,72	1,98	5,5	6,0	5,2
37,75	2,03	5,5	6,0	5,2
37,77	2,08	5,5	6,0	5,2
37,80	2,14	5,5	6,0	5,2
37,82	2,20	5,5	6,0	5,2
37,85	2,25	5,5	6,0	5,2
37,87	2,30	5,5	6,0	5,2
37,89	2,36	5,5	6,0	5,2
37,92	2,42	5,5	6,0	5,2
37,94	2,47	5,5	6,0	5,2
37,97	2,52	5,5	6,0	5,2
37,99	2,57	5,5	6,0	5,2
38,02	2,62	5,5	6,0	5,2
38,04	2,67	5,5	6,0	5,2
38,07	2,73	5,5	6,0	5,2
38,09	2,79	5,5	6,0	5,2
38,11	2,84	5,5	6,0	5,2
38,14	2,89	5,5	6,0	5,2
38,16	2,94	5,5	6,0	5,2
38,19	3,01	5,5	6,0	5,2
38,21	3,06	5,5	6,0	5,2
38,24	3,13	5,5	6,0	5,2
38,26	3,18	5,5	6,0	5,2
38,29	3,23	5,5	6,0	5,2
38,31	3,28	5,5	6,0	5,2
38,33	3,35	5,5	6,0	5,2
38,36	3,41	5,5	6,0	5,2
38,38	3,46	5,5	6,0	5,2
38,41	3,51	5,5	6,0	5,2
38,43	3,56	5,5	6,0	5,2
38,46	3,61	5,5	6,0	5,2
38,48	3,66	5,5	6,0	5,2
38,51	3,73	5,5	6,0	5,2
38,53	3,78	5,5	6,0	5,2
38,55	3,83	5,5	6,0	5,2
38,58	3,88	5,5	6,0	5,2
38,60	3,94	5,5	6,0	5,2
38,63	4,00	5,5	6,0	5,2
38,65	4,06	5,5	6,0	5,2
38,68	4,12	5,5	6,0	5,2
38,70	4,17	5,5	6,0	5,2
38,73	4,22	5,5	6,0	5,2
38,75	4,27	5,5	6,0	5,2
38,77	4,34	5,5	6,0	5,2
38,80	4,38	5,5	6,0	5,2
38,82	4,44	5,5	6,0	5,2
38,85	4,48	5,5	6,0	5,2
38,87	4,54	5,5	6,0	5,2
38,90	4,59	5,5	6,0	5,2
38,92	4,65	5,5	6,0	5,2
38,94	4,70	5,5	6,0	5,2
38,97	4,75	5,5	6,0	5,2
38,99	4,80	5,5	6,0	5,2
39,02	4,86	5,5	6,0	5,2
39,04	4,91	5,5	6,0	5,2
39,07	4,98	5,5	6,0	5,2
39,09	5,03	5,5	6,0	5,2
39,12	5,09	5,5	6,0	5,2
39,14	5,14	5,5	6,0	5,2
39,16	5,19	5,5	6,0	5,2
39,19	5,26	5,5	6,0	5,2
39,21	5,31	5,5	6,0	5,2
39,24	5,36	5,5	6,0	5,2
39,26	5,41	5,5	6,0	5,2
39,29	5,46	5,5	6,0	5,2
39,31	5,51	5,5	6,0	5,2
39,34	5,56	5,5	6,0	5,2
39,36	5,63	5,5	6,0	5,2
39,38	5,68	5,5	6,0	5,2
39,41	5,73	5,5	6,0	5,2
39,43	5,78	5,5	6,0	5,2
39,46	5,84	5,5	6,0	5,2
39,48	5,90	5,5	6,0	5,2
39,51	5,96	5,5	6,0	5,2
39,53	6,02	5,5	6,0	5,2
39,56	6,07	5,5	6,0	5,2
39,58	6,12	5,5	6,0	5,2
39,60	6,17	5,5	6,0	5,2
39,63	6,23	5,5	6,0	5,2
39,65	6,30	5,5	6,0	5,2
39,68	6,33	5,5	6,0	5,2
39,70	6,39	5,5	6,0	5,2
39,73	6,43	5,5	6,0	5,2
39,75	6,49	5,5	6,0	5,2
39,78	6,54	5,5	6,0	5,2
39,80	6,60	5,5	6,0	5,2
39,82	6,66	5,5	6,0	5,2
39,85	6,70	5,5	6,0	5,2
39,87	6,76	5,5	6,0	5,2
39,90	6,82	5,5	6,0	5,2
39,92	6,88	5,5	6,0	5,2
39,95	6,93	5,5	6,0	5,2
39,97	6,99	5,5	6,0	5,2
39,99	7,04	5,5	6,0	5,2
40,02	7,08	5,5	6,0	5,2
40,04	7,14	5,5	6,0	5,2
40,07	7,20	5,5	6,0	5,2
40,09	7,25	5,5	6,0	5,2
40,12	7,29	5,5	6,0	5,2
40,14	7,34	5,5	6,0	5,2
40,17	7,40	5,5	6,0	5,2
40,19	7,45	5,5	6,0	5,2
40,21	7,51	5,5	6,0	5,2
40,24	7,57	5,5	6,0	5,2
40,26	7,61	5,5	6,0	5,2
40,29	7,67	5,5	6,0	5,2
40,31	7,72	5,5	6,0	5,2
40,34	7,78	5,5	6,0	5,2
40,36	7,83	5,5	6,0	5,2
40,39	7,88	5,5	6,0	5,2
40,41	7,94	5,5	6,0	5,2
40,43	7,98	5,5	6,0	5,2
40,46	8,03	5,5	6,0	5,2
40,48	8,09	5,5	6,0	5,2
40,51	8,14	5,5	6,0	5,2
40,53	8,19	5,5	6,0	5,2
40,56	8,24	5,5	6,0	5,2
40,58	8,29	5,5	6,0	5,2
40,61	8,34	5,5	6,0	5,2
40,63	8,39	5,5	6,0	5,2
40,65	8,45	5,5	6,0	5,2
40,68	8,50	5,5	6,0	5,2
40,70	8,54	5,5	6,0	5,2
40,73	8,59	5,5	6,0	5,2
40,75	8,65	5,5	6,0	5,2
40,78	8,69	5,5	6,0	5,2
40,80	8,74	5,5	6,0	5,2
40,83	8,78	5,5	6,0	5,2
40,85	8,84	5,5	6,0	5,2
40,87	8,88	5,5	6,0	5,2
40,90	8,93	5,5	6,0	5,2
40,92	8,99	5,5	6,0	5,2
40,95	9,04	5,5	6,0	5,2
40,97	9,08	5,5	6,0	5,2
41,00	9,13	5,5	6,0	5,2
41,02	9,17	5,5	6,0	5,2
41,05	9,23	5,5	6,0	5,2
41,07	9,27	5,5	6,0	5,2
41,09	9,33	5,5	6,0	5,2
41,12	9,38	5,5	6,0	5,2
41,14	9,41	5,5	6,0	5,2
41,17	9,46	5,5	6,0	5,2
41,19	9,52	5,5	6,0	5,2
41,22	9,57	5,5	6,0	5,2
41,24	9,62	5,5	6,0	5,2
41,26	9,66	5,5	6,0	5,2
41,29	9,70	5,5	6,0	5,2
41,31	9,74	5,5	6,0	5,2
41,34	9,79	5,5	6,0	5,2
41,36	9,85	5,5	6,0	5,2
41,39	9,90	5,5	6,0	5,2
41,41	9,93	5,5	6,0	5,2
41,44	9,98	5,5	6,0	5,2
41,46	10,02	5,5	6,0	5,2
41,48	10,07	5,5	6,0	5,2
41,51	10,12	5,5	6,0	5,2
41,53	10,18	5,5	6,0	5,2
41,56	10,22	5,5	6,0	5,2
41,58	10,25	5,5	6,0	5,2
41,61	10,31	5,5	6,0	5,2
41,63	10,36	5,5	6,0	5,2
41,66	10,40	5,5	6,0	5,2
41,68	10,44	5,5	6,0	5,2
41,70	10,48	5,5	6,0	5,2
41,73	10,52	5,5	6,0	5,2
41,75	10,57	5,5	6,0	5,2
41,78	10,62	5,5	6,0	5,2
41,80	10,67	5,5	6,0	5,2
41,83	10,70	5,5	6,0	5,2
41,85	10,75	5,5	6,0	5,2
41,88	10,79	5,5	6,0	5,2
41,90	10,84	5,5	6,0	5,2
41,92	10,89	5,5	6,0	5,2
41,95	10,94	5,5	6,0	5,2
41,97	10,99	5,5	6,0	5,2
42,00	11,02	5,5	6,0	5,2
42,02	11,06	5,5	6,0	5,2
42,05	11,11	5,5	6,0	5,2
42,07	11,16	5,5	6,0	5,2
42,10	11,19	5,5	6,0	5,2
42,12	11,23	5,5	6,0	5,2
42,14	11,26	5,5	6,0	5,2
42,17	11,30	5,5	6,0	5,2
42,19	11,35	5,5	6,0	5,2
42,22	11,39	5,5	6,0	5,2
42,24	11,43	5,5	6,0	5,2
42,27	11,46	5,5	6,0	5,2
42,29	11,50	5,5	6,0	5,2
42,31	11,54	5,5	6,0	5,2
42,34	11,58	5,5	6,0	5,2
42,36	11,63	5,5	6,0	5,2
42,39	11,67	5,5	6,0	5,2
42,41	11,71	5,5	6,0	5,2
42,44	11,73	5,5	6,0	5,2
42,46	11,77	5,5	6,0	5,2
42,49	11,82	5,5	6,0	5,2
42,51	11,85	5,5	6,0	5,2
42,53	11,88	5,5	6,0	5,2
42,56	11,92	5,5	6,0	5,2
42,58	11,95	5,5	6,0	5,2
42,61	11,99	5,5	6,0	5,2
42,63	12,02	5,5	6,0	5,2
42,66	12,07	5,5	6,0	5,2
42,68	12,10	5,5	6,0	5,2
42,71	12,13	5,5	6,0	5,2
42,73	12,17	5,5	6,0	5,2
42,75	12,21	5,5	6,0	5,2
42,78	12,24	5,5	6,0	5,2
42,80	12,28	5,5	6,0	5,2
42,83	12,32	5,5	6,0	5,2
42,85	12,35	5,5	6,0	5,2
42,88	12,38	5,5	6,0	5,2
42,90	12,42	5,5	6,0	5,2
42,93	12,46	5,5	6,0	5,2
42,95	12,50	5,5	6,0	5,2
42,97	12,51	5,5	6,0	5,2
43,00	12,54	5,5	6,0	5,2
43,02	12,57	5,5	6,0	5,2
43,05	12,62	5,5	6,0	5,2
43,07	12,65	5,5	6,0	5,2
43,10	12,69	5,5	6,0	5,2
43,12	12,72	5,5	6,0	5,2
43,15	12,74	5,5	6,0	5,2
43,17	12,78	5,5	6,0	5,2
43,19	12,82	5,5	6,0	5,2
43,22	12,85	5,5	6,0	5,2
43,24	12,89	5,5	6,0	5,2
43,27	12,92	5,5	6,0	5,2
43,29	12,94	5,5	6,0	5,2
43,32	12,97	5,5	6,0	5,2
43,34	13,00	5,5	6,0	5,2
43,36	13,04	5,5	6,0	5,2
43,39	13,06	5,5	6,0	5,2
43,41	13,09	5,5	6,0	5,2
43,44	13,12	5,5	6,0	5,2
43,46	13,16	5,5	6,0	5,2
43,49	13,19	5,5	6,0	5,2
43,51	13,22	5,5	6,0	5,2
43,54	13,26	5,5	6,0	5,2
43,56	13,28	5,5	6,0	5,2
43,58	13,31	5,5	6,0	5,2
43,61	13,34	5,5	6,0	5,2
43,63	13,37	5,5	6,0	5,2
43,66	13,40	5,5	6,0	5,2
43,68	13,42	5,5	6,0	5,2
43,71	13,45	5,5	6,0	5,2
43,73	13,47	5,5	6,0	5,2
43,76	13,50	5,5	6,0	5,2
43,78	13,53	5,5	6,0	5,2
43,80	13,56	5,5	6,0	5,2
43,83	13,58	5,5	6,0	5,2
43,85	13,60	5,5	6,0	5,2
43,88	13,63	5,5	6,0	5,2
43,90	13,67	5,5	6,0	5,2
43,93	13,69	5,5	6,0	5,2
43,95	13,73	5,5	6,0	5,2
43,98	13,76	5,5	6,0	5,2
44,00	13,77	5,5	6,0	5,2
44,02	13,79	5,5	6,0	5,2
44,05	13,83	5,5	6,0	5,2
44,07	13,84	5,5	6,0	5,2
44,10	13,87	5,5	6,0	5,2
44,12	13,88	5,5	6,0	5,2
44,15	13,91	5,5	6,0	5,2
44,17	13,93	5,5	6,0	5,2
44,20	13,95	5,5	6,0	5,2
44,22	13,99	5,5	6,0	5,2
44,24	14,00	5,5	6,0	5,2
44,27	14,02	5,5	6,0	5,2
44,29	14,04	5,5	6,0	5,2
44,32	14,06	5,5	6,0	5,2
44,34	14,10	5,5	6,0	5,2
44,37	14,12	5,5	6,0	5,2
44,39	14,15	5,5	6,0	5,2
44,41	14,16	5,5	6,0	5,2
44,44	14,17	5,5	6,0	5,2
44,46	14,20	5,5	6,0	5,2
44,49	14,23	5,5	6,0	5,2
44,51	14,24	5,5	6,0	5,2
44,54	14,26	5,5	6,0	5,2
44,56	14,27	5,5	6,0	5,2
44,59	14,29	5,5	6,0	5,2
44,61	14,31	5,5	6,0	5,2
44,63	14,34	5,5	6,0	5,2
44,66	14,36	5,5	6,0	5,2
44,68	14,38	5,5	6,0	5,2
44,71	14,39	5,5	6,0	5,2
44,73	14,41	5,5	6,0	5,2
44,76	14,43	5,5	6,0	5,2
44,78	14,45	5,5	6,0	5,2
44,81	14,47	5,5	6,0	5,2
44,83	14,49	5,5	6,0	5,2
44,85	14,50	5,5	6,0	5,2
44,88	14,52	5,5	6,0	5,2
44,90	14,54	5,5	6,0	5,2
44,93	14,56	5,5	6,0	5,2
44,95	14,57	5,5	6,0	5,2
44,98	14,59	5,5	6,0	5,2
45,00	14,60	5,5	6,0	5,2
45,03	14,62	5,5	6,0	5,2
45,05	14,63	5,5	6,0	5,2
45,07	14,65	5,5	6,0	5,2
45,10	14,67	5,5	6,0	5,2
45,12	14,68	5,5	6,0	5,2
45,15	14,70	5,5	6,0	5,2
45,17	14,71	5,5	6,0	5,2
45,20	14,73	5,5	6,0	5,2
45,22	14,75	5,5	6,0	5,2
45,25	14,77	5,5	6,0	5,2
45,27	14,79	5,5	6,0	5,2
45,29	14,80	5,5	6,0	5,2
45,32	14,81	5,5	6,0	5,2
45,34	14,83	5,5	6,0	5,2
45,37	14,84	5,5	6,0	5,2
45,39	14,85	5,5	6,0	5,2
45,42	14,86	5,5	6,0	5,2
45,44	14,87	5,5	6,0	5,2
45,47	14,88	5,5	6,0	5,2
45,49	14,89	5,5	6,0	5,2
45,51	14,91	5,5	6,0	5,2
45,54	14,93	5,5	6,0	5,2
45,56	14,93	5,5	6,0	5,2
45,59	14,94	5,5	6,0	5,2
45,61	14,96	5,5	6,0	5,2
45,64	14,98	5,5	6,0	5,2
45,66	15,00	5,5	6,0	5,2
45,68	15,01	5,5	6,0	5,2
45,71	15,02	5,5	6,0	5,2
45,73	15,02	5,5	6,0	5,2
45,76	15,03	5,5	6,0	5,2
45,78	15,05	5,5	6,0	5,2
45,81	15,05	5,5	6,0	5,2
45,83	15,05	5,5	6,0	5,2
45,86	15,05	5,5	6,0	5,2
45,88	15,06	5,5	6,0	5,2
45,90	15,07	5,5	6,0	5,2
45,93	15,08	5,5	6,0	5,2
45,95	15,10	5,5	6,0	5,2
45,98	15,10	5,5	6,0	5,2
46,00	15,10	5,5	6,0	5,2
46,03	15,12	5,5	6,0	5,2
46,05	15,13	5,5	6,0	5,2
46,08	15,14	5,5	6,0	5,2
46,10	15,15	5,5	6,0	5,2
46,12	15,16	5,5	6,0	5,2
46,15	15,16	5,5	6,0	5,2
46,17	15,16	5,5	6,0	5,2
46,20	15,18	5,5	6,0	5,2
46,22	15,18	5,5	6,0	5,2
46,25	15,18	5,5	6,0	5,2
46,27	15,18	5,5	6,0	5,2
46,30	15,19	5,5	6,0	5,2
46,32	15,19	5,5	6,0	5,2
46,34	15,20	5,5	6,0	5,2
46,37	15,21	5,5	6,0	5,2
46,39	15,22	5,5	6,0	5,2
46,42	15,22	5,5	6,0	5,2
46,44	15,22	5,5	6,0	5,2
46,47	15,23	5,5	6,0	5,2
46,49	15,24	5,5	6,0	5,2
46,52	15,24	5,5	6,0	5,2
46,54	15,24	5,5	6,0	5,2
46,56	15,24	5,5	6,0	5,2
46,59	15,24	5,5	6,0	5,2
46,61	15,24	5,5	6,0	5,2
46,64	15,25	5,5	6,0	5,2
46,66	15,25	5,5	6,0	5,2
46,69	15,24	5,5	6,0	5,2
46,71	15,23	5,5	6,0	5,2
46,73	15,23	5,5	6,0	5,2
46,76	15,24	5,5	6,0	5,2
46,78	15,24	5,5	6,0	5,2
46,81	15,24	5,5	6,0	5,2
46,83	15,24	5,5	6,0	5,2
46,86	15,23	5,5	6,0	5,2
46,88	15,22	5,5	6,0	5,2
46,91	15,21	5,5	6,0	5,2
46,93	15,21	5,5	6,0	5,2
46,95	15,20	5,5	6,0	5,2
46,98	15,19	5,5	6,0	5,2
47,00	15,18	5,5	6,0	5,2
47,03	15,17	5,5	6,0	5,2
47,05	15,16	5,5	6,0	5,2
47,08	15,15	5,5	6,0	5,2
47,10	15,14	5,5	6,0	5,2
47,13	15,12	5,5	6,0	5,2
47,15	15,11	5,5	6,0	5,2
47,17	15,09	5,5	6,0	5,2
47,20	15,08	5,5	6,0	5,2
47,22	15,07	5,5	6,0	5,2
47,25	15,06	5,5	6,0	5,2
47,27	15,04	5,5	6,0	5,2
47,30	15,01	5,5	6,0	5,2
47,32	15,00	5,5	6,0	5,2
47,35	14,99	5,5	6,0	5,2
47,37	14,95	5,5	6,0	5,2
47,39	14,93	5,5	6,0	5,2
47,42	14,89	5,5	6,0	5,2
47,44	14,86	5,5	6,0	5,2
47,47	14,83	5,5	6,0	5,2
47,49	14,81	5,5	6,0	5,2
47,52	14,79	5,5	6,0	5,2
47,54	14,74	5,5	6,0	5,2
47,57	14,71	5,5	6,0	5,2
47,59	14,68	5,5	6,0	5,2
47,61	14,64	5,5	6,0	5,2
47,64	14,62	5,5	6,0	5,2
47,66	14,58	5,5	6,0	5,2
47,69	14,55	5,5	6,0	5,2
47,71	14,50	5,5	6,0	5,2
47,74	14,46	5,5	6,0	5,2
47,76	14,42	5,5	6,0	5,2
47,78	14,38	5,5	6,0	5,2
47,81	14,34	5,5	6,0	5,2
47,83	14,29	5,5	6,0	5,2
47,86	14,24	5,5	6,0	5,2
47,88	14,20	5,5	6,0	5,2
47,91	14,15	5,5	6,0	5,2
47,93	14,12	5,5	6,0	5,2
47,96	14,07	5,5	6,0	5,2
47,98	14,02	5,5	6,0	5,2
48,00	13,96	5,5	6,0	5,2
48,03	13,93	5,5	6,0	5,2
48,05	13,88	5,5	6,0	5,2
48,08	13,85	5,5	6,0	5,2
48,10	13,80	5,5	6,0	5,2
48,13	13,74	5,5	6,0	5,2
48,15	13,69	5,5	6,0	5,2
48,18	13,64	5,5	6,0	5,2
48,20	13,60	5,5	6,0	5,2
48,22	13,55	5,5	6,0	5,2
48,25	13,50	5,5	6,0	5,2
48,27	13,45	5,5	6,0	5,2
48,30	13,39	5,5	6,0	5,2
48,32	13,35	5,5	6,0	5,2
48,35	13,30	5,5	6,0	5,2
48,37	13,26	5,5	6,0	5,2
48,40	13,20	5,5	6,0	5,2
48,42	13,14	5,5	6,0	5,2
48,44	13,09	5,5	6,0	5,2
48,47	13,04	5,5	6,0	5,2
48,49	12,99	5,5	6,0	5,2
48,52	12,94	5,5	6,0	5,2
48,54	12,88	5,5	6,0	5,2
48,57	12,82	5,5	6,0	5,2
48,59	12,76	5,5	6,0	5,2
48,62	12,71	5,5	6,0	5,2
48,64	12,66	5,5	6,0	5,2
48,66	12,61	5,5	6,0	5,2
48,69	12,55	5,5	6,0	5,2
48,71	12,49	5,5	6,0	5,2
48,74	12,43	5,5	6,0	5,2
48,76	12,39	5,5	6,0	5,2
48,79	12,33	5,5	6,0	5,2
48,81	12,28	5,5	6,0	5,2
48,84	12,22	5,5	6,0	5,2
48,86	12,15	5,5	6,0	5,2
48,88	12,09	5,5	6,0	5,2
48,91	12,04	5,5	6,0	5,2
48,93	11,98	5,5	6,0	5,2
48,96	11,93	5,5	6,0	5,2
48,98	11,86	5,5	6,0	5,2
49,01	11,80	5,5	6,0	5,2
49,03	11,74	5,5	6,0	5,2
49,05	11,69	5,5	6,0	5,2
49,08	11,63	5,5	6,0	5,2
49,10	11,56	5,5	6,0	5,2
49,13	11,50	5,5	6,0	5,2
49,15	11,44	5,5	6,0	5,2
49,18	11,38	5,5	6,0	5,2
49,20	11,32	5,5	6,0	5,2
49,23	11,25	5,5	6,0	5,2
49,25	11,20	5,5	6,0	5,2
49,27	11,12	5,5	6,0	5,2
49,30	11,06	5,5	6,0	5,2
49,32	11,00	5,5	6,0	5,2
49,35	10,94	5,5	6,0	5,2
49,37	10,86	5,5	6,0	5,2
49,40	10,80	5,5	6,0	5,2
49,42	10,73	5,5	6,0	5,2
49,45	10,66	5,5	6,0	5,2
49,47	10,59	5,5	6,0	5,2
49,49	10,53	5,5	6,0	5,2
49,52	10,47	5,5	6,0	5,2
49,54	10,39	5,5	6,0	5,2
49,57	10,32	5,5	6,0	5,2
49,59	10,26	5,5	6,0	5,2
49,62	10,19	5,5	6,0	5,2
49,64	10,13	5,5	6,0	5,2
49,67	10,06	5,5	6,0	5,2
49,69	9,99	5,5	6,0	5,2
49,71	9,92	5,5	6,0	5,2
49,74	9,83	5,5	6,0	5,2
49,76	9,78	5,5	6,0	5,2
49,79	9,71	5,5	6,0	5,2
49,81	9,64	5,5	6,0	5,2
49,84	9,57	5,5	6,0	5,2
49,86	9,49	5,5	6,0	5,2
49,89	9,42	5,5	6,0	5,2
49,91	9,35	5,5	6,0	5,2
49,93	9,29	5,5	6,0	5,2
49,96	9,22	5,5	6,0	5,2
49,98	9,14	5,5	6,0	5,2
50,01	9,07	5,5	6,0	5,2
50,03	9,01	5,5	6,0	5,2
50,06	8,95	5,5	6,0	5,2
50,08	8,88	5,5	6,0	5,2
50,10	8,81	5,5	6,0	5,2
50,13	8,74	5,5	6,0	5,2
50,15	8,66	5,5	6,0	5,2
50,18	8,59	5,5	6,0	5,2
50,20	8,53	5,5	6,0	5,2
50,23	8,46	5,5	6,0	5,2
50,25	8,39	5,5	6,0	5,2
50,28	8,32	5,5	6,0	5,2
50,30	8,25	5,5	6,0	5,2
50,32	8,18	5,5	6,0	5,2
50,35	8,13	5,5	6,0	5,2
50,37	8,06	5,5	6,0	5,2
50,40	7,99	5,5	6,0	5,2
50,42	7,92	5,5	6,0	5,2
50,45	7,85	5,5	6,0	5,2
50,47	7,79	5,5	6,0	5,2
50,50	7,72	5,5	6,0	5,2
50,52	7,66	5,5	6,0	5,2
50,54	7,59	5,5	6,0	5,2
50,57	7,52	5,5	6,0	5,2
50,59	7,45	5,5	6,0	5,2
50,62	7,38	5,5	6,0	5,2
50,64	7,32	5,5	6,0	5,2
50,67	7,25	5,5	6,0	5,2
50,69	7,19	5,5	6,0	5,2
50,72	7,12	5,5	6,0	5,2
50,74	7,06	5,5	6,0	5,2
50,76	6,99	5,5	6,0	5,2
50,79	6,94	5,5	6,0	5,2
50,81	6,87	5,5	6,0	5,2
50,84	6,79	5,5	6,0	5,2
50,86	6,73	5,5	6,0	5,2
50,89	6,66	5,5	6,0	5,2
50,91	6,59	5,5	6,0	5,2
50,94	6,53	5,5	6,0	5,2
50,96	6,46	5,5	6,0	5,2
50,98	6,40	5,5	6,0	5,2
51,01	6,32	5,5	6,0	5,2
51,03	6,26	5,5	6,0	5,2
51,06	6,20	5,5	6,0	5,2
51,08	6,13	5,5	6,0	5,2
51,11	6,07	5,5	6,0	5,2
51,13	6,00	5,5	6,0	5,2
51,15	5,93	5,5	6,0	5,2
51,18	5,88	5,5	6,0	5,2
51,20	5,81	5,5	6,0	5,2
51,23	5,75	5,5	6,0	5,2
51,25	5,69	5,5	6,0	5,2
51,28	5,62	5,5	6,0	5,2
51,30	5,55	5,5	6,0	5,2
51,33	5,50	5,5	6,0	5,2
51,35	5,44	5,5	6,0	5,2
51,37	5,38	5,5	6,0	5,2
51,40	5,30	5,5	6,0	5,2
51,42	5,24	5,5	6,0	5,2
51,45	5,17	5,5	6,0	5,2
51,47	5,10	5,5	6,0	5,2
51,50	5,06	5,5	6,0	5,2
51,52	5,00	5,5	6,0	5,2
51,55	4,93	5,5	6,0	5,2
51,57	4,87	5,5	6,0	5,2
51,59	4,81	5,5	6,0	5,2
51,62	4,76	5,5	6,0	5,2
51,64	4,70	5,5	6,0	5,2
51,67	4,66	5,5	6,0	5,2
51,69	4,60	5,5	6,0	5,2
51,72	4,54	5,5	6,0	5,2
51,74	4,48	5,5	6,0	5,2
51,77	4,44	5,5	6,0	5,2
51,79	4,38	5,5	6,0	5,2
51,81	4,33	5,5	6,0	5,2
51,84	4,26	5,5	6,0	5,2
51,86	4,21	5,5	6,0	5,2
51,89	4,15	5,5	6,0	5,2
51,91	4,10	5,5	6,0	5,2
51,94	4,05	5,5	6,0	5,2
51,96	4,00	5,5	6,0	5,2
51,99	3,95	5,5	6,0	5,2
52,01	3,91	5,5	6,0	5,2
52,03	3,86	5,5	6,0	5,2
52,06	3,83	5,5	6,0	5,2
52,08	3,79	5,5	6,0	5,2
52,11	3,74	5,5	6,0	5,2
52,13	3,69	5,5	6,0	5,2
52,16	3,64	5,5	6,0	5,2
52,18	3,61	5,5	6,0	5,2
52,20	3,57	5,5	6,0	5,2
52,23	3,52	5,5	6,0	5,2
52,25	3,48	5,5	6,0	5,2
52,28	3,42	5,5	6,0	5,2
52,30	3,39	5,5	6,0	5,2
52,33	3,35	5,5	6,0	5,2
52,35	3,32	5,5	6,0	5,2
52,38	3,28	5,5	6,0	5,2
52,40	3,24	5,5	6,0	5,2
52,42	3,22	5,5	6,0	5,2
52,45	3,20	5,5	6,0	5,2
52,47	3,17	5,5	6,0	5,2
52,50	3,15	5,5	6,0	5,2
52,52	3,12	5,5	6,0	5,2
52,55	3,09	5,5	6,0	5,2
52,57	3,05	5,5	6,0	5,2
52,60	3,02	5,5	6,0	5,2
52,62	3,00	5,5	6,0	5,2
52,64	2,98	5,5	6,0	5,2
52,67	2,95	5,5	6,0	5,2
52,69	2,92	5,5	6,0	5,2
52,72	2,90	5,5	6,0	5,2
52,74	2,88	5,5	6,0	5,2
52,77	2,85	5,5	6,0	5,2
52,79	2,85	5,5	6,0	5,2
52,82	2,83	5,5	6,0	5,2
52,84	2,80	5,5	6,0	5,2
52,86	2,78	5,5	6,0	5,2
52,89	2,77	5,5	6,0	5,2
52,91	2,75	5,5	6,0	5,2
52,94	2,74	5,5	6,0	5,2
52,96	2,72	5,5	6,0	5,2
52,99	2,70	5,5	6,0	5,2
53,01	2,67	5,5	6,0	5,2
53,04	2,65	5,5	6,0	5,2
53,06	2,64	5,5	6,0	5,2
53,08	2,63	5,5	6,0	5,2
53,11	2,60	5,5	6,0	5,2
53,13	2,58	5,5	6,0	5,2
53,16	2,57	5,5	6,0	5,2
53,18	2,56	5,5	6,0	5,2
53,21	2,54	5,5	6,0	5,2
53,23	2,53	5,5	6,0	5,2
53,26	2,51	5,5	6,0	5,2
53,28	2,49	5,5	6,0	5,2
53,30	2,48	5,5	6,0	5,2
53,33	2,47	5,5	6,0	5,2
53,35	2,46	5,5	6,0	5,2
53,38	2,44	5,5	6,0	5,2
53,40	2,43	5,5	6,0	5,2
53,43	2,41	5,5	6,0	5,2
53,45	2,40	5,5	6,0	5,2
53,47	2,39	5,5	6,0	5,2
53,50	2,38	5,5	6,0	5,2
53,52	2,37	5,5	6,0	5,2
53,55	2,35	5,5	6,0	5,2
53,57	2,34	5,5	6,0	5,2
53,60	2,33	5,5	6,0	5,2
53,62	2,32	5,5	6,0	5,2
53,65	2,32	5,5	6,0	5,2
53,67	2,30	5,5	6,0	5,2
53,69	2,29	5,5	6,0	5,2
53,72	2,28	5,5	6,0	5,2
53,74	2,28	5,5	6,0	5,2
53,77	2,27	5,5	6,0	5,2
53,79	2,27	5,5	6,0	5,2
53,82	2,26	5,5	6,0	5,2
53,84	2,26	5,5	6,0	5,2
53,87	2,25	5,5	6,0	5,2
53,89	2,25	5,5	6,0	5,2
53,91	2,25	5,5	6,0	5,2
53,94	2,25	5,5	6,0	5,2
53,96	2,24	5,5	6,0	5,2
53,99	2,24	5,5	6,0	5,2
54,01	2,23	5,5	6,0	5,2
54,04	2,24	5,5	6,0	5,2
54,06	2,24	5,5	6,0	5,2
54,09	2,25	5,5	6,0	5,2
54,11	2,26	5,5	6,0	5,2
54,13	2,25	5,5	6,0	5,2
54,16	2,26	5,5	6,0	5,2
54,18	2,28	5,5	6,0	5,2
54,21	2,28	5,5	6,0	5,2
54,23	2,30	5,5	6,0	5,2
54,26	2,30	5,5	6,0	5,2
54,28	2,31	5,5	6,0	5,2
54,31	2,30	5,5	6,0	5,2
54,33	2,32	5,5	6,0	5,2
54,35	2,34	5,5	6,0	5,2
54,38	2,35	5,5	6,0	5,2
54,40	2,35	5,5	6,0	5,2
54,43	2,37	5,5	6,0	5,2
54,45	2,38	5,5	6,0	5,2
54,48	2,41	5,5	6,0	5,2
54,50	2,42	5,5	6,0	5,2
54,52	2,45	5,5	6,0	5,2
54,55	2,47	5,5	6,0	5,2
54,57	2,49	5,5	6,0	5,2
54,60	2,51	5,5	6,0	5,2
54,62	2,55	5,5	6,0	5,2
54,65	2,57	5,5	6,0	5,2
54,67	2,59	5,5	6,0	5,2
54,70	2,60	5,5	6,0	5,2
54,72	2,62	5,5	6,0	5,2
54,74	2,64	5,5	6,0	5,2
54,77	2,66	5,5	6,0	5,2
54,79	2,69	5,5	6,0	5,2
54,82	2,71	5,5	6,0	5,2
54,84	2,74	5,5	6,0	5,2
54,87	2,77	5,5	6,0	5,2
54,89	2,80	5,5	6,0	5,2
54,92	2,84	5,5	6,0	5,2
54,94	2,87	5,5	6,0	5,2
54,96	2,90	5,5	6,0	5,2
54,99	2,93	5,5	6,0	5,2
55,01	2,96	5,5	6,0	5,2
55,04	2,99	5,5	6,0	5,2
55,06	3,03	5,5	6,0	5,2
55,09	3,05	5,5	6,0	5,2
55,11	3,08	5,5	6,0	5,2
55,14	3,10	5,5	6,0	5,2
55,16	3,13	5,5	6,0	5,2
55,18	3,16	5,5	6,0	5,2
55,21	3,20	5,5	6,0	5,2
55,23	3,23	5,5	6,0	5,2
55,26	3,27	5,5	6,0	5,2
55,28	3,30	5,5	6,0	5,2
55,31	3,34	5,5	6,0	5,2
55,33	3,37	5,5	6,0	5,2
55,36	3,42	5,5	6,0	5,2
55,38	3,45	5,5	6,0	5,2
55,40	3,48	5,5	6,0	5,2
55,43	3,51	5,5	6,0	5,2
55,45	3,55	5,5	6,0	5,2
55,48	3,59	5,5	6,0	5,2
55,50	3,63	5,5	6,0	5,2
55,53	3,66	5,5	6,0	5,2
55,55	3,69	5,5	6,0	5,2
55,57	3,72	5,5	6,0	5,2
55,60	3,76	5,5	6,0	5,2
55,62	3,79	5,5	6,0	5,2
55,65	3,84	5,5	6,0	5,2
55,67	3,88	5,5	6,0	5,2
55,70	3,91	5,5	6,0	5,2
55,72	3,95	5,5	6,0	5,2
55,75	4,00	5,5	6,0	5,2
55,77	4,04	5,5	6,0	5,2
55,79	4,08	5,5	6,0	5,2
55,82	4,12	5,5	6,0	5,2
55,84	4,16	5,5	6,0	5,2
55,87	4,19	5,5	6,0	5,2
55,89	4,23	5,5	6,0	5,2
55,92	4,29	5,5	6,0	5,2
55,94	4,33	5,5	6,0	5,2
55,97	4,36	5,5	6,0	5,2
55,99	4,40	5,5	6,0	5,2
56,01	4,45	5,5	6,0	5,2
56,04	4,49	5,5	6,0	5,2
56,06	4,54	5,5	6,0	5,2
56,09	4,60	5,5	6,0	5,2
56,11	4,64	5,5	6,0	5,2
56,14	4,68	5,5	6,0	5,2
56,16	4,73	5,5	6,0	5,2
56,19	4,79	5,5	6,0	5,2
56,21	4,84	5,5	6,0	5,2
56,23	4,89	5,5	6,0	5,2
56,26	4,94	5,5	6,0	5,2
56,28	4,99	5,5	6,0	5,2
56,31	5,04	5,5	6,0	5,2
56,33	5,09	5,5	6,0	5,2
56,36	5,15	5,5	6,0	5,2
56,38	5,20	5,5	6,0	5,2
56,41	5,25	5,5	6,0	5,2
56,43	5,30	5,5	6,0	5,2
56,45	5,36	5,5	6,0	5,2
56,48	5,41	5,5	6,0	5,2
56,50	5,47	5,5	6,0	5,2
56,53	5,53	5,5	6,0	5,2
56,55	5,58	5,5	6,0	5,2
56,58	5,63	5,5	6,0	5,2
56,60	5,70	5,5	6,0	5,2
56,62	5,77	5,5	6,0	5,2
56,65	5,82	5,5	6,0	5,2
56,67	5,87	5,5	6,0	5,2
56,70	5,93	5,5	6,0	5,2
56,72	5,98	5,5	6,0	5,2
56,75	6,04	5,5	6,0	5,2
56,77	6,11	5,5	6,0	5,2
56,80	6,17	5,5	6,0	5,2
56,82	6,22	5,5	6,0	5,2
56,84	6,28	5,5	6,0	5,2
56,87	6,34	5,5	6,0	5,2
56,89	6,41	5,5	6,0	5,2
56,92	6,46	5,5	6,0	5,2
56,94	6,53	5,5	6,0	5,2
56,97	6,59	5,5	6,0	5,2
56,99	6,65	5,5	6,0	5,2
57,02	6,71	5,5	6,0	5,2
57,04	6,77	5,5	6,0	5,2
57,06	6,84	5,5	6,0	5,2
57,09	6,90	5,5	6,0	5,2
57,11	6,96	5,5	6,0	5,2
57,14	7,02	5,5	6,0	5,2
57,16	7,07	5,5	6,0	5,2
57,19	7,14	5,5	6,0	5,2
57,21	7,21	5,5	6,0	5,2
57,24	7,27	5,5	6,0	5,2
57,26	7,33	5,5	6,0	5,2
57,28	7,39	5,5	6,0	5,2
57,31	7,45	5,5	6,0	5,2
57,33	7,52	5,5	6,0	5,2
57,36	7,58	5,5	6,0	5,2
57,38	7,66	5,5	6,0	5,2
57,41	7,72	5,5	6,0	5,2
57,43	7,77	5,5	6,0	5,2
57,46	7,84	5,5	6,0	5,2
57,48	7,92	5,5	6,0	5,2
57,50	7,98	5,5	6,0	5,2
57,53	8,05	5,5	6,0	5,2
57,55	8,11	5,5	6,0	5,2
57,58	8,18	5,5	6,0	5,2
57,60	8,23	5,5	6,0	5,2
57,63	8,30	5,5	6,0	5,2
57,65	8,37	5,5	6,0	5,2
57,68	8,43	5,5	6,0	5,2
57,70	8,49	5,5	6,0	5,2
57,72	8,57	5,5	6,0	5,2
57,75	8,63	5,5	6,0	5,2
57,77	8,71	5,5	6,0	5,2
57,80	8,77	5,5	6,0	5,2
57,82	8,85	5,5	6,0	5,2
57,85	8,91	5,5	6,0	5,2
57,87	8,97	5,5	6,0	5,2
57,89	9,06	5,5	6,0	5,2
57,92	9,13	5,5	6,0	5,2
57,94	9,20	5,5	6,0	5,2
57,97	9,27	5,5	6,0	5,2
57,99	9,33	5,5	6,0	5,2
58,02	9,40	5,5	6,0	5,2
58,04	9,47	5,5	6,0	5,2
58,07	9,54	5,5	6,0	5,2
58,09	9,63	5,5	6,0	5,2
58,11	9,69	5,5	6,0	5,2
58,14	9,76	5,5	6,0	5,2
58,16	9,83	5,5	6,0	5,2
58,19	9,90	5,5	6,0	5,2
58,21	9,99	5,5	6,0	5,2
58,24	10,06	5,5	6,0	5,2
58,26	10,14	5,5	6,0	5,2
58,29	10,21	5,5	6,0	5,2
58,31	10,28	5,5	6,0	5,2
58,33	10,36	5,5	6,0	5,2
58,36	10,43	5,5	6,0	5,2
58,38	10,50	5,5	6,0	5,2
58,41	10,57	5,5	6,0	5,2
58,43	10,63	5,5	6,0	5,2
58,46	10,71	5,5	6,0	5,2
58,48	10,78	5,5	6,0	5,2
58,51	10,86	5,5	6,0	5,2
58,53	10,93	5,5	6,0	5,2
58,55	11,00	5,5	6,0	5,2
58,58	11,08	5,5	6,0	5,2
58,60	11,16	5,5	6,0	5,2
58,63	11,24	5,5	6,0	5,2
58,65	11,32	5,5	6,0	5,2
58,68	11,39	5,5	6,0	5,2
58,70	11,46	5,5	6,0	5,2
58,73	11,53	5,5	6,0	5,2
58,75	11,60	5,5	6,0	5,2
58,77	11,69	5,5	6,0	5,2
58,80	11,76	5,5	6,0	5,2
58,82	11,82	5,5	6,0	5,2
58,85	11,89	5,5	6,0	5,2
58,87	11,96	5,5	6,0	5,2
58,90	12,04	5,5	6,0	5,2
58,92	12,12	5,5	6,0	5,2
58,94	12,21	5,5	6,0	5,2
58,97	12,28	5,5	6,0	5,2
58,99	12,34	5,5	6,0	5,2
59,02	12,42	5,5	6,0	5,2
59,04	12,51	5,5	6,0	5,2
59,07	12,58	5,5	6,0	5,2
59,09	12,66	5,5	6,0	5,2
59,12	12,72	5,5	6,0	5,2
59,14	12,79	5,5	6,0	5,2
59,16	12,86	5,5	6,0	5,2
59,19	12,94	5,5	6,0	5,2
59,21	13,01	5,5	6,0	5,2
59,24	13,08	5,5	6,0	5,2
59,26	13,15	5,5	6,0	5,2
59,29	13,22	5,5	6,0	5,2
59,31	13,30	5,5	6,0	5,2
59,34	13,37	5,5	6,0	5,2
59,36	13,46	5,5	6,0	5,2
59,38	13,53	5,5	6,0	5,2
59,41	13,60	5,5	6,0	5,2
59,43	13,67	5,5	6,0	5,2
59,46	13,75	5,5	6,0	5,2
59,48	13,83	5,5	6,0	5,2
59,51	13,90	5,5	6,0	5,2
59,53	13,98	5,5	6,0	5,2
59,56	14,05	5,5	6,0	5,2
59,58	14,12	5,5	6,0	5,2
59,60	14,19	5,5	6,0	5,2
59,63	14,27	5,5	6,0	5,2
59,65	14,35	5,5	6,0	5,2
59,68	14,43	5,5	6,0	5,2
59,70	14,49	5,5	6,0	5,2
59,73	14,57	5,5	6,0	5,2
59,75	14,65	5,5	6,0	5,2
59,78	14,72	5,5	6,0	5,2
59,80	14,80	5,5	6,0	5,2
59,82	14,89	5,5	6,0	5,2
59,85	14,96	5,5	6,0	5,2
59,87	15,03	5,5	6,0	5,2
59,90	15,12	5,5	6,0	5,2
59,92	15,20	5,5	6,0	5,2
59,95	15,28	5,5	6,0	5,2
59,97	15,34	5,5	6,0	5,2
59,99	15,41	5,5	6,0	5,2
60,02	15,48	5,5	6,0	5,2
60,04	15,55	5,5	6,0	5,2
60,07	15,64	5,5	6,0	5,2
60,09	15,71	5,5	6,0	5,2
60,12	15,78	5,5	6,0	5,2
60,14	15,85	5,5	6,0	5,2
60,17	15,92	5,5	6,0	5,2
60,19	16,01	5,5	6,0	5,2
60,21	16,08	5,5	6,0	5,2
60,24	16,16	5,5	6,0	5,2
60,26	16,23	5,5	6,0	5,2
60,29	16,30	5,5	6,0	5,2
60,31	16,38	5,5	6,0	5,2
60,34	16,46	5,5	6,0	5,2
60,36	16,53	5,5	6,0	5,2
60,39	16,60	5,5	6,0	5,2
60,41	16,66	5,5	6,0	5,2
60,43	16,72	5,5	6,0	5,2
60,46	16,79	5,5	6,0	5,2
60,48	16,87	5,5	6,0	5,2
60,51	16,95	5,5	6,0	5,2
60,53	17,02	5,5	6,0	5,2
60,56	17,08	5,5	6,0	5,2
60,58	17,16	5,5	6,0	5,2
60,61	17,24	5,5	6,0	5,2
60,63	17,32	5,5	6,0	5,2
60,65	17,39	5,5	6,0	5,2
60,68	17,46	5,5	6,0	5,2
60,70	17,53	5,5	6,0	5,2
60,73	17,59	5,5	6,0	5,2
60,75	17,68	5,5	6,0	5,2
60,78	17,75	5,5	6,0	5,2
60,80	17,82	5,5	6,0	5,2
60,83	17,90	5,5	6,0	5,2
60,85	17,96	5,5	6,0	5,2
60,87	18,03	5,5	6,0	5,2
60,90	18,09	5,5	6,0	5,2
60,92	18,18	5,5	6,0	5,2
60,95	18,26	5,5	6,0	5,2
60,97	18,33	5,5	6,0	5,2
61,00	18,40	5,5	6,0	5,2
61,02	18,48	5,5	6,0	5,2
61,05	18,55	5,5	6,0	5,2
61,07	18,63	5,5	6,0	5,2
61,09	18,70	5,5	6,0	5,2
61,12	18,77	5,5	6,0	5,2
61,14	18,83	5,5	6,0	5,2
61,17	18,90	5,5	6,0	5,2
61,19	18,98	5,5	6,0	5,2
61,22	19,05	5,5	6,0	5,2
61,24	19,11	5,5	6,0	5,2
61,26	19,18	5,5	6,0	5,2
61,29	19,25	5,5	6,0	5,2
61,31	19,31	5,5	6,0	5,2
61,34	19,38	5,5	6,0	5,2
61,36	19,45	5,5	6,0	5,2
61,39	19,53	5,5	6,0	5,2
61,41	19,59	5,5	6,0	5,2
61,44	19,65	5,5	6,0	5,2
61,46	19,73	5,5	6,0	5,2
61,48	19,80	5,5	6,0	5,2
61,51	19,87	5,5	6,0	5,2
61,53	19,93	5,5	6,0	5,2
61,56	20,00	5,5	6,0	5,2
61,58	20,06	5,5	6,0	5,2
61,61	20,12	5,5	6,0	5,2
61,63	20,20	5,5	6,0	5,2
61,66	20,26	5,5	6,0	5,2
61,68	20,32	5,5	6,0	5,2
61,70	20,39	5,5	6,0	5,2
61,73	20,44	5,5	6,0	5,2
61,75	20,51	5,5	6,0	5,2
61,78	20,57	5,5	6,0	5,2
61,80	20,65	5,5	6,0	5,2
61,83	20,71	5,5	6,0	5,2
61,85	20,77	5,5	6,0	5,2
61,88	20,85	5,5	6,0	5,2
61,90	20,91	5,5	6,0	5,2
61,92	20,99	5,5	6,0	5,2
61,95	21,06	5,5	6,0	5,2
61,97	21,12	5,5	6,0	5,2
62,00	21,17	5,5	6,0	5,2
62,02	21,24	5,5	6,0	5,2
62,05	21,31	5,5	6,0	5,2
62,07	21,38	5,5	6,0	5,2
62,10	21,43	5,5	6,0	5,2
62,12	21,49	5,5	6,0	5,2
62,14	21,56	5,5	6,0	5,2
62,17	21,61	5,5	6,0	5,2
62,19	21,67	5,5	6,0	5,2
62,22	21,74	5,5	6,0	5,2
62,24	21,81	5,5	6,0	5,2
62,27	21,86	5,5	6,0	5,2
62,29	21,93	5,5	6,0	5,2
62,31	21,99	5,5	6,0	5,2
62,34	22,06	5,5	6,0	5,2
62,36	22,12	5,5	6,0	5,2
62,39	22,19	5,5	6,0	5,2
62,41	22,24	5,5	6,0	5,2
62,44	22,29	5,5	6,0	5,2
62,46	22,34	5,5	6,0	5,2
62,49	22,41	5,5	6,0	5,2
62,51	22,47	5,5	6,0	5,2
62,53	22,52	5,5	6,0	5,2
62,56	22,58	5,5	6,0	5,2
62,58	22,63	5,5	6,0	5,2
62,61	22,70	5,5	6,0	5,2
62,63	22,75	5,5	6,0	5,2
62,66	22,81	5,5	6,0	5,2
62,68	22,87	5,5	6,0	5,2
62,71	22,92	5,5	6,0	5,2
62,73	22,97	5,5	6,0	5,2
62,75	23,04	5,5	6,0	5,2
62,78	23,09	5,5	6,0	5,2
62,80	23,15	5,5	6,0	5,2
62,83	23,20	5,5	6,0	5,2
62,85	23,25	5,5	6,0	5,2
62,88	23,30	5,5	6,0	5,2
62,90	23,35	5,5	6,0	5,2
62,93	23,42	5,5	6,0	5,2
62,95	23,48	5,5	6,0	5,2
62,97	23,52	5,5	6,0	5,2
63,00	23,57	5,5	6,0	5,2
63,02	23,63	5,5	6,0	5,2
63,05	23,70	5,5	6,0	5,2
63,07	23,75	5,5	6,0	5,2
63,10	23,80	5,5	6,0	5,2
63,12	23,86	5,5	6,0	5,2
63,15	23,90	5,5	6,0	5,2
63,17	23,95	5,5	6,0	5,2
63,19	24,02	5,5	6,0	5,2
63,22	24,07	5,5	6,0	5,2
63,24	24,12	5,5	6,0	5,2
63,27	24,16	5,5	6,0	5,2
63,29	24,21	5,5	6,0	5,2
63,32	24,26	5,5	6,0	5,2
63,34	24,31	5,5	6,0	5,2
63,36	24,37	5,5	6,0	5,2
63,39	24,41	5,5	6,0	5,2
63,41	24,45	5,5	6,0	5,2
63,44	24,51	5,5	6,0	5,2
63,46	24,55	5,5	6,0	5,2
63,49	24,61	5,5	6,0	5,2
63,51	24,65	5,5	6,0	5,2
63,54	24,70	5,5	6,0	5,2
63,56	24,74	5,5	6,0	5,2
63,58	24,79	5,5	6,0	5,2
63,61	24,85	5,5	6,0	5,2
63,63	24,89	5,5	6,0	5,2
63,66	24,92	5,5	6,0	5,2
63,68	24,97	5,5	6,0	5,2
63,71	24,99	5,5	6,0	5,2
63,73	25,03	5,5	6,0	5,2
63,76	25,06	5,5	6,0	5,2
63,78	25,11	5,5	6,0	5,2
63,80	25,16	5,5	6,0	5,2
63,83	25,18	5,5	6,0	5,2
63,85	25,21	5,5	6,0	5,2
63,88	25,26	5,5	6,0	5,2
63,90	25,29	5,5	6,0	5,2
63,93	25,33	5,5	6,0	5,2
63,95	25,37	5,5	6,0	5,2
63,98	25,41	5,5	6,0	5,2
64,00	25,43	5,5	6,0	5,2
64,02	25,46	5,5	6,0	5,2
64,05	25,50	5,5	6,0	5,2
64,07	25,54	5,5	6,0	5,2
64,10	25,57	5,5	6,0	5,2
64,12	25,60	5,5	6,0	5,2
64,15	25,61	5,5	6,0	5,2
64,17	25,65	5,5	6,0	5,2
64,20	25,67	5,5	6,0	5,2
64,22	25,71	5,5	6,0	5,2
64,24	25,74	5,5	6,0	5,2
64,27	25,75	5,5	6,0	5,2
64,29	25,77	5,5	6,0	5,2
64,32	25,81	5,5	6,0	5,2
64,34	25,83	5,5	6,0	5,2
64,37	25,86	5,5	6,0	5,2
64,39	25,88	5,5	6,0	5,2
64,41	25,90	5,5	6,0	5,2
64,44	25,91	5,5	6,0	5,2
64,46	25,93	5,5	6,0	5,2
64,49	25,96	5,5	6,0	5,2
64,51	25,98	5,5	6,0	5,2
64,54	25,99	5,5	6,0	5,2
64,56	26,00	5,5	6,0	5,2
64,59	26,01	5,5	6,0	5,2
64,61	26,02	5,5	6,0	5,2
64,63	26,03	5,5	6,0	5,2
64,66	26,06	5,5	6,0	5,2
64,68	26,06	5,5	6,0	5,2
64,71	26,06	5,5	6,0	5,2
64,73	26,07	5,5	6,0	5,2
64,76	26,09	5,5	6,0	5,2
64,78	26,10	5,5	6,0	5,2
64,81	26,11	5,5	6,0	5,2
64,83	26,11	5,5	6,0	5,2
64,85	26,12	5,5	6,0	5,2
64,88	26,11	5,5	6,0	5,2
64,90	26,12	5,5	6,0	5,2
64,93	26,14	5,5	6,0	5,2
64,95	26,14	5,5	6,0	5,2
64,98	26,14	5,5	6,0	5,2
65,00	26,14	5,5	6,0	5,2
65,03	26,14	5,5	6,0	5,2
65,05	26,15	5,5	6,0	5,2
65,07	26,16	5,5	6,0	5,2
65,10	26,17	5,5	6,0	5,2
65,12	26,17	5,5	6,0	5,2
65,15	26,17	5,5	6,0	5,2
65,17	26,18	5,5	6,0	5,2
65,20	26,18	5,5	6,0	5,2
65,22	26,19	5,5	6,0	5,2
65,25	26,20	5,5	6,0	5,2
65,27	26,20	5,5	6,0	5,2
65,29	26,19	5,5	6,0	5,2
65,32	26,20	5,5	6,0	5,2
65,34	26,21	5,5	6,0	5,2
65,37	26,21	5,5	6,0	5,2
65,39	26,20	5,5	6,0	5,2
65,42	26,20	5,5	6,0	5,2
65,44	26,20	5,5	6,0	5,2
65,47	26,19	5,5	6,0	5,2
65,49	26,20	5,5	6,0	5,2
65,51	26,21	5,5	6,0	5,2
65,54	26,20	5,5	6,0	5,2
65,56	26,19	5,5	6,0	5,2
65,59	26,18	5,5	6,0	5,2
65,61	26,18	5,5	6,0	5,2
65,64	26,18	5,5	6,0	5,2
65,66	26,18	5,5	6,0	5,2
65,68	26,17	5,5	6,0	5,2
65,71	26,16	5,5	6,0	5,2
65,73	26,14	5,5	6,0	5,2
65,76	26,13	5,5	6,0	5,2
65,78	26,13	5,5	6,0	5,2
65,81	26,13	5,5	6,0	5,2
65,83	26,11	5,5	6,0	5,2
65,86	26,10	5,5	6,0	5,2
65,88	26,09	5,5	6,0	5,2
65,90	26,08	5,5	6,0	5,2
65,93	26,06	5,5	6,0	5,2
65,95	26,06	5,5	6,0	5,2
65,98	26,05	5,5	6,0	5,2
66,00	26,03	5,5	6,0	5,2
66,03	26,01	5,5	6,0	5,2
66,05	26,01	5,5	6,0	5,2
66,08	25,99	5,5	6,0	5,2
66,10	25,97	5,5	6,0	5,2
66,12	25,94	5,5	6,0	5,2
66,15	25,92	5,5	6,0	5,2
66,17	25,88	5,5	6,0	5,2
66,20	25,86	5,5	6,0	5,2
66,22	25,85	5,5	6,0	5,2
66,25	25,82	5,5	6,0	5,2
66,27	25,79	5,5	6,0	5,2
66,30	25,76	5,5	6,0	5,2
66,32	25,74	5,5	6,0	5,2
66,34	25,72	5,5	6,0	5,2
66,37	25,70	5,5	6,0	5,2
66,39	25,68	5,5	6,0	5,2
66,42	25,65	5,5	6,0	5,2
66,44	25,62	5,5	6,0	5,2
66,47	25,60	5,5	6,0	5,2
66,49	25,57	5,5	6,0	5,2
66,52	25,53	5,5	6,0	5,2
66,54	25,51	5,5	6,0	5,2
66,56	25,46	5,5	6,0	5,2
66,59	25,42	5,5	6,0	5,2
66,61	25,39	5,5	6,0	5,2
66,64	25,36	5,5	6,0	5,2
66,66	25,34	5,5	6,0	5,2
66,69	25,30	5,5	6,0	5,2
66,71	25,26	5,5	6,0	5,2
66,73	25,25	5,5	6,0	5,2
66,76	25,21	5,5	6,0	5,2
66,78	25,19	5,5	6,0	5,2
66,81	25,16	5,5	6,0	5,2
66,83	25,13	5,5	6,0	5,2
66,86	25,10	5,5	6,0	5,2
66,88	25,06	5,5	6,0	5,2
66,91	25,03	5,5	6,0	5,2
66,93	25,00	5,5	6,0	5,2
66,95	24,96	5,5	6,0	5,2
66,98	24,92	5,5	6,0	5,2
67,00	24,86	5,5	6,0	5,2
67,03	24,82	5,5	6,0	5,2
67,05	24,78	5,5	6,0	5,2
67,08	24,76	5,5	6,0	5,2
67,10	24,72	5,5	6,0	5,2
67,13	24,68	5,5	6,0	5,2
67,15	24,64	5,5	6,0	5,2
67,17	24,61	5,5	6,0	5,2
67,20	24,57	5,5	6,0	5,2
67,22	24,53	5,5	6,0	5,2
67,25	24,49	5,5	6,0	5,2
67,27	24,46	5,5	6,0	5,2
67,30	24,40	5,5	6,0	5,2
67,32	24,36	5,5	6,0	5,2
67,35	24,33	5,5	6,0	5,2
67,37	24,30	5,5	6,0	5,2
67,39	24,24	5,5	6,0	5,2
67,42	24,21	5,5	6,0	5,2
67,44	24,16	5,5	6,0	5,2
67,47	24,12	5,5	6,0	5,2
67,49	24,08	5,5	6,0	5,2
67,52	24,05	5,5	6,0	5,2
67,54	24,01	5,5	6,0	5,2
67,57	23,96	5,5	6,0	5,2
67,59	23,92	5,5	6,0	5,2
67,61	23,89	5,5	6,0	5,2
67,64	23,85	5,5	6,0	5,2
67,66	23,80	5,5	6,0	5,2
67,69	23,76	5,5	6,0	5,2
67,71	23,71	5,5	6,0	5,2
67,74	23,66	5,5	6,0	5,2
67,76	23,62	5,5	6,0	5,2
67,78	23,58	5,5	6,0	5,2
67,81	23,53	5,5	6,0	5,2
67,83	23,49	5,5	6,0	5,2
67,86	23,43	5,5	6,0	5,2
67,88	23,39	5,5	6,0	5,2
67,91	23,34	5,5	6,0	5,2
67,93	23,30	5,5	6,0	5,2
67,96	23,25	5,5	6,0	5,2
67,98	23,19	5,5	6,0	5,2
68,00	23,15	5,5	6,0	5,2
68,03	23,11	5,5	6,0	5,2
68,05	23,06	5,5	6,0	5,2
68,08	23,02	5,5	6,0	5,2
68,10	22,97	5,5	6,0	5,2
68,13	22,92	5,5	6,0	5,2
68,15	22,86	5,5	6,0	5,2
68,18	22,81	5,5	6,0	5,2
68,20	22,76	5,5	6,0	5,2
68,22	22,72	5,5	6,0	5,2
68,25	22,66	5,5	6,0	5,2
68,27	22,61	5,5	6,0	5,2
68,30	22,56	5,5	6,0	5,2
68,32	22,50	5,5	6,0	5,2
68,35	22,46	5,5	6,0	5,2
68,37	22,41	5,5	6,0	5,2
68,40	22,36	5,5	6,0	5,2
68,42	22,30	5,5	6,0	5,2
68,44	22,25	5,5	6,0	5,2
68,47	22,21	5,5	6,0	5,2
68,49	22,15	5,5	6,0	5,2
68,52	22,11	5,5	6,0	5,2
68,54	22,06	5,5	6,0	5,2
68,57	22,01	5,5	6,0	5,2
68,59	21,95	5,5	6,0	5,2
68,62	21,90	5,5	6,0	5,2
68,64	21,85	5,5	6,0	5,2
68,66	21,80	5,5	6,0	5,2
68,69	21,74	5,5	6,0	5,2
68,71	21,68	5,5	6,0	5,2
68,74	21,63	5,5	6,0	5,2
68,76	21,58	5,5	6,0	5,2
68,79	21,53	5,5	6,0	5,2
68,81	21,49	5,5	6,0	5,2
68,83	21,44	5,5	6,0	5,2
68,86	21,38	5,5	6,0	5,2
68,88	21,33	5,5	6,0	5,2
68,91	21,28	5,5	6,0	5,2
68,93	21,24	5,5	6,0	5,2
68,96	21,18	5,5	6,0	5,2
68,98	21,12	5,5	6,0	5,2
69,01	21,08	5,5	6,0	5,2
69,03	21,02	5,5	6,0	5,2
69,05	20,97	5,5	6,0	5,2
69,08	20,93	5,5	6,0	5,2
69,10	20,88	5,5	6,0	5,2
69,13	20,83	5,5	6,0	5,2
69,15	20,78	5,5	6,0	5,2
69,18	20,73	5,5	6,0	5,2
69,20	20,69	5,5	6,0	5,2
69,23	20,65	5,5	6,0	5,2
69,25	20,62	5,5	6,0	5,2
69,27	20,57	5,5	6,0	5,2
69,30	20,52	5,5	6,0	5,2
69,32	20,48	5,5	6,0	5,2
69,35	20,45	5,5	6,0	5,2
69,37	20,40	5,5	6,0	5,2
69,40	20,36	5,5	6,0	5,2
69,42	20,30	5,5	6,0	5,2
69,45	20,26	5,5	6,0	5,2
69,47	20,21	5,5	6,0	5,2
69,49	20,18	5,5	6,0	5,2
69,52	20,15	5,5	6,0	5,2
69,54	20,10	5,5	6,0	5,2
69,57	20,05	5,5	6,0	5,2
69,59	20,01	5,5	6,0	5,2
69,62	19,97	5,5	6,0	5,2
69,64	19,94	5,5	6,0	5,2
69,67	19,90	5,5	6,0	5,2
69,69	19,87	5,5	6,0	5,2
69,71	19,82	5,5	6,0	5,2
69,74	19,77	5,5	6,0	5,2
69,76	19,74	5,5	6,0	5,2
69,79	19,70	5,5	6,0	5,2
69,81	19,65	5,5	6,0	5,2
69,84	19,61	5,5	6,0	5,2
69,86	19,55	5,5	6,0	5,2
69,89	19,51	5,5	6,0	5,2
69,91	19,47	5,5	6,0	5,2
69,93	19,42	5,5	6,0	5,2
69,96	19,38	5,5	6,0	5,2
69,98	19,33	5,5	6,0	5,2
70,01	19,28	5,5	6,0	5,2
70,03	19,25	5,5	6,0	5,2
70,06	19,20	5,5	6,0	5,2
70,08	19,17	5,5	6,0	5,2
70,10	19,12	5,5	6,0	5,2
70,13	19,08	5,5	6,0	5,2
70,15	19,04	5,5	6,0	5,2
70,18	18,99	5,5	6,0	5,2
70,20	18,97	5,5	6,0	5,2
70,23	18,92	5,5	6,0	5,2
70,25	18,87	5,5	6,0	5,2
70,28	18,82	5,5	6,0	5,2
70,30	18,77	5,5	6,0	5,2
70,32	18,73	5,5	6,0	5,2
70,35	18,69	5,5	6,0	5,2
70,37	18,66	5,5	6,0	5,2
70,40	18,62	5,5	6,0	5,2
70,42	18,57	5,5	6,0	5,2
70,45	18,52	5,5	6,0	5,2
70,47	18,50	5,5	6,0	5,2
70,50	18,46	5,5	6,0	5,2
70,52	18,42	5,5	6,0	5,2
70,54	18,38	5,5	6,0	5,2
70,57	18,34	5,5	6,0	5,2
70,59	18,29	5,5	6,0	5,2
70,62	18,25	5,5	6,0	5,2
70,64	18,22	5,5	6,0	5,2
70,67	18,18	5,5	6,0	5,2
70,69	18,13	5,5	6,0	5,2
70,72	18,09	5,5	6,0	5,2
70,74	18,05	5,5	6,0	5,2
70,76	18,02	5,5	6,0	5,2
70,79	17,99	5,5	6,0	5,2
70,81	17,95	5,5	6,0	5,2
70,84	17,92	5,5	6,0	5,2
70,86	17,87	5,5	6,0	5,2
70,89	17,85	5,5	6,0	5,2
70,91	17,82	5,5	6,0	5,2
70,94	17,79	5,5	6,0	5,2
70,96	17,76	5,5	6,0	5,2
70,98	17,72	5,5	6,0	5,2
71,01	17,68	5,5	6,0	5,2
71,03	17,65	5,5	6,0	5,2
71,06	17,63	5,5	6,0	5,2
71,08	17,61	5,5	6,0	5,2
71,11	17,57	5,5	6,0	5,2
71,13	17,54	5,5	6,0	5,2
71,15	17,50	5,5	6,0	5,2
71,18	17,48	5,5	6,0	5,2
71,20	17,46	5,5	6,0	5,2
71,23	17,44	5,5	6,0	5,2
71,25	17,42	5,5	6,0	5,2
71,28	17,39	5,5	6,0	5,2
71,30	17,37	5,5	6,0	5,2
71,33	17,35	5,5	6,0	5,2
71,35	17,33	5,5	6,0	5,2
71,37	17,31	5,5	6,0	5,2
71,40	17,29	5,5	6,0	5,2
71,42	17,27	5,5	6,0	5,2
71,45	17,24	5,5	6,0	5,2
71,47	17,22	5,5	6,0	5,2
71,50	17,20	5,5	6,0	5,2
71,52	17,18	5,5	6,0	5,2
71,55	17,15	5,5	6,0	5,2
71,57	17,13	5,5	6,0	5,2
71,59	17,12	5,5	6,0	5,2
71,62	17,11	5,5	6,0	5,2
71,64	17,09	5,5	6,0	5,2
71,67	17,08	5,5	6,0	5,2
71,69	17,06	5,5	6,0	5,2
71,72	17,04	5,5	6,0	5,2
71,74	17,02	5,5	6,0	5,2
71,77	17,02	5,5	6,0	5,2
71,79	17,00	5,5	6,0	5,2
71,81	16,99	5,5	6,0	5,2
71,84	16,96	5,5	6,0	5,2
71,86	16,96	5,5	6,0	5,2
71,89	16,93	5,5	6,0	5,2
71,91	16,91	5,5	6,0	5,2
71,94	16,92	5,5	6,0	5,2
71,96	16,90	5,5	6,0	5,2
71,99	16,87	5,5	6,0	5,2
72,01	16,86	5,5	6,0	5,2
72,03	16,84	5,5	6,0	5,2
72,06	16,84	5,5	6,0	5,2
72,08	16,83	5,5	6,0	5,2
72,11	16,83	5,5	6,0	5,2
72,13	16,81	5,5	6,0	5,2
72,16	16,79	5,5	6,0	5,2
72,18	16,79	5,5	6,0	5,2
72,20	16,78	5,5	6,0	5,2
72,23	16,77	5,5	6,0	5,2
72,25	16,75	5,5	6,0	5,2
72,28	16,74	5,5	6,0	5,2
72,30	16,73	5,5	6,0	5,2
72,33	16,71	5,5	6,0	5,2
72,35	16,71	5,5	6,0	5,2
72,38	16,70	5,5	6,0	5,2
72,40	16,69	5,5	6,0	5,2
72,42	16,67	5,5	6,0	5,2
72,45	16,67	5,5	6,0	5,2
72,47	16,66	5,5	6,0	5,2
72,50	16,67	5,5	6,0	5,2
72,52	16,66	5,5	6,0	5,2
72,55	16,66	5,5	6,0	5,2
72,57	16,64	5,5	6,0	5,2
72,60	16,63	5,5	6,0	5,2
72,62	16,64	5,5	6,0	5,2
72,64	16,64	5,5	6,0	5,2
72,67	16,63	5,5	6,0	5,2
72,69	16,63	5,5	6,0	5,2
72,72	16,61	5,5	6,0	5,2
72,74	16,61	5,5	6,0	5,2
72,77	16,61	5,5	6,0	5,2
72,79	16,62	5,5	6,0	5,2
72,82	16,62	5,5	6,0	5,2
72,84	16,61	5,5	6,0	5,2
72,86	16,62	5,5	6,0	5,2
72,89	16,61	5,5	6,0	5,2
72,91	16,62	5,5	6,0	5,2
72,94	16,64	5,5	6,0	5,2
72,96	16,63	5,5	6,0	5,2
72,99	16,63	5,5	6,0	5,2
73,01	16,63	5,5	6,0	5,2
73,04	16,64	5,5	6,0	5,2
73,06	16,65	5,5	6,0	5,2
73,08	16,66	5,5	6,0	5,2
73,11	16,66	5,5	6,0	5,2
73,13	16,67	5,5	6,0	5,2
73,16	16,68	5,5	6,0	5,2
73,18	16,70	5,5	6,0	5,2
73,21	16,71	5,5	6,0	5,2
73,23	16,73	5,5	6,0	5,2
73,25	16,74	5,5	6,0	5,2
73,28	16,74	5,5	6,0	5,2
73,30	16,75	5,5	6,0	5,2
73,33	16,78	5,5	6,0	5,2
73,35	16,80	5,5	6,0	5,2
73,38	16,82	5,5	6,0	5,2
73,40	16,82	5,5	6,0	5,2
73,43	16,84	5,5	6,0	5,2
73,45	16,84	5,5	6,0	5,2
73,47	16,87	5,5	6,0	5,2
73,50	16,90	5,5	6,0	5,2
73,52	16,91	5,5	6,0	5,2
73,55	16,92	5,5	6,0	5,2
73,57	16,94	5,5	6,0	5,2
73,60	16,97	5,5	6,0	5,2
73,62	17,00	5,5	6,0	5,2
73,65	17,02	5,5	6,0	5,2
73,67	17,05	5,5	6,0	5,2
73,69	17,06	5,5	6,0	5,2
73,72	17,07	5,5	6,0	5,2
73,74	17,10	5,5	6,0	5,2
73,77	17,13	5,5	6,0	5,2
73,79	17,15	5,5	6,0	5,2
73,82	17,17	5,5	6,0	5,2
73,84	17,19	5,5	6,0	5,2
73,87	17,21	5,5	6,0	5,2
73,89	17,23	5,5	6,0	5,2
73,91	17,26	5,5	6,0	5,2
73,94	17,29	5,5	6,0	5,2
73,96	17,31	5,5	6,0	5,2
73,99	17,33	5,5	6,0	5,2
74,01	17,37	5,5	6,0	5,2
74,04	17,39	5,5	6,0	5,2
74,06	17,43	5,5	6,0	5,2
74,09	17,45	5,5	6,0	5,2
74,11	17,48	5,5	6,0	5,2
74,13	17,51	5,5	6,0	5,2
74,16	17,53	5,5	6,0	5,2
74,18	17,56	5,5	6,0	5,2
74,21	17,60	5,5	6,0	5,2
74,23	17,62	5,5	6,0	5,2
74,26	17,65	5,5	6,0	5,2
74,28	17,67	5,5	6,0	5,2
74,31	17,71	5,5	6,0	5,2
74,33	17,73	5,5	6,0	5,2
74,35	17,78	5,5	6,0	5,2
74,38	17,81	5,5	6,0	5,2
74,40	17,84	5,5	6,0	5,2
74,43	17,87	5,5	6,0	5,2
74,45	17,91	5,5	6,0	5,2
74,48	17,95	5,5	6,0	5,2
74,50	17,99	5,5	6,0	5,2
74,52	18,03	5,5	6,0	5,2
74,55	18,07	5,5	6,0	5,2
74,57	18,09	5,5	6,0	5,2
74,60	18,13	5,5	6,0	5,2
74,62	18,18	5,5	6,0	5,2
74,65	18,22	5,5	6,0	5,2
74,67	18,25	5,5	6,0	5,2
74,70	18,29	5,5	6,0	5,2
74,72	18,32	5,5	6,0	5,2
74,74	18,36	5,5	6,0	5,2
74,77	18,40	5,5	6,0	5,2
74,79	18,46	5,5	6,0	5,2
74,82	18,50	5,5	6,0	5,2
74,84	18,53	5,5	6,0	5,2
74,87	18,57	5,5	6,0	5,2
74,89	18,63	5,5	6,0	5,2
74,92	18,68	5,5	6,0	5,2
74,94	18,74	5,5	6,0	5,2
74,96	18,78	5,5	6,0	5,2
74,99	18,82	5,5	6,0	5,2
75,01	18,85	5,5	6,0	5,2
75,04	18,90	5,5	6,0	5,2
75,06	18,96	5,5	6,0	5,2
75,09	18,99	5,5	6,0	5,2
75,11	19,04	5,5	6,0	5,2
75,14	19,08	5,5	6,0	5,2
75,16	19,12	5,5	6,0	5,2
75,18	19,17	5,5	6,0	5,2
75,21	19,24	5,5	6,0	5,2
75,23	19,30	5,5	6,0	5,2
75,26	19,34	5,5	6,0	5,2
75,28	19,39	5,5	6,0	5,2
75,31	19,45	5,5	6,0	5,2
75,33	19,51	5,5	6,0	5,2
75,36	19,57	5,5	6,0	5,2
75,38	19,63	5,5	6,0	5,2
75,40	19,68	5,5	6,0	5,2
75,43	19,72	5,5	6,0	5,2
75,45	19,77	5,5	6,0	5,2
75,48	19,84	5,5	6,0	5,2
75,50	19,90	5,5	6,0	5,2
75,53	19,94	5,5	6,0	5,2
75,55	19,99	5,5	6,0	5,2
75,57	20,05	5,5	6,0	5,2
75,60	20,11	5,5	6,0	5,2
75,62	20,18	5,5	6,0	5,2
75,65	20,25	5,5	6,0	5,2
75,67	20,31	5,5	6,0	5,2
75,70	20,37	5,5	6,0	5,2
75,72	20,41	5,5	6,0	5,2
75,75	20,49	5,5	6,0	5,2
75,77	20,55	5,5	6,0	5,2
75,79	20,62	5,5	6,0	5,2
75,82	20,67	5,5	6,0	5,2
75,84	20,73	5,5	6,0	5,2
75,87	20,78	5,5	6,0	5,2
75,89	20,84	5,5	6,0	5,2
75,92	20,91	5,5	6,0	5,2
75,94	20,98	5,5	6,0	5,2
75,97	21,03	5,5	6,0	5,2
75,99	21,10	5,5	6,0	5,2
76,01	21,16	5,5	6,0	5,2
76,04	21,24	5,5	6,0	5,2
76,06	21,31	5,5	6,0	5,2
76,09	21,38	5,5	6,0	5,2
76,11	21,45	5,5	6,0	5,2
76,14	21,51	5,5	6,0	5,2
76,16	21,57	5,5	6,0	5,2
76,19	21,64	5,5	6,0	5,2
76,21	21,71	5,5	6,0	5,2
76,23	21,78	5,5	6,0	5,2
76,26	21,83	5,5	6,0	5,2
76,28	21,90	5,5	6,0	5,2
76,31	21,96	5,5	6,0	5,2
76,33	22,04	5,5	6,0	5,2
76,36	22,12	5,5	6,0	5,2
76,38	22,19	5,5	6,0	5,2
76,41	22,24	5,5	6,0	5,2
76,43	22,32	5,5	6,0	5,2
76,45	22,39	5,5	6,0	5,2
76,48	22,47	5,5	6,0	5,2
76,50	22,54	5,5	6,0	5,2
76,53	22,62	5,5	6,0	5,2
76,55	22,69	5,5	6,0	5,2
76,58	22,75	5,5	6,0	5,2
76,60	22,83	5,5	6,0	5,2
76,62	22,91	5,5	6,0	5,2
76,65	22,98	5,5	6,0	5,2
76,67	23,06	5,5	6,0	5,2
76,70	23,11	5,5	6,0	5,2
76,72	23,19	5,5	6,0	5,2
76,75	23,26	5,5	6,0	5,2
76,77	23,34	5,5	6,0	5,2
76,80	23,43	5,5	6,0	5,2
76,82	23,49	5,5	6,0	5,2
76,84	23,56	5,5	6,0	5,2
76,87	23,65	5,5	6,0	5,2
76,89	23,73	5,5	6,0	5,2
76,92	23,83	5,5	6,0	5,2
76,94	23,90	5,5	6,0	5,2
76,97	23,99	5,5	6,0	5,2
76,99	24,06	5,5	6,0	5,2
77,02	24,13	5,5	6,0	5,2
77,04	24,22	5,5	6,0	5,2
77,06	24,31	5,5	6,0	5,2
77,09	24,38	5,5	6,0	5,2
77,11	24,46	5,5	6,0	5,2
77,14	24,54	5,5	6,0	5,2
77,16	24,62	5,5	6,0	5,2
77,19	24,70	5,5	6,0	5,2
77,21	24,79	5,5	6,0	5,2
77,24	24,88	5,5	6,0	5,2
77,26	24,96	5,5	6,0	5,2
77,28	25,04	5,5	6,0	5,2
77,31	25,14	5,5	6,0	5,2
77,33	25,23	5,5	6,0	5,2
77,36	25,32	5,5	6,0	5,2
77,38	25,41	5,5	6,0	5,2
77,41	25,50	5,5	6,0	5,2
77,43	25,57	5,5	6,0	5,2
77,46	25,65	5,5	6,0	5,2
77,48	25,75	5,5	6,0	5,2
77,50	25,83	5,5	6,0	5,2
77,53	25,90	5,5	6,0	5,2
77,55	25,99	5,5	6,0	5,2
77,58	26,07	5,5	6,0	5,2
77,60	26,16	5,5	6,0	5,2
77,63	26,25	5,5	6,0	5,2
77,65	26,35	5,5	6,0	5,2
77,68	26,45	5,5	6,0	5,2
77,70	26,52	5,5	6,0	5,2
77,72	26,61	5,5	6,0	5,2
77,75	26,70	5,5	6,0	5,2
77,77	26,80	5,5	6,0	5,2
77,80	26,90	5,5	6,0	5,2
77,82	26,98	5,5	6,0	5,2
77,85	27,06	5,5	6,0	5,2
77,87	27,13	5,5	6,0	5,2
77,89	27,23	5,5	6,0	5,2
77,92	27,32	5,5	6,0	5,2
77,94	27,41	5,5	6,0	5,2
77,97	27,49	5,5	6,0	5,2
77,99	27,58	5,5	6,0	5,2
78,02	27,67	5,5	6,0	5,2
78,04	27,75	5,5	6,0	5,2
78,07	27,86	5,5	6,0	5,2
78,09	27,95	5,5	6,0	5,2
78,11	28,04	5,5	6,0	5,2
78,14	28,12	5,5	6,0	5,2
78,16	28,22	5,5	6,0	5,2
78,19	28,32	5,5	6,0	5,2
78,21	28,42	5,5	6,0	5,2
78,24	28,52	5,5	6,0	5,2
78,26	28,61	5,5	6,0	5,2
78,29	28,68	5,5	6,0	5,2
78,31	28,77	5,5	6,0	5,2
78,33	28,88	5,5	6,0	5,2
78,36	28,98	5,5	6,0	5,2
78,38	29,06	5,5	6,0	5,2
78,41	29,15	5,5	6,0	5,2
78,43	29,24	5,5	6,0	5,2
78,46	29,34	5,5	6,0	5,2
78,48	29,43	5,5	6,0	5,2
78,51	29,54	5,5	6,0	5,2
78,53	29,64	5,5	6,0	5,2
78,55	29,72	5,5	6,0	5,2
78,58	29,82	5,5	6,0	5,2
78,60	29,93	5,5	6,0	5,2
78,63	30,02	5,5	6,0	5,2
78,65	30,13	5,5	6,0	5,2
78,68	30,23	5,5	6,0	5,2
78,70	30,33	5,5	6,0	5,2
78,73	30,41	5,5	6,0	5,2
78,75	30,50	5,5	6,0	5,2
78,77	30,61	5,5	6,0	5,2
78,80	30,71	5,5	6,0	5,2
78,82	30,79	5,5	6,0	5,2
78,85	30,88	5,5	6,0	5,2
78,87	30,99	5,5	6,0	5,2
78,90	31,11	5,5	6,0	5,2
78,92	31,21	5,5	6,0	5,2
78,94	31,32	5,5	6,0	5,2
78,97	31,42	5,5	6,0	5,2
78,99	31,52	5,5	6,0	5,2
79,02	31,61	5,5	6,0	5,2
79,04	31,73	5,5	6,0	5,2
79,07	31,82	5,5	6,0	5,2
79,09	31,93	5,5	6,0	5,2
79,12	32,01	5,5	6,0	5,2
79,14	32,11	5,5	6,0	5,2
79,16	32,19	5,5	6,0	5,2
79,19	32,29	5,5	6,0	5,2
79,21	32,40	5,5	6,0	5,2
79,24	32,51	5,5	6,0	5,2
79,26	32,60	5,5	6,0	5,2
79,29	32,70	5,5	6,0	5,2
79,31	32,81	5,5	6,0	5,2
79,34	32,93	5,5	6,0	5,2
79,36	33,03	5,5	6,0	5,2
79,38	33,14	5,5	6,0	5,2
79,41	33,22	5,5	6,0	5,2
79,43	33,32	5,5	6,0	5,2
79,46	33,43	5,5	6,0	5,2
79,48	33,53	5,5	6,0	5,2
79,51	33,63	5,5	6,0	5,2
79,53	33,72	5,5	6,0	5,2
79,56	33,81	5,5	6,0	5,2
79,58	33,91	5,5	6,0	5,2
79,60	34,00	5,5	6,0	5,2
79,63	34,12	5,5	6,0	5,2
79,65	34,22	5,5	6,0	5,2
79,68	34,32	5,5	6,0	5,2
79,70	34,41	5,5	6,0	5,2
79,73	34,53	5,5	6,0	5,2
79,75	34,62	5,5	6,0	5,2
79,78	34,74	5,5	6,0	5,2
79,80	34,85	5,5	6,0	5,2
79,82	34,95	5,5	6,0	5,2
79,85	35,04	5,5	6,0	5,2
79,87	35,13	5,5	6,0	5,2
79,90	35,24	5,5	6,0	5,2
79,92	35,34	5,5	6,0	5,2
79,95	35,43	5,5	6,0	5,2
79,97	35,54	5,5	6,0	5,2
79,99	35,63	5,5	6,0	5,2
80,02	35,74	5,5	6,0	5,2
80,04	35,84	5,5	6,0	5,2
80,07	35,94	5,5	6,0	5,2
80,09	36,05	5,5	6,0	5,2
80,12	36,13	5,5	6,0	5,2
80,14	36,24	5,5	6,0	5,2
80,17	36,35	5,5	6,0	5,2
80,19	36,45	5,5	6,0	5,2
80,21	36,56	5,5	6,0	5,2
80,24	36,66	5,5	6,0	5,2
80,26	36,77	5,5	6,0	5,2
80,29	36,85	5,5	6,0	5,2
80,31	36,95	5,5	6,0	5,2
80,34	37,07	5,5	6,0	5,2
80,36	37,17	5,5	6,0	5,2
80,39	37,26	5,5	6,0	5,2
80,41	37,36	5,5	6,0	5,2
80,43	37,46	5,5	6,0	5,2
80,46	37,56	5,5	6,0	5,2
80,48	37,65	5,5	6,0	5,2
80,51	37,77	5,5	6,0	5,2
80,53	37,87	5,5	6,0	5,2
80,56	37,95	5,5	6,0	5,2
80,58	38,05	5,5	6,0	5,2
80,61	38,17	5,5	6,0	5,2
80,63	38,27	5,5	6,0	5,2
80,65	38,38	5,5	6,0	5,2
80,68	38,48	5,5	6,0	5,2
80,70	38,58	5,5	6,0	5,2
80,73	38,67	5,5	6,0	5,2
80,75	38,76	5,5	6,0	5,2
80,78	38,86	5,5	6,0	5,2
80,80	38,96	5,5	6,0	5,2
80,83	39,05	5,5	6,0	5,2
80,85	39,15	5,5	6,0	5,2
80,87	39,24	5,5	6,0	5,2
80,90	39,34	5,5	6,0	5,2
80,92	39,45	5,5	6,0	5,2
80,95	39,54	5,5	6,0	5,2
80,97	39,63	5,5	6,0	5,2
81,00	39,73	5,5	6,0	5,2
81,02	39,84	5,5	6,0	5,2
81,04	39,94	5,5	6,0	5,2
81,07	40,04	5,5	6,0	5,2
81,09	40,14	5,5	6,0	5,2
81,12	40,23	5,5	6,0	5,2
81,14	40,32	5,5	6,0	5,2
81,17	40,41	5,5	6,0	5,2
81,19	40,51	5,5	6,0	5,2
81,22	40,61	5,5	6,0	5,2
81,24	40,70	5,5	6,0	5,2
81,26	40,79	5,5	6,0	5,2
81,29	40,88	5,5	6,0	5,2
81,31	40,97	5,5	6,0	5,2
81,34	41,06	5,5	6,0	5,2
81,36	41,18	5,5	6,0	5,2
81,39	41,26	5,5	6,0	5,2
81,41	41,34	5,5	6,0	5,2
81,44	41,43	5,5	6,0	5,2
81,46	41,52	5,5	6,0	5,2
81,48	41,62	5,5	6,0	5,2
81,51	41,72	5,5	6,0	5,2
81,53	41,80	5,5	6,0	5,2
81,56	41,90	5,5	6,0	5,2
81,58	41,99	5,5	6,0	5,2
81,61	42,07	5,5	6,0	5,2
81,63	42,17	5,5	6,0	5,2
81,66	42,27	5,5	6,0	5,2
81,68	42,35	5,5	6,0	5,2
81,70	42,45	5,5	6,0	5,2
81,73	42,54	5,5	6,0	5,2
81,75	42,63	5,5	6,0	5,2
81,78	42,72	5,5	6,0	5,2
81,80	42,82	5,5	6,0	5,2
81,83	42,91	5,5	6,0	5,2
81,85	42,98	5,5	6,0	5,2
81,88	43,08	5,5	6,0	5,2
81,90	43,19	5,5	6,0	5,2
81,92	43,28	5,5	6,0	5,2
81,95	43,38	5,5	6,0	5,2
81,97	43,45	5,5	6,0	5,2
82,00	43,56	5,5	6,0	5,2
82,02	43,64	5,5	6,0	5,2
82,05	43,73	5,5	6,0	5,2
82,07	43,84	5,5	6,0	5,2
82,10	43,93	5,5	6,0	5,2
82,12	44,00	5,5	6,0	5,2
82,14	44,10	5,5	6,0	5,2
82,17	44,19	5,5	6,0	5,2
82,19	44,28	5,5	6,0	5,2
82,22	44,37	5,5	6,0	5,2
82,24	44,47	5,5	6,0	5,2
82,27	44,54	5,5	6,0	5,2
82,29	44,62	5,5	6,0	5,2
82,31	44,71	5,5	6,0	5,2
82,34	44,81	5,5	6,0	5,2
82,36	44,91	5,5	6,0	5,2
82,39	44,99	5,5	6,0	5,2
82,41	45,07	5,5	6,0	5,2
82,44	45,15	5,5	6,0	5,2
82,46	45,23	5,5	6,0	5,2
82,49	45,32	5,5	6,0	5,2
82,51	45,41	5,5	6,0	5,2
82,53	45,49	5,5	6,0	5,2
82,56	45,57	5,5	6,0	5,2
82,58	45,67	5,5	6,0	5,2
82,61	45,74	5,5	6,0	5,2
82,63	45,84	5,5	6,0	5,2
82,66	45,92	5,5	6,0	5,2
82,68	46,02	5,5	6,0	5,2
82,71	46,09	5,5	6,0	5,2
82,73	46,17	5,5	6,0	5,2
82,75	46,26	5,5	6,0	5,2
82,78	46,35	5,5	6,0	5,2
82,80	46,43	5,5	6,0	5,2
82,83	46,52	5,5	6,0	5,2
82,85	46,58	5,5	6,0	5,2
82,88	46,67	5,5	6,0	5,2
82,90	46,73	5,5	6,0	5,2
82,93	46,82	5,5	6,0	5,2
82,95	46,90	5,5	6,0	5,2
82,97	46,96	5,5	6,0	5,2
83,00	47,05	5,5	6,0	5,2
83,02	47,13	5,5	6,0	5,2
83,05	47,21	5,5	6,0	5,2
83,07	47,31	5,5	6,0	5,2
83,10	47,38	5,5	6,0	5,2
83,12	47,45	5,5	6,0	5,2
83,15	47,52	5,5	6,0	5,2
83,17	47,59	5,5	6,0	5,2
83,19	47,68	5,5	6,0	5,2
83,22	47,74	5,5	6,0	5,2
83,24	47,80	5,5	6,0	5,2
83,27	47,89	5,5	6,0	5,2
83,29	47,94	5,5	6,0	5,2
83,32	48,03	5,5	6,0	5,2
83,34	48,10	5,5	6,0	5,2
83,36	48,19	5,5	6,0	5,2
83,39	48,26	5,5	6,0	5,2
83,41	48,31	5,5	6,0	5,2
83,44	48,38	5,5	6,0	5,2
83,46	48,46	5,5	6,0	5,2
83,49	48,54	5,5	6,0	5,2
83,51	48,63	5,5	6,0	5,2
83,54	48,69	5,5	6,0	5,2
83,56	48,76	5,5	6,0	5,2
83,58	48,81	5,5	6,0	5,2
83,61	48,88	5,5	6,0	5,2
83,63	48,96	5,5	6,0	5,2
83,66	49,02	5,5	6,0	5,2
83,68	49,07	5,5	6,0	5,2
83,71	49,14	5,5	6,0	5,2
83,73	49,20	5,5	6,0	5,2
83,76	49,26	5,5	6,0	5,2
83,78	49,33	5,5	6,0	5,2
83,80	49,39	5,5	6,0	5,2
83,83	49,44	5,5	6,0	5,2
83,85	49,50	5,5	6,0	5,2
83,88	49,56	5,5	6,0	5,2
83,90	49,60	5,5	6,0	5,2
83,93	49,63	5,5	6,0	5,2
83,95	49,69	5,5	6,0	5,2
83,98	49,71	5,5	6,0	5,2
84,00	49,73	5,5	6,0	5,2
84,02	49,77	5,5	6,0	5,2
84,05	49,83	5,5	6,0	5,2
84,07	49,85	5,5	6,0	5,2
84,10	49,85	5,5	6,0	5,2
84,12	49,88	5,5	6,0	5,2
84,15	49,91	5,5	6,0	5,2
84,17	49,91	5,5	6,0	5,2
84,20	49,93	5,5	6,0	5,2
84,22	49,96	5,5	6,0	5,2
84,24	49,96	5,5	6,0	5,2
84,27	49,95	5,5	6,0	5,2
84,29	49,97	5,5	6,0	5,2
84,32	49,99	5,5	6,0	5,2
84,34	49,99	5,5	6,0	5,2
84,37	49,99	5,5	6,0	5,2
84,39	49,99	5,5	6,0	5,2
84,41	49,99	5,5	6,0	5,2
84,44	49,99	5,5	6,0	5,2
84,46	49,99	5,5	6,0	5,2
84,49	49,99	5,5	6,0	5,2
84,51	49,99	5,5	6,0	5,2
84,54	49,99	5,5	6,0	5,2
84,56	49,99	5,5	6,0	5,2
84,59	49,99	5,5	6,0	5,2
84,61	49,99	5,5	6,0	5,2
84,63	49,99	5,5	6,0	5,2
84,66	49,99	5,5	6,0	5,2
84,68	49,99	5,5	6,0	5,2
84,71	49,99	5,5	6,0	5,2
84,73	49,99	5,5	6,0	5,2
84,76	49,99	5,5	6,0	5,2
84,78	49,99	5,5	6,0	5,2
84,81	49,99	5,5	6,0	5,2
84,83	49,99	5,5	6,0	5,2
84,85	49,99	5,5	6,0	5,2
84,88	49,99	5,5	6,0	5,2
84,90	49,99	5,5	6,0	5,2
84,93	49,99	5,5	6,0	5,2
84,95	49,99	5,5	6,0	5,2
84,98	49,99	5,5	6,0	5,2
85,00	49,99	5,5	6,0	5,2
85,03	49,99	5,5	6,0	5,2
85,05	49,99	5,5	6,0	5,2
85,07	49,99	5,5	6,0	5,2
85,10	49,99	5,5	6,0	5,2
85,12	49,99	5,5	6,0	5,2
85,15	49,99	5,5	6,0	5,2
85,17	49,99	5,5	6,0	5,2
85,20	49,99	5,5	6,0	5,2
85,22	49,99	5,5	6,0	5,2
85,25	49,99	5,5	6,0	5,2
85,27	49,99	5,5	6,0	5,2
85,29	49,99	5,5	6,0	5,2
85,32	49,99	5,5	6,0	5,2
85,34	49,99	5,5	6,0	5,2
85,37	49,99	5,5	6,0	5,2
85,39	49,99	5,5	6,0	5,2
85,42	49,99	5,5	6,0	5,2
85,44	49,99	5,5	6,0	5,2
85,47	49,99	5,5	6,0	5,2
85,49	49,99	5,5	6,0	5,2
85,51	49,99	5,5	6,0	5,2
85,54	49,99	5,5	6,0	5,2
85,56	49,99	5,5	6,0	5,2
85,59	49,99	5,5	6,0	5,2
85,61	49,99	5,5	6,0	5,2
85,64	49,99	5,5	6,0	5,2
85,66	49,99	5,5	6,0	5,2
85,68	49,99	5,5	6,0	5,2
85,71	49,99	5,5	6,0	5,2
85,73	49,99	5,5	6,0	5,2
85,76	49,99	5,5	6,0	5,2
85,78	49,99	5,5	6,0	5,2
85,81	49,99	5,5	6,0	5,2
85,83	49,99	5,5	6,0	5,2
85,86	49,99	5,5	6,0	5,2
85,88	49,99	5,5	6,0	5,2
85,90	49,99	5,5	6,0	5,2
85,93	49,99	5,5	6,0	5,2
85,95	49,99	5,5	6,0	5,2
85,98	49,99	5,5	6,0	5,2
86,00	49,99	5,5	6,0	5,2
86,03	49,99	5,5	6,0	5,2
86,05	49,99	5,5	6,0	5,2
86,08	49,99	5,5	6,0	5,2
86,10	49,99	5,5	6,0	5,2
86,12	49,99	5,5	6,0	5,2
86,15	49,99	5,5	6,0	5,2
86,17	49,99	5,5	6,0	5,2
86,20	49,99	5,5	6,0	5,2
86,22	49,99	5,5	6,0	5,2
86,25	49,99	5,5	6,0	5,2
86,27	49,99	5,5	6,0	5,2
86,30	49,99	5,5	6,0	5,2
86,32	49,99	5,5	6,0	5,2
86,34	49,99	5,5	6,0	5,2
86,37	49,99	5,5	6,0	5,2
86,39	49,99	5,5	6,0	5,2
86,42	49,99	5,5	6,0	5,2
86,44	49,99	5,5	6,0	5,2
86,47	49,99	5,5	6,0	5,2
86,49	49,99	5,5	6,0	5,2
86,52	49,99	5,5	6,0	5,2
86,54	49,99	5,5	6,0	5,2
86,56	49,99	5,5	6,0	5,2
86,59	49,99	5,5	6,0	5,2
86,61	49,99	5,5	6,0	5,2
86,64	49,99	5,5	6,0	5,2
86,66	49,99	5,5	6,0	5,2
86,69	49,99	5,5	6,0	5,2
86,71	49,99	5,5	6,0	5,2
86,73	49,99	5,5	6,0	5,2
86,76	49,99	5,5	6,0	5,2
86,78	49,99	5,5	6,0	5,2
86,81	49,99	5,5	6,0	5,2
86,83	49,99	5,5	6,0	5,2
86,86	49,99	5,5	6,0	5,2
86,88	49,99	5,5	6,0	5,2
86,91	49,99	5,5	6,0	5,2
86,93	49,99	5,5	6,0	5,2
86,95	49,99	5,5	6,0	5,2
86,98	49,99	5,5	6,0	5,2
87,00	49,99	5,5	6,0	5,2
87,03	49,99	5,5	6,0	5,2
87,05	49,99	5,5	6,0	5,2
87,08	49,99	5,5	6,0	5,2
87,10	49,99	5,5	6,0	5,2
87,13	49,99	5,5	6,0	5,2
87,15	49,99	5,5	6,0	5,2
87,17	49,99	5,5	6,0	5,2
87,20	49,99	5,5	6,0	5,2
87,22	49,99	5,5	6,0	5,2
87,25	49,99	5,5	6,0	5,2
87,27	49,99	5,5	6,0	5,2
87,30	49,99	5,5	6,0	5,2
87,32	49,99	5,5	6,0	5,2
87,35	49,99	5,5	6,0	5,2
87,37	49,99	5,5	6,0	5,2
87,39	49,99	5,5	6,0	5,2
87,42	49,99	5,5	6,0	5,2
87,44	49,99	5,5	6,0	5,2
87,47	49,99	5,5	6,0	5,2
87,49	49,99	5,5	6,0	5,2
87,52	49,99	5,5	6,0	5,2
87,54	49,99	5,5	6,0	5,2
87,57	49,99	5,5	6,0	5,2
87,59	49,99	5,5	6,0	5,2
87,61	49,99	5,5	6,0	5,2
87,64	49,99	5,5	6,0	5,2
87,66	49,99	5,5	6,0	5,2
87,69	49,99	5,5	6,0	5,2
87,71	49,99	5,5	6,0	5,2
87,74	49,99	5,5	6,0	5,2
87,76	49,99	5,5	6,0	5,2
87,78	49,99	5,5	6,0	5,2
87,81	49,99	5,5	6,0	5,2
87,83	49,99	5,5	6,0	5,2
87,86	49,99	5,5	6,0	5,2
87,88	49,99	5,5	6,0	5,2
87,91	49,99	5,5	6,0	5,2
87,93	49,99	5,5	6,0	5,2
87,96	49,99	5,5	6,0	5,2
87,98	49,99	5,5	6,0	5,2
88,00	49,99	5,5	6,0	5,2
88,03	49,99	5,5	6,0	5,2
88,05	49,99	5,5	6,0	5,2
88,08	49,99	5,5	6,0	5,2
88,10	49,99	5,5	6,0	5,2
88,13	49,99	5,5	6,0	5,2
88,15	49,99	5,5	6,0	5,2
88,18	49,99	5,5	6,0	5,2
88,20	49,99	5,5	6,0	5,2
88,22	49,99	5,5	6,0	5,2
88,25	49,99	5,5	6,0	5,2
88,27	49,99	5,5	6,0	5,2
88,30	49,99	5,5	6,0	5,2
88,32	49,99	5,5	6,0	5,2
88,35	49,99	5,5	6,0	5,2
88,37	49,99	5,5	6,0	5,2
88,40	49,99	5,5	6,0	5,2
88,42	49,99	5,5	6,0	5,2
88,44	49,99	5,5	6,0	5,2
88,47	49,99	5,5	6,0	5,2
88,49	49,99	5,5	6,0	5,2
88,52	49,99	5,5	6,0	5,2
88,54	49,99	5,5	6,0	5,2
88,57	49,99	5,5	6,0	5,2
88,59	49,99	5,5	6,0	5,2
88,62	49,99	5,5	6,0	5,2
88,64	49,99	5,5	6,0	5,2
88,66	49,99	5,5	6,0	5,2
88,69	49,99	5,5	6,0	5,2
88,71	49,99	5,5	6,0	5,2
88,74	49,99	5,5	6,0	5,2
88,76	49,99	5,5	6,0	5,2
88,79	49,99	5,5	6,0	5,2
88,81	49,99	5,5	6,0	5,2
88,83	49,99	5,5	6,0	5,2
88,86	49,99	5,5	6,0	5,2
88,88	49,99	5,5	6,0	5,2
88,91	49,99	5,5	6,0	5,2
88,93	49,99	5,5	6,0	5,2
88,96	49,99	5,5	6,0	5,2
88,98	49,99	5,5	6,0	5,2
89,01	49,99	5,5	6,0	5,2
89,03	49,99	5,5	6,0	5,2
89,05	49,99	5,5	6,0	5,2
89,08	49,99	5,5	6,0	5,2
89,10	49,99	5,5	6,0	5,2
89,13	49,99	5,5	6,0	5,2
89,15	49,99	5,5	6,0	5,2
89,18	49,99	5,5	6,0	5,2
89,20	49,99	5,5	6,0	5,2
89,23	49,99	5,5	6,0	5,2
89,25	49,99	5,5	6,0	5,2
89,27	49,99	5,5	6,0	5,2
89,30	49,99	5,5	6,0	5,2
89,32	49,99	5,5	6,0	5,2
89,35	49,99	5,5	6,0	5,2
89,37	49,99	5,5	6,0	5,2
89,40	49,99	5,5	6,0	5,2
89,42	49,99	5,5	6,0	5,2
89,45	49,99	5,5	6,0	5,2
89,47	49,99	5,5	6,0	5,2
89,49	49,99	5,5	6,0	5,2
89,52	49,99	5,5	6,0	5,2
89,54	49,99	5,5	6,0	5,2
89,57	49,99	5,5	6,0	5,2
89,59	49,99	5,5	6,0	5,2
89,62	49,99	5,5	6,0	5,2
89,64	49,99	5,5	6,0	5,2
89,67	49,99	5,5	6,0	5,2
89,69	49,99	5,5	6,0	5,2
89,71	49,99	5,5	6,0	5,2
89,74	49,99	5,5	6,0	5,2
89,76	49,99	5,5	6,0	5,2
89,79	49,99	5,5	6,0	5,2
89,81	49,99	5,5	6,0	5,2
89,84	49,99	5,5	6,0	5,2
89,86	49,99	5,5	6,0	5,2
89,89	49,99	5,5	6,0	5,2
89,91	49,99	5,5	6,0	5,2
89,93	49,99	5,5	6,0	5,2
89,96	49,99	5,5	6,0	5,2
89,98	49,99	5,5	6,0	5,2
