Voltage U1	Corriente IA	Voltage U2	Voltage U3	Voltage UH
U1/V	IA/nA	U2/V	U3/V	UH/V

0,02	0,10	3,5	6,0	4,7
0,04	0,10	3,5	6,0	4,7
0,07	0,10	3,5	6,0	4,7
0,09	0,11	3,5	6,0	4,7
0,12	0,13	3,5	6,0	4,7
0,14	0,12	3,5	6,0	4,7
0,17	0,13	3,5	6,0	4,7
0,19	0,14	3,5	6,0	4,7
0,21	0,14	3,5	6,0	4,7
0,24	0,14	3,5	6,0	4,7
0,26	0,15	3,5	6,0	4,7
0,29	0,16	3,5	6,0	4,7
0,31	0,16	3,5	6,0	4,7
0,34	0,16	3,5	6,0	4,7
0,36	0,16	3,5	6,0	4,7
0,39	0,17	3,5	6,0	4,7
0,41	0,17	3,5	6,0	4,7
0,43	0,18	3,5	6,0	4,7
0,46	0,18	3,5	6,0	4,7
0,48	0,18	3,5	6,0	4,7
0,51	0,18	3,5	6,0	4,7
0,53	0,19	3,5	6,0	4,7
0,56	0,20	3,5	6,0	4,7
0,58	0,20	3,5	6,0	4,7
0,61	0,20	3,5	6,0	4,7
0,63	0,20	3,5	6,0	4,7
0,65	0,20	3,5	6,0	4,7
0,68	0,20	3,5	6,0	4,7
0,70	0,20	3,5	6,0	4,7
0,73	0,20	3,5	6,0	4,7
0,75	0,20	3,5	6,0	4,7
0,78	0,20	3,5	6,0	4,7
0,80	0,21	3,5	6,0	4,7
0,83	0,21	3,5	6,0	4,7
0,85	0,21	3,5	6,0	4,7
0,87	0,22	3,5	6,0	4,7
0,90	0,21	3,5	6,0	4,7
0,92	0,21	3,5	6,0	4,7
0,95	0,23	3,5	6,0	4,7
0,97	0,23	3,5	6,0	4,7
1,00	0,24	3,5	6,0	4,7
1,02	0,23	3,5	6,0	4,7
1,05	0,23	3,5	6,0	4,7
1,07	0,23	3,5	6,0	4,7
1,09	0,23	3,5	6,0	4,7
1,12	0,24	3,5	6,0	4,7
1,14	0,24	3,5	6,0	4,7
1,17	0,24	3,5	6,0	4,7
1,19	0,24	3,5	6,0	4,7
1,22	0,23	3,5	6,0	4,7
1,24	0,25	3,5	6,0	4,7
1,26	0,25	3,5	6,0	4,7
1,29	0,26	3,5	6,0	4,7
1,31	0,25	3,5	6,0	4,7
1,34	0,25	3,5	6,0	4,7
1,36	0,25	3,5	6,0	4,7
1,39	0,26	3,5	6,0	4,7
1,41	0,26	3,5	6,0	4,7
1,44	0,26	3,5	6,0	4,7
1,46	0,26	3,5	6,0	4,7
1,48	0,26	3,5	6,0	4,7
1,51	0,26	3,5	6,0	4,7
1,53	0,26	3,5	6,0	4,7
1,56	0,26	3,5	6,0	4,7
1,58	0,27	3,5	6,0	4,7
1,61	0,26	3,5	6,0	4,7
1,63	0,26	3,5	6,0	4,7
1,66	0,27	3,5	6,0	4,7
1,68	0,28	3,5	6,0	4,7
1,70	0,28	3,5	6,0	4,7
1,73	0,29	3,5	6,0	4,7
1,75	0,28	3,5	6,0	4,7
1,78	0,27	3,5	6,0	4,7
1,80	0,28	3,5	6,0	4,7
1,83	0,29	3,5	6,0	4,7
1,85	0,29	3,5	6,0	4,7
1,88	0,29	3,5	6,0	4,7
1,90	0,28	3,5	6,0	4,7
1,92	0,29	3,5	6,0	4,7
1,95	0,29	3,5	6,0	4,7
1,97	0,30	3,5	6,0	4,7
2,00	0,30	3,5	6,0	4,7
2,02	0,30	3,5	6,0	4,7
2,05	0,30	3,5	6,0	4,7
2,07	0,31	3,5	6,0	4,7
2,10	0,31	3,5	6,0	4,7
2,12	0,32	3,5	6,0	4,7
2,14	0,32	3,5	6,0	4,7
2,17	0,33	3,5	6,0	4,7
2,19	0,32	3,5	6,0	4,7
2,22	0,32	3,5	6,0	4,7
2,24	0,32	3,5	6,0	4,7
2,27	0,33	3,5	6,0	4,7
2,29	0,33	3,5	6,0	4,7
2,31	0,33	3,5	6,0	4,7
2,34	0,32	3,5	6,0	4,7
2,36	0,33	3,5	6,0	4,7
2,39	0,33	3,5	6,0	4,7
2,41	0,33	3,5	6,0	4,7
2,44	0,33	3,5	6,0	4,7
2,46	0,33	3,5	6,0	4,7
2,49	0,33	3,5	6,0	4,7
2,51	0,34	3,5	6,0	4,7
2,53	0,34	3,5	6,0	4,7
2,56	0,35	3,5	6,0	4,7
2,58	0,35	3,5	6,0	4,7
2,61	0,35	3,5	6,0	4,7
2,63	0,35	3,5	6,0	4,7
2,66	0,35	3,5	6,0	4,7
2,68	0,36	3,5	6,0	4,7
2,71	0,36	3,5	6,0	4,7
2,73	0,36	3,5	6,0	4,7
2,75	0,36	3,5	6,0	4,7
2,78	0,36	3,5	6,0	4,7
2,80	0,36	3,5	6,0	4,7
2,83	0,36	3,5	6,0	4,7
2,85	0,37	3,5	6,0	4,7
2,88	0,36	3,5	6,0	4,7
2,90	0,36	3,5	6,0	4,7
2,93	0,36	3,5	6,0	4,7
2,95	0,37	3,5	6,0	4,7
2,97	0,37	3,5	6,0	4,7
3,00	0,38	3,5	6,0	4,7
3,02	0,38	3,5	6,0	4,7
3,05	0,38	3,5	6,0	4,7
3,07	0,37	3,5	6,0	4,7
3,10	0,37	3,5	6,0	4,7
3,12	0,38	3,5	6,0	4,7
3,15	0,38	3,5	6,0	4,7
3,17	0,38	3,5	6,0	4,7
3,19	0,38	3,5	6,0	4,7
3,22	0,38	3,5	6,0	4,7
3,24	0,38	3,5	6,0	4,7
3,27	0,39	3,5	6,0	4,7
3,29	0,40	3,5	6,0	4,7
3,32	0,39	3,5	6,0	4,7
3,34	0,38	3,5	6,0	4,7
3,36	0,40	3,5	6,0	4,7
3,39	0,40	3,5	6,0	4,7
3,41	0,40	3,5	6,0	4,7
3,44	0,41	3,5	6,0	4,7
3,46	0,40	3,5	6,0	4,7
3,49	0,40	3,5	6,0	4,7
3,51	0,39	3,5	6,0	4,7
3,54	0,41	3,5	6,0	4,7
3,56	0,41	3,5	6,0	4,7
3,58	0,41	3,5	6,0	4,7
3,61	0,41	3,5	6,0	4,7
3,63	0,41	3,5	6,0	4,7
3,66	0,41	3,5	6,0	4,7
3,68	0,41	3,5	6,0	4,7
3,71	0,43	3,5	6,0	4,7
3,73	0,43	3,5	6,0	4,7
3,76	0,42	3,5	6,0	4,7
3,78	0,42	3,5	6,0	4,7
3,80	0,43	3,5	6,0	4,7
3,83	0,44	3,5	6,0	4,7
3,85	0,44	3,5	6,0	4,7
3,88	0,43	3,5	6,0	4,7
3,90	0,43	3,5	6,0	4,7
3,93	0,43	3,5	6,0	4,7
3,95	0,43	3,5	6,0	4,7
3,98	0,42	3,5	6,0	4,7
4,00	0,43	3,5	6,0	4,7
4,02	0,43	3,5	6,0	4,7
4,05	0,43	3,5	6,0	4,7
4,07	0,43	3,5	6,0	4,7
4,10	0,44	3,5	6,0	4,7
4,12	0,44	3,5	6,0	4,7
4,15	0,45	3,5	6,0	4,7
4,17	0,45	3,5	6,0	4,7
4,20	0,44	3,5	6,0	4,7
4,22	0,44	3,5	6,0	4,7
4,24	0,45	3,5	6,0	4,7
4,27	0,45	3,5	6,0	4,7
4,29	0,45	3,5	6,0	4,7
4,32	0,44	3,5	6,0	4,7
4,34	0,44	3,5	6,0	4,7
4,37	0,44	3,5	6,0	4,7
4,39	0,44	3,5	6,0	4,7
4,42	0,45	3,5	6,0	4,7
4,44	0,44	3,5	6,0	4,7
4,46	0,44	3,5	6,0	4,7
4,49	0,45	3,5	6,0	4,7
4,51	0,45	3,5	6,0	4,7
4,54	0,46	3,5	6,0	4,7
4,56	0,46	3,5	6,0	4,7
4,59	0,47	3,5	6,0	4,7
4,61	0,46	3,5	6,0	4,7
4,63	0,45	3,5	6,0	4,7
4,66	0,46	3,5	6,0	4,7
4,68	0,47	3,5	6,0	4,7
4,71	0,47	3,5	6,0	4,7
4,73	0,46	3,5	6,0	4,7
4,76	0,46	3,5	6,0	4,7
4,78	0,46	3,5	6,0	4,7
4,81	0,46	3,5	6,0	4,7
4,83	0,47	3,5	6,0	4,7
4,85	0,47	3,5	6,0	4,7
4,88	0,47	3,5	6,0	4,7
4,90	0,47	3,5	6,0	4,7
4,93	0,48	3,5	6,0	4,7
4,95	0,48	3,5	6,0	4,7
4,98	0,49	3,5	6,0	4,7
5,00	0,49	3,5	6,0	4,7
5,03	0,50	3,5	6,0	4,7
5,05	0,49	3,5	6,0	4,7
5,07	0,48	3,5	6,0	4,7
5,10	0,49	3,5	6,0	4,7
5,12	0,50	3,5	6,0	4,7
5,15	0,49	3,5	6,0	4,7
5,17	0,49	3,5	6,0	4,7
5,20	0,48	3,5	6,0	4,7
5,22	0,49	3,5	6,0	4,7
5,25	0,48	3,5	6,0	4,7
5,27	0,49	3,5	6,0	4,7
5,29	0,49	3,5	6,0	4,7
5,32	0,49	3,5	6,0	4,7
5,34	0,49	3,5	6,0	4,7
5,37	0,50	3,5	6,0	4,7
5,39	0,50	3,5	6,0	4,7
5,42	0,50	3,5	6,0	4,7
5,44	0,50	3,5	6,0	4,7
5,47	0,51	3,5	6,0	4,7
5,49	0,50	3,5	6,0	4,7
5,51	0,50	3,5	6,0	4,7
5,54	0,51	3,5	6,0	4,7
5,56	0,51	3,5	6,0	4,7
5,59	0,51	3,5	6,0	4,7
5,61	0,51	3,5	6,0	4,7
5,64	0,50	3,5	6,0	4,7
5,66	0,50	3,5	6,0	4,7
5,68	0,50	3,5	6,0	4,7
5,71	0,51	3,5	6,0	4,7
5,73	0,51	3,5	6,0	4,7
5,76	0,50	3,5	6,0	4,7
5,78	0,51	3,5	6,0	4,7
5,81	0,51	3,5	6,0	4,7
5,83	0,52	3,5	6,0	4,7
5,86	0,52	3,5	6,0	4,7
5,88	0,52	3,5	6,0	4,7
5,90	0,53	3,5	6,0	4,7
5,93	0,52	3,5	6,0	4,7
5,95	0,52	3,5	6,0	4,7
5,98	0,53	3,5	6,0	4,7
6,00	0,53	3,5	6,0	4,7
6,03	0,53	3,5	6,0	4,7
6,05	0,52	3,5	6,0	4,7
6,08	0,52	3,5	6,0	4,7
6,10	0,52	3,5	6,0	4,7
6,12	0,52	3,5	6,0	4,7
6,15	0,53	3,5	6,0	4,7
6,17	0,52	3,5	6,0	4,7
6,20	0,52	3,5	6,0	4,7
6,22	0,53	3,5	6,0	4,7
6,25	0,54	3,5	6,0	4,7
6,27	0,54	3,5	6,0	4,7
6,30	0,54	3,5	6,0	4,7
6,32	0,55	3,5	6,0	4,7
6,34	0,54	3,5	6,0	4,7
6,37	0,54	3,5	6,0	4,7
6,39	0,55	3,5	6,0	4,7
6,42	0,55	3,5	6,0	4,7
6,44	0,55	3,5	6,0	4,7
6,47	0,55	3,5	6,0	4,7
6,49	0,55	3,5	6,0	4,7
6,52	0,55	3,5	6,0	4,7
6,54	0,55	3,5	6,0	4,7
6,56	0,55	3,5	6,0	4,7
6,59	0,56	3,5	6,0	4,7
6,61	0,55	3,5	6,0	4,7
6,64	0,55	3,5	6,0	4,7
6,66	0,56	3,5	6,0	4,7
6,69	0,56	3,5	6,0	4,7
6,71	0,57	3,5	6,0	4,7
6,73	0,57	3,5	6,0	4,7
6,76	0,56	3,5	6,0	4,7
6,78	0,56	3,5	6,0	4,7
6,81	0,55	3,5	6,0	4,7
6,83	0,56	3,5	6,0	4,7
6,86	0,56	3,5	6,0	4,7
6,88	0,55	3,5	6,0	4,7
6,91	0,56	3,5	6,0	4,7
6,93	0,55	3,5	6,0	4,7
6,95	0,56	3,5	6,0	4,7
6,98	0,56	3,5	6,0	4,7
7,00	0,57	3,5	6,0	4,7
7,03	0,57	3,5	6,0	4,7
7,05	0,56	3,5	6,0	4,7
7,08	0,56	3,5	6,0	4,7
7,10	0,57	3,5	6,0	4,7
7,13	0,57	3,5	6,0	4,7
7,15	0,58	3,5	6,0	4,7
7,17	0,57	3,5	6,0	4,7
7,20	0,57	3,5	6,0	4,7
7,22	0,56	3,5	6,0	4,7
7,25	0,56	3,5	6,0	4,7
7,27	0,57	3,5	6,0	4,7
7,30	0,57	3,5	6,0	4,7
7,32	0,57	3,5	6,0	4,7
7,35	0,57	3,5	6,0	4,7
7,37	0,57	3,5	6,0	4,7
7,39	0,58	3,5	6,0	4,7
7,42	0,58	3,5	6,0	4,7
7,44	0,58	3,5	6,0	4,7
7,47	0,59	3,5	6,0	4,7
7,49	0,58	3,5	6,0	4,7
7,52	0,58	3,5	6,0	4,7
7,54	0,59	3,5	6,0	4,7
7,57	0,59	3,5	6,0	4,7
7,59	0,59	3,5	6,0	4,7
7,61	0,58	3,5	6,0	4,7
7,64	0,58	3,5	6,0	4,7
7,66	0,58	3,5	6,0	4,7
7,69	0,59	3,5	6,0	4,7
7,71	0,59	3,5	6,0	4,7
7,74	0,59	3,5	6,0	4,7
7,76	0,59	3,5	6,0	4,7
7,78	0,60	3,5	6,0	4,7
7,81	0,60	3,5	6,0	4,7
7,83	0,61	3,5	6,0	4,7
7,86	0,61	3,5	6,0	4,7
7,88	0,61	3,5	6,0	4,7
7,91	0,59	3,5	6,0	4,7
7,93	0,59	3,5	6,0	4,7
7,96	0,61	3,5	6,0	4,7
7,98	0,61	3,5	6,0	4,7
8,00	0,60	3,5	6,0	4,7
8,03	0,60	3,5	6,0	4,7
8,05	0,60	3,5	6,0	4,7
8,08	0,60	3,5	6,0	4,7
8,10	0,60	3,5	6,0	4,7
8,13	0,61	3,5	6,0	4,7
8,15	0,62	3,5	6,0	4,7
8,18	0,61	3,5	6,0	4,7
8,20	0,61	3,5	6,0	4,7
8,22	0,62	3,5	6,0	4,7
8,25	0,62	3,5	6,0	4,7
8,27	0,62	3,5	6,0	4,7
8,30	0,62	3,5	6,0	4,7
8,32	0,62	3,5	6,0	4,7
8,35	0,61	3,5	6,0	4,7
8,37	0,61	3,5	6,0	4,7
8,40	0,62	3,5	6,0	4,7
8,42	0,62	3,5	6,0	4,7
8,44	0,62	3,5	6,0	4,7
8,47	0,62	3,5	6,0	4,7
8,49	0,62	3,5	6,0	4,7
8,52	0,62	3,5	6,0	4,7
8,54	0,61	3,5	6,0	4,7
8,57	0,62	3,5	6,0	4,7
8,59	0,63	3,5	6,0	4,7
8,62	0,62	3,5	6,0	4,7
8,64	0,62	3,5	6,0	4,7
8,66	0,63	3,5	6,0	4,7
8,69	0,63	3,5	6,0	4,7
8,71	0,63	3,5	6,0	4,7
8,74	0,63	3,5	6,0	4,7
8,76	0,63	3,5	6,0	4,7
8,79	0,62	3,5	6,0	4,7
8,81	0,62	3,5	6,0	4,7
8,84	0,63	3,5	6,0	4,7
8,86	0,64	3,5	6,0	4,7
8,88	0,63	3,5	6,0	4,7
8,91	0,63	3,5	6,0	4,7
8,93	0,63	3,5	6,0	4,7
8,96	0,63	3,5	6,0	4,7
8,98	0,64	3,5	6,0	4,7
9,01	0,64	3,5	6,0	4,7
9,03	0,64	3,5	6,0	4,7
9,05	0,63	3,5	6,0	4,7
9,08	0,64	3,5	6,0	4,7
9,10	0,65	3,5	6,0	4,7
9,13	0,65	3,5	6,0	4,7
9,15	0,66	3,5	6,0	4,7
9,18	0,65	3,5	6,0	4,7
9,20	0,65	3,5	6,0	4,7
9,23	0,64	3,5	6,0	4,7
9,25	0,65	3,5	6,0	4,7
9,27	0,65	3,5	6,0	4,7
9,30	0,65	3,5	6,0	4,7
9,32	0,65	3,5	6,0	4,7
9,35	0,65	3,5	6,0	4,7
9,37	0,64	3,5	6,0	4,7
9,40	0,65	3,5	6,0	4,7
9,42	0,66	3,5	6,0	4,7
9,45	0,66	3,5	6,0	4,7
9,47	0,65	3,5	6,0	4,7
9,49	0,65	3,5	6,0	4,7
9,52	0,66	3,5	6,0	4,7
9,54	0,66	3,5	6,0	4,7
9,57	0,67	3,5	6,0	4,7
9,59	0,67	3,5	6,0	4,7
9,62	0,67	3,5	6,0	4,7
9,64	0,65	3,5	6,0	4,7
9,67	0,65	3,5	6,0	4,7
9,69	0,66	3,5	6,0	4,7
9,71	0,66	3,5	6,0	4,7
9,74	0,66	3,5	6,0	4,7
9,76	0,66	3,5	6,0	4,7
9,79	0,66	3,5	6,0	4,7
9,81	0,66	3,5	6,0	4,7
9,84	0,66	3,5	6,0	4,7
9,86	0,67	3,5	6,0	4,7
9,89	0,67	3,5	6,0	4,7
9,91	0,66	3,5	6,0	4,7
9,93	0,67	3,5	6,0	4,7
9,96	0,68	3,5	6,0	4,7
9,98	0,68	3,5	6,0	4,7
10,01	0,68	3,5	6,0	4,7
10,03	0,68	3,5	6,0	4,7
10,06	0,67	3,5	6,0	4,7
10,08	0,67	3,5	6,0	4,7
10,10	0,66	3,5	6,0	4,7
10,13	0,67	3,5	6,0	4,7
10,15	0,68	3,5	6,0	4,7
10,18	0,67	3,5	6,0	4,7
10,20	0,67	3,5	6,0	4,7
10,23	0,67	3,5	6,0	4,7
10,25	0,68	3,5	6,0	4,7
10,28	0,68	3,5	6,0	4,7
10,30	0,69	3,5	6,0	4,7
10,32	0,69	3,5	6,0	4,7
10,35	0,68	3,5	6,0	4,7
10,37	0,69	3,5	6,0	4,7
10,40	0,69	3,5	6,0	4,7
10,42	0,69	3,5	6,0	4,7
10,45	0,70	3,5	6,0	4,7
10,47	0,69	3,5	6,0	4,7
10,50	0,69	3,5	6,0	4,7
10,52	0,68	3,5	6,0	4,7
10,54	0,68	3,5	6,0	4,7
10,57	0,69	3,5	6,0	4,7
10,59	0,69	3,5	6,0	4,7
10,62	0,69	3,5	6,0	4,7
10,64	0,69	3,5	6,0	4,7
10,67	0,69	3,5	6,0	4,7
10,69	0,70	3,5	6,0	4,7
10,72	0,70	3,5	6,0	4,7
10,74	0,70	3,5	6,0	4,7
10,76	0,70	3,5	6,0	4,7
10,79	0,69	3,5	6,0	4,7
10,81	0,70	3,5	6,0	4,7
10,84	0,70	3,5	6,0	4,7
10,86	0,70	3,5	6,0	4,7
10,89	0,70	3,5	6,0	4,7
10,91	0,69	3,5	6,0	4,7
10,94	0,69	3,5	6,0	4,7
10,96	0,69	3,5	6,0	4,7
10,98	0,70	3,5	6,0	4,7
11,01	0,70	3,5	6,0	4,7
11,03	0,69	3,5	6,0	4,7
11,06	0,69	3,5	6,0	4,7
11,08	0,70	3,5	6,0	4,7
11,11	0,70	3,5	6,0	4,7
11,13	0,71	3,5	6,0	4,7
11,15	0,71	3,5	6,0	4,7
11,18	0,71	3,5	6,0	4,7
11,20	0,70	3,5	6,0	4,7
11,23	0,70	3,5	6,0	4,7
11,25	0,71	3,5	6,0	4,7
11,28	0,70	3,5	6,0	4,7
11,30	0,70	3,5	6,0	4,7
11,33	0,70	3,5	6,0	4,7
11,35	0,70	3,5	6,0	4,7
11,37	0,69	3,5	6,0	4,7
11,40	0,70	3,5	6,0	4,7
11,42	0,71	3,5	6,0	4,7
11,45	0,71	3,5	6,0	4,7
11,47	0,70	3,5	6,0	4,7
11,50	0,70	3,5	6,0	4,7
11,52	0,71	3,5	6,0	4,7
11,55	0,71	3,5	6,0	4,7
11,57	0,71	3,5	6,0	4,7
11,59	0,71	3,5	6,0	4,7
11,62	0,71	3,5	6,0	4,7
11,64	0,70	3,5	6,0	4,7
11,67	0,70	3,5	6,0	4,7
11,69	0,72	3,5	6,0	4,7
11,72	0,72	3,5	6,0	4,7
11,74	0,71	3,5	6,0	4,7
11,77	0,71	3,5	6,0	4,7
11,79	0,71	3,5	6,0	4,7
11,81	0,71	3,5	6,0	4,7
11,84	0,71	3,5	6,0	4,7
11,86	0,72	3,5	6,0	4,7
11,89	0,72	3,5	6,0	4,7
11,91	0,71	3,5	6,0	4,7
11,94	0,72	3,5	6,0	4,7
11,96	0,72	3,5	6,0	4,7
11,99	0,73	3,5	6,0	4,7
12,01	0,72	3,5	6,0	4,7
12,03	0,72	3,5	6,0	4,7
12,06	0,72	3,5	6,0	4,7
12,08	0,72	3,5	6,0	4,7
12,11	0,72	3,5	6,0	4,7
12,13	0,73	3,5	6,0	4,7
12,16	0,72	3,5	6,0	4,7
12,18	0,72	3,5	6,0	4,7
12,21	0,72	3,5	6,0	4,7
12,23	0,72	3,5	6,0	4,7
12,25	0,72	3,5	6,0	4,7
12,28	0,73	3,5	6,0	4,7
12,30	0,73	3,5	6,0	4,7
12,33	0,73	3,5	6,0	4,7
12,35	0,73	3,5	6,0	4,7
12,38	0,74	3,5	6,0	4,7
12,40	0,74	3,5	6,0	4,7
12,42	0,74	3,5	6,0	4,7
12,45	0,74	3,5	6,0	4,7
12,47	0,74	3,5	6,0	4,7
12,50	0,73	3,5	6,0	4,7
12,52	0,73	3,5	6,0	4,7
12,55	0,74	3,5	6,0	4,7
12,57	0,74	3,5	6,0	4,7
12,60	0,74	3,5	6,0	4,7
12,62	0,74	3,5	6,0	4,7
12,64	0,74	3,5	6,0	4,7
12,67	0,74	3,5	6,0	4,7
12,69	0,74	3,5	6,0	4,7
12,72	0,75	3,5	6,0	4,7
12,74	0,75	3,5	6,0	4,7
12,77	0,74	3,5	6,0	4,7
12,79	0,75	3,5	6,0	4,7
12,82	0,76	3,5	6,0	4,7
12,84	0,76	3,5	6,0	4,7
12,86	0,76	3,5	6,0	4,7
12,89	0,76	3,5	6,0	4,7
12,91	0,76	3,5	6,0	4,7
12,94	0,75	3,5	6,0	4,7
12,96	0,75	3,5	6,0	4,7
12,99	0,76	3,5	6,0	4,7
13,01	0,76	3,5	6,0	4,7
13,04	0,75	3,5	6,0	4,7
13,06	0,75	3,5	6,0	4,7
13,08	0,75	3,5	6,0	4,7
13,11	0,76	3,5	6,0	4,7
13,13	0,76	3,5	6,0	4,7
13,16	0,77	3,5	6,0	4,7
13,18	0,76	3,5	6,0	4,7
13,21	0,76	3,5	6,0	4,7
13,23	0,76	3,5	6,0	4,7
13,26	0,76	3,5	6,0	4,7
13,28	0,76	3,5	6,0	4,7
13,30	0,76	3,5	6,0	4,7
13,33	0,75	3,5	6,0	4,7
13,35	0,74	3,5	6,0	4,7
13,38	0,73	3,5	6,0	4,7
13,40	0,73	3,5	6,0	4,7
13,43	0,74	3,5	6,0	4,7
13,45	0,74	3,5	6,0	4,7
13,47	0,73	3,5	6,0	4,7
13,50	0,73	3,5	6,0	4,7
13,52	0,72	3,5	6,0	4,7
13,55	0,73	3,5	6,0	4,7
13,57	0,72	3,5	6,0	4,7
13,60	0,73	3,5	6,0	4,7
13,62	0,72	3,5	6,0	4,7
13,65	0,71	3,5	6,0	4,7
13,67	0,71	3,5	6,0	4,7
13,69	0,71	3,5	6,0	4,7
13,72	0,70	3,5	6,0	4,7
13,74	0,69	3,5	6,0	4,7
13,77	0,67	3,5	6,0	4,7
13,79	0,66	3,5	6,0	4,7
13,82	0,65	3,5	6,0	4,7
13,84	0,65	3,5	6,0	4,7
13,87	0,65	3,5	6,0	4,7
13,89	0,64	3,5	6,0	4,7
13,91	0,63	3,5	6,0	4,7
13,94	0,63	3,5	6,0	4,7
13,96	0,63	3,5	6,0	4,7
13,99	0,63	3,5	6,0	4,7
14,01	0,63	3,5	6,0	4,7
14,04	0,62	3,5	6,0	4,7
14,06	0,61	3,5	6,0	4,7
14,09	0,60	3,5	6,0	4,7
14,11	0,60	3,5	6,0	4,7
14,13	0,59	3,5	6,0	4,7
14,16	0,58	3,5	6,0	4,7
14,18	0,57	3,5	6,0	4,7
14,21	0,55	3,5	6,0	4,7
14,23	0,54	3,5	6,0	4,7
14,26	0,54	3,5	6,0	4,7
14,28	0,53	3,5	6,0	4,7
14,31	0,53	3,5	6,0	4,7
14,33	0,52	3,5	6,0	4,7
14,35	0,51	3,5	6,0	4,7
14,38	0,51	3,5	6,0	4,7
14,40	0,51	3,5	6,0	4,7
14,43	0,51	3,5	6,0	4,7
14,45	0,50	3,5	6,0	4,7
14,48	0,49	3,5	6,0	4,7
14,50	0,48	3,5	6,0	4,7
14,52	0,48	3,5	6,0	4,7
14,55	0,48	3,5	6,0	4,7
14,57	0,47	3,5	6,0	4,7
14,60	0,45	3,5	6,0	4,7
14,62	0,44	3,5	6,0	4,7
14,65	0,43	3,5	6,0	4,7
14,67	0,42	3,5	6,0	4,7
14,70	0,42	3,5	6,0	4,7
14,72	0,42	3,5	6,0	4,7
14,74	0,41	3,5	6,0	4,7
14,77	0,40	3,5	6,0	4,7
14,79	0,39	3,5	6,0	4,7
14,82	0,39	3,5	6,0	4,7
14,84	0,39	3,5	6,0	4,7
14,87	0,38	3,5	6,0	4,7
14,89	0,38	3,5	6,0	4,7
14,92	0,37	3,5	6,0	4,7
14,94	0,35	3,5	6,0	4,7
14,96	0,35	3,5	6,0	4,7
14,99	0,35	3,5	6,0	4,7
15,01	0,34	3,5	6,0	4,7
15,04	0,32	3,5	6,0	4,7
15,06	0,32	3,5	6,0	4,7
15,09	0,31	3,5	6,0	4,7
15,11	0,31	3,5	6,0	4,7
15,14	0,30	3,5	6,0	4,7
15,16	0,31	3,5	6,0	4,7
15,18	0,30	3,5	6,0	4,7
15,21	0,29	3,5	6,0	4,7
15,23	0,29	3,5	6,0	4,7
15,26	0,29	3,5	6,0	4,7
15,28	0,29	3,5	6,0	4,7
15,31	0,28	3,5	6,0	4,7
15,33	0,27	3,5	6,0	4,7
15,36	0,26	3,5	6,0	4,7
15,38	0,26	3,5	6,0	4,7
15,40	0,26	3,5	6,0	4,7
15,43	0,26	3,5	6,0	4,7
15,45	0,24	3,5	6,0	4,7
15,48	0,24	3,5	6,0	4,7
15,50	0,23	3,5	6,0	4,7
15,53	0,23	3,5	6,0	4,7
15,55	0,23	3,5	6,0	4,7
15,57	0,23	3,5	6,0	4,7
15,60	0,23	3,5	6,0	4,7
15,62	0,23	3,5	6,0	4,7
15,65	0,23	3,5	6,0	4,7
15,67	0,23	3,5	6,0	4,7
15,70	0,22	3,5	6,0	4,7
15,72	0,22	3,5	6,0	4,7
15,75	0,22	3,5	6,0	4,7
15,77	0,21	3,5	6,0	4,7
15,79	0,20	3,5	6,0	4,7
15,82	0,20	3,5	6,0	4,7
15,84	0,20	3,5	6,0	4,7
15,87	0,20	3,5	6,0	4,7
15,89	0,19	3,5	6,0	4,7
15,92	0,19	3,5	6,0	4,7
15,94	0,18	3,5	6,0	4,7
15,97	0,18	3,5	6,0	4,7
15,99	0,18	3,5	6,0	4,7
16,01	0,19	3,5	6,0	4,7
16,04	0,18	3,5	6,0	4,7
16,06	0,17	3,5	6,0	4,7
16,09	0,17	3,5	6,0	4,7
16,11	0,18	3,5	6,0	4,7
16,14	0,18	3,5	6,0	4,7
16,16	0,18	3,5	6,0	4,7
16,19	0,17	3,5	6,0	4,7
16,21	0,17	3,5	6,0	4,7
16,23	0,16	3,5	6,0	4,7
16,26	0,16	3,5	6,0	4,7
16,28	0,17	3,5	6,0	4,7
16,31	0,17	3,5	6,0	4,7
16,33	0,17	3,5	6,0	4,7
16,36	0,17	3,5	6,0	4,7
16,38	0,17	3,5	6,0	4,7
16,41	0,17	3,5	6,0	4,7
16,43	0,17	3,5	6,0	4,7
16,45	0,18	3,5	6,0	4,7
16,48	0,18	3,5	6,0	4,7
16,50	0,17	3,5	6,0	4,7
16,53	0,18	3,5	6,0	4,7
16,55	0,18	3,5	6,0	4,7
16,58	0,19	3,5	6,0	4,7
16,60	0,19	3,5	6,0	4,7
16,63	0,18	3,5	6,0	4,7
16,65	0,18	3,5	6,0	4,7
16,67	0,18	3,5	6,0	4,7
16,70	0,19	3,5	6,0	4,7
16,72	0,19	3,5	6,0	4,7
16,75	0,19	3,5	6,0	4,7
16,77	0,19	3,5	6,0	4,7
16,80	0,20	3,5	6,0	4,7
16,82	0,21	3,5	6,0	4,7
16,84	0,22	3,5	6,0	4,7
16,87	0,22	3,5	6,0	4,7
16,89	0,23	3,5	6,0	4,7
16,92	0,23	3,5	6,0	4,7
16,94	0,23	3,5	6,0	4,7
16,97	0,25	3,5	6,0	4,7
16,99	0,26	3,5	6,0	4,7
17,02	0,26	3,5	6,0	4,7
17,04	0,26	3,5	6,0	4,7
17,06	0,26	3,5	6,0	4,7
17,09	0,27	3,5	6,0	4,7
17,11	0,28	3,5	6,0	4,7
17,14	0,29	3,5	6,0	4,7
17,16	0,30	3,5	6,0	4,7
17,19	0,30	3,5	6,0	4,7
17,21	0,31	3,5	6,0	4,7
17,24	0,32	3,5	6,0	4,7
17,26	0,34	3,5	6,0	4,7
17,28	0,35	3,5	6,0	4,7
17,31	0,37	3,5	6,0	4,7
17,33	0,37	3,5	6,0	4,7
17,36	0,38	3,5	6,0	4,7
17,38	0,39	3,5	6,0	4,7
17,41	0,41	3,5	6,0	4,7
17,43	0,42	3,5	6,0	4,7
17,46	0,42	3,5	6,0	4,7
17,48	0,43	3,5	6,0	4,7
17,50	0,44	3,5	6,0	4,7
17,53	0,45	3,5	6,0	4,7
17,55	0,46	3,5	6,0	4,7
17,58	0,48	3,5	6,0	4,7
17,60	0,49	3,5	6,0	4,7
17,63	0,49	3,5	6,0	4,7
17,65	0,50	3,5	6,0	4,7
17,68	0,52	3,5	6,0	4,7
17,70	0,53	3,5	6,0	4,7
17,72	0,54	3,5	6,0	4,7
17,75	0,54	3,5	6,0	4,7
17,77	0,55	3,5	6,0	4,7
17,80	0,55	3,5	6,0	4,7
17,82	0,56	3,5	6,0	4,7
17,85	0,58	3,5	6,0	4,7
17,87	0,59	3,5	6,0	4,7
17,89	0,59	3,5	6,0	4,7
17,92	0,60	3,5	6,0	4,7
17,94	0,60	3,5	6,0	4,7
17,97	0,61	3,5	6,0	4,7
17,99	0,63	3,5	6,0	4,7
18,02	0,64	3,5	6,0	4,7
18,04	0,64	3,5	6,0	4,7
18,07	0,65	3,5	6,0	4,7
18,09	0,66	3,5	6,0	4,7
18,11	0,67	3,5	6,0	4,7
18,14	0,69	3,5	6,0	4,7
18,16	0,69	3,5	6,0	4,7
18,19	0,70	3,5	6,0	4,7
18,21	0,70	3,5	6,0	4,7
18,24	0,71	3,5	6,0	4,7
18,26	0,72	3,5	6,0	4,7
18,29	0,73	3,5	6,0	4,7
18,31	0,74	3,5	6,0	4,7
18,33	0,75	3,5	6,0	4,7
18,36	0,76	3,5	6,0	4,7
18,38	0,77	3,5	6,0	4,7
18,41	0,78	3,5	6,0	4,7
18,43	0,80	3,5	6,0	4,7
18,46	0,82	3,5	6,0	4,7
18,48	0,82	3,5	6,0	4,7
18,51	0,83	3,5	6,0	4,7
18,53	0,84	3,5	6,0	4,7
18,55	0,85	3,5	6,0	4,7
18,58	0,86	3,5	6,0	4,7
18,60	0,86	3,5	6,0	4,7
18,63	0,87	3,5	6,0	4,7
18,65	0,87	3,5	6,0	4,7
18,68	0,88	3,5	6,0	4,7
18,70	0,89	3,5	6,0	4,7
18,73	0,91	3,5	6,0	4,7
18,75	0,91	3,5	6,0	4,7
18,77	0,93	3,5	6,0	4,7
18,80	0,93	3,5	6,0	4,7
18,82	0,95	3,5	6,0	4,7
18,85	0,95	3,5	6,0	4,7
18,87	0,96	3,5	6,0	4,7
18,90	0,98	3,5	6,0	4,7
18,92	0,98	3,5	6,0	4,7
18,94	0,99	3,5	6,0	4,7
18,97	1,00	3,5	6,0	4,7
18,99	1,01	3,5	6,0	4,7
19,02	1,02	3,5	6,0	4,7
19,04	1,02	3,5	6,0	4,7
19,07	1,02	3,5	6,0	4,7
19,09	1,03	3,5	6,0	4,7
19,12	1,04	3,5	6,0	4,7
19,14	1,06	3,5	6,0	4,7
19,16	1,07	3,5	6,0	4,7
19,19	1,07	3,5	6,0	4,7
19,21	1,08	3,5	6,0	4,7
19,24	1,09	3,5	6,0	4,7
19,26	1,10	3,5	6,0	4,7
19,29	1,11	3,5	6,0	4,7
19,31	1,13	3,5	6,0	4,7
19,34	1,14	3,5	6,0	4,7
19,36	1,14	3,5	6,0	4,7
19,38	1,15	3,5	6,0	4,7
19,41	1,17	3,5	6,0	4,7
19,43	1,17	3,5	6,0	4,7
19,46	1,19	3,5	6,0	4,7
19,48	1,19	3,5	6,0	4,7
19,51	1,20	3,5	6,0	4,7
19,53	1,20	3,5	6,0	4,7
19,56	1,22	3,5	6,0	4,7
19,58	1,23	3,5	6,0	4,7
19,60	1,24	3,5	6,0	4,7
19,63	1,24	3,5	6,0	4,7
19,65	1,26	3,5	6,0	4,7
19,68	1,27	3,5	6,0	4,7
19,70	1,28	3,5	6,0	4,7
19,73	1,29	3,5	6,0	4,7
19,75	1,30	3,5	6,0	4,7
19,78	1,30	3,5	6,0	4,7
19,80	1,31	3,5	6,0	4,7
19,82	1,33	3,5	6,0	4,7
19,85	1,34	3,5	6,0	4,7
19,87	1,35	3,5	6,0	4,7
19,90	1,35	3,5	6,0	4,7
19,92	1,35	3,5	6,0	4,7
19,95	1,36	3,5	6,0	4,7
19,97	1,37	3,5	6,0	4,7
19,99	1,38	3,5	6,0	4,7
20,02	1,39	3,5	6,0	4,7
20,04	1,40	3,5	6,0	4,7
20,07	1,40	3,5	6,0	4,7
20,09	1,42	3,5	6,0	4,7
20,12	1,43	3,5	6,0	4,7
20,14	1,44	3,5	6,0	4,7
20,17	1,44	3,5	6,0	4,7
20,19	1,46	3,5	6,0	4,7
20,21	1,46	3,5	6,0	4,7
20,24	1,47	3,5	6,0	4,7
20,26	1,48	3,5	6,0	4,7
20,29	1,49	3,5	6,0	4,7
20,31	1,49	3,5	6,0	4,7
20,34	1,50	3,5	6,0	4,7
20,36	1,50	3,5	6,0	4,7
20,39	1,51	3,5	6,0	4,7
20,41	1,51	3,5	6,0	4,7
20,43	1,53	3,5	6,0	4,7
20,46	1,54	3,5	6,0	4,7
20,48	1,53	3,5	6,0	4,7
20,51	1,55	3,5	6,0	4,7
20,53	1,56	3,5	6,0	4,7
20,56	1,57	3,5	6,0	4,7
20,58	1,57	3,5	6,0	4,7
20,61	1,58	3,5	6,0	4,7
20,63	1,59	3,5	6,0	4,7
20,65	1,59	3,5	6,0	4,7
20,68	1,60	3,5	6,0	4,7
20,70	1,61	3,5	6,0	4,7
20,73	1,62	3,5	6,0	4,7
20,75	1,62	3,5	6,0	4,7
20,78	1,62	3,5	6,0	4,7
20,80	1,62	3,5	6,0	4,7
20,83	1,63	3,5	6,0	4,7
20,85	1,64	3,5	6,0	4,7
20,87	1,65	3,5	6,0	4,7
20,90	1,65	3,5	6,0	4,7
20,92	1,65	3,5	6,0	4,7
20,95	1,66	3,5	6,0	4,7
20,97	1,68	3,5	6,0	4,7
21,00	1,68	3,5	6,0	4,7
21,02	1,69	3,5	6,0	4,7
21,05	1,69	3,5	6,0	4,7
21,07	1,69	3,5	6,0	4,7
21,09	1,70	3,5	6,0	4,7
21,12	1,71	3,5	6,0	4,7
21,14	1,72	3,5	6,0	4,7
21,17	1,72	3,5	6,0	4,7
21,19	1,72	3,5	6,0	4,7
21,22	1,73	3,5	6,0	4,7
21,24	1,73	3,5	6,0	4,7
21,26	1,74	3,5	6,0	4,7
21,29	1,75	3,5	6,0	4,7
21,31	1,76	3,5	6,0	4,7
21,34	1,76	3,5	6,0	4,7
21,36	1,76	3,5	6,0	4,7
21,39	1,78	3,5	6,0	4,7
21,41	1,78	3,5	6,0	4,7
21,44	1,79	3,5	6,0	4,7
21,46	1,79	3,5	6,0	4,7
21,48	1,80	3,5	6,0	4,7
21,51	1,80	3,5	6,0	4,7
21,53	1,80	3,5	6,0	4,7
21,56	1,81	3,5	6,0	4,7
21,58	1,82	3,5	6,0	4,7
21,61	1,82	3,5	6,0	4,7
21,63	1,82	3,5	6,0	4,7
21,66	1,83	3,5	6,0	4,7
21,68	1,84	3,5	6,0	4,7
21,70	1,85	3,5	6,0	4,7
21,73	1,86	3,5	6,0	4,7
21,75	1,86	3,5	6,0	4,7
21,78	1,87	3,5	6,0	4,7
21,80	1,87	3,5	6,0	4,7
21,83	1,88	3,5	6,0	4,7
21,85	1,89	3,5	6,0	4,7
21,88	1,89	3,5	6,0	4,7
21,90	1,89	3,5	6,0	4,7
21,92	1,89	3,5	6,0	4,7
21,95	1,89	3,5	6,0	4,7
21,97	1,89	3,5	6,0	4,7
22,00	1,91	3,5	6,0	4,7
22,02	1,91	3,5	6,0	4,7
22,05	1,91	3,5	6,0	4,7
22,07	1,92	3,5	6,0	4,7
22,10	1,92	3,5	6,0	4,7
22,12	1,93	3,5	6,0	4,7
22,14	1,94	3,5	6,0	4,7
22,17	1,95	3,5	6,0	4,7
22,19	1,95	3,5	6,0	4,7
22,22	1,95	3,5	6,0	4,7
22,24	1,96	3,5	6,0	4,7
22,27	1,97	3,5	6,0	4,7
22,29	1,97	3,5	6,0	4,7
22,31	1,97	3,5	6,0	4,7
22,34	1,97	3,5	6,0	4,7
22,36	1,97	3,5	6,0	4,7
22,39	1,98	3,5	6,0	4,7
22,41	1,99	3,5	6,0	4,7
22,44	2,00	3,5	6,0	4,7
22,46	2,00	3,5	6,0	4,7
22,49	2,00	3,5	6,0	4,7
22,51	2,01	3,5	6,0	4,7
22,53	2,01	3,5	6,0	4,7
22,56	2,03	3,5	6,0	4,7
22,58	2,03	3,5	6,0	4,7
22,61	2,04	3,5	6,0	4,7
22,63	2,03	3,5	6,0	4,7
22,66	2,04	3,5	6,0	4,7
22,68	2,05	3,5	6,0	4,7
22,71	2,06	3,5	6,0	4,7
22,73	2,05	3,5	6,0	4,7
22,75	2,06	3,5	6,0	4,7
22,78	2,05	3,5	6,0	4,7
22,80	2,06	3,5	6,0	4,7
22,83	2,06	3,5	6,0	4,7
22,85	2,07	3,5	6,0	4,7
22,88	2,08	3,5	6,0	4,7
22,90	2,07	3,5	6,0	4,7
22,93	2,08	3,5	6,0	4,7
22,95	2,09	3,5	6,0	4,7
22,97	2,09	3,5	6,0	4,7
23,00	2,10	3,5	6,0	4,7
23,02	2,10	3,5	6,0	4,7
23,05	2,11	3,5	6,0	4,7
23,07	2,11	3,5	6,0	4,7
23,10	2,11	3,5	6,0	4,7
23,12	2,12	3,5	6,0	4,7
23,15	2,12	3,5	6,0	4,7
23,17	2,12	3,5	6,0	4,7
23,19	2,12	3,5	6,0	4,7
23,22	2,12	3,5	6,0	4,7
23,24	2,13	3,5	6,0	4,7
23,27	2,13	3,5	6,0	4,7
23,29	2,14	3,5	6,0	4,7
23,32	2,14	3,5	6,0	4,7
23,34	2,15	3,5	6,0	4,7
23,36	2,14	3,5	6,0	4,7
23,39	2,15	3,5	6,0	4,7
23,41	2,16	3,5	6,0	4,7
23,44	2,16	3,5	6,0	4,7
23,46	2,16	3,5	6,0	4,7
23,49	2,17	3,5	6,0	4,7
23,51	2,17	3,5	6,0	4,7
23,54	2,17	3,5	6,0	4,7
23,56	2,18	3,5	6,0	4,7
23,58	2,19	3,5	6,0	4,7
23,61	2,18	3,5	6,0	4,7
23,63	2,19	3,5	6,0	4,7
23,66	2,19	3,5	6,0	4,7
23,68	2,19	3,5	6,0	4,7
23,71	2,20	3,5	6,0	4,7
23,73	2,20	3,5	6,0	4,7
23,76	2,20	3,5	6,0	4,7
23,78	2,20	3,5	6,0	4,7
23,80	2,21	3,5	6,0	4,7
23,83	2,22	3,5	6,0	4,7
23,85	2,22	3,5	6,0	4,7
23,88	2,23	3,5	6,0	4,7
23,90	2,23	3,5	6,0	4,7
23,93	2,23	3,5	6,0	4,7
23,95	2,23	3,5	6,0	4,7
23,98	2,24	3,5	6,0	4,7
24,00	2,25	3,5	6,0	4,7
24,02	2,25	3,5	6,0	4,7
24,05	2,25	3,5	6,0	4,7
24,07	2,25	3,5	6,0	4,7
24,10	2,25	3,5	6,0	4,7
24,12	2,26	3,5	6,0	4,7
24,15	2,27	3,5	6,0	4,7
24,17	2,27	3,5	6,0	4,7
24,20	2,27	3,5	6,0	4,7
24,22	2,27	3,5	6,0	4,7
24,24	2,28	3,5	6,0	4,7
24,27	2,29	3,5	6,0	4,7
24,29	2,29	3,5	6,0	4,7
24,32	2,29	3,5	6,0	4,7
24,34	2,29	3,5	6,0	4,7
24,37	2,30	3,5	6,0	4,7
24,39	2,30	3,5	6,0	4,7
24,42	2,31	3,5	6,0	4,7
24,44	2,32	3,5	6,0	4,7
24,46	2,31	3,5	6,0	4,7
24,49	2,32	3,5	6,0	4,7
24,51	2,31	3,5	6,0	4,7
24,54	2,32	3,5	6,0	4,7
24,56	2,33	3,5	6,0	4,7
24,59	2,33	3,5	6,0	4,7
24,61	2,34	3,5	6,0	4,7
24,63	2,33	3,5	6,0	4,7
24,66	2,34	3,5	6,0	4,7
24,68	2,35	3,5	6,0	4,7
24,71	2,35	3,5	6,0	4,7
24,73	2,35	3,5	6,0	4,7
24,76	2,35	3,5	6,0	4,7
24,78	2,35	3,5	6,0	4,7
24,81	2,35	3,5	6,0	4,7
24,83	2,36	3,5	6,0	4,7
24,85	2,36	3,5	6,0	4,7
24,88	2,37	3,5	6,0	4,7
24,90	2,37	3,5	6,0	4,7
24,93	2,36	3,5	6,0	4,7
24,95	2,37	3,5	6,0	4,7
24,98	2,37	3,5	6,0	4,7
25,00	2,37	3,5	6,0	4,7
25,03	2,37	3,5	6,0	4,7
25,05	2,37	3,5	6,0	4,7
25,07	2,37	3,5	6,0	4,7
25,10	2,37	3,5	6,0	4,7
25,12	2,38	3,5	6,0	4,7
25,15	2,38	3,5	6,0	4,7
25,17	2,38	3,5	6,0	4,7
25,20	2,38	3,5	6,0	4,7
25,22	2,38	3,5	6,0	4,7
25,25	2,38	3,5	6,0	4,7
25,27	2,39	3,5	6,0	4,7
25,29	2,39	3,5	6,0	4,7
25,32	2,40	3,5	6,0	4,7
25,34	2,39	3,5	6,0	4,7
25,37	2,40	3,5	6,0	4,7
25,39	2,40	3,5	6,0	4,7
25,42	2,41	3,5	6,0	4,7
25,44	2,41	3,5	6,0	4,7
25,47	2,41	3,5	6,0	4,7
25,49	2,41	3,5	6,0	4,7
25,51	2,41	3,5	6,0	4,7
25,54	2,42	3,5	6,0	4,7
25,56	2,42	3,5	6,0	4,7
25,59	2,42	3,5	6,0	4,7
25,61	2,42	3,5	6,0	4,7
25,64	2,42	3,5	6,0	4,7
25,66	2,42	3,5	6,0	4,7
25,68	2,42	3,5	6,0	4,7
25,71	2,43	3,5	6,0	4,7
25,73	2,43	3,5	6,0	4,7
25,76	2,43	3,5	6,0	4,7
25,78	2,43	3,5	6,0	4,7
25,81	2,44	3,5	6,0	4,7
25,83	2,44	3,5	6,0	4,7
25,86	2,45	3,5	6,0	4,7
25,88	2,45	3,5	6,0	4,7
25,90	2,45	3,5	6,0	4,7
25,93	2,44	3,5	6,0	4,7
25,95	2,45	3,5	6,0	4,7
25,98	2,46	3,5	6,0	4,7
26,00	2,46	3,5	6,0	4,7
26,03	2,45	3,5	6,0	4,7
26,05	2,45	3,5	6,0	4,7
26,08	2,45	3,5	6,0	4,7
26,10	2,45	3,5	6,0	4,7
26,12	2,46	3,5	6,0	4,7
26,15	2,46	3,5	6,0	4,7
26,17	2,47	3,5	6,0	4,7
26,20	2,46	3,5	6,0	4,7
26,22	2,46	3,5	6,0	4,7
26,25	2,47	3,5	6,0	4,7
26,27	2,47	3,5	6,0	4,7
26,30	2,48	3,5	6,0	4,7
26,32	2,47	3,5	6,0	4,7
26,34	2,47	3,5	6,0	4,7
26,37	2,46	3,5	6,0	4,7
26,39	2,46	3,5	6,0	4,7
26,42	2,47	3,5	6,0	4,7
26,44	2,47	3,5	6,0	4,7
26,47	2,46	3,5	6,0	4,7
26,49	2,46	3,5	6,0	4,7
26,52	2,46	3,5	6,0	4,7
26,54	2,47	3,5	6,0	4,7
26,56	2,47	3,5	6,0	4,7
26,59	2,48	3,5	6,0	4,7
26,61	2,49	3,5	6,0	4,7
26,64	2,49	3,5	6,0	4,7
26,66	2,48	3,5	6,0	4,7
26,69	2,49	3,5	6,0	4,7
26,71	2,49	3,5	6,0	4,7
26,73	2,49	3,5	6,0	4,7
26,76	2,48	3,5	6,0	4,7
26,78	2,48	3,5	6,0	4,7
26,81	2,47	3,5	6,0	4,7
26,83	2,48	3,5	6,0	4,7
26,86	2,49	3,5	6,0	4,7
26,88	2,48	3,5	6,0	4,7
26,91	2,48	3,5	6,0	4,7
26,93	2,49	3,5	6,0	4,7
26,95	2,49	3,5	6,0	4,7
26,98	2,50	3,5	6,0	4,7
27,00	2,51	3,5	6,0	4,7
27,03	2,51	3,5	6,0	4,7
27,05	2,51	3,5	6,0	4,7
27,08	2,50	3,5	6,0	4,7
27,10	2,51	3,5	6,0	4,7
27,13	2,51	3,5	6,0	4,7
27,15	2,51	3,5	6,0	4,7
27,17	2,51	3,5	6,0	4,7
27,20	2,50	3,5	6,0	4,7
27,22	2,49	3,5	6,0	4,7
27,25	2,49	3,5	6,0	4,7
27,27	2,51	3,5	6,0	4,7
27,30	2,51	3,5	6,0	4,7
27,32	2,50	3,5	6,0	4,7
27,35	2,50	3,5	6,0	4,7
27,37	2,51	3,5	6,0	4,7
27,39	2,51	3,5	6,0	4,7
27,42	2,52	3,5	6,0	4,7
27,44	2,52	3,5	6,0	4,7
27,47	2,52	3,5	6,0	4,7
27,49	2,52	3,5	6,0	4,7
27,52	2,52	3,5	6,0	4,7
27,54	2,52	3,5	6,0	4,7
27,57	2,52	3,5	6,0	4,7
27,59	2,52	3,5	6,0	4,7
27,61	2,52	3,5	6,0	4,7
27,64	2,51	3,5	6,0	4,7
27,66	2,51	3,5	6,0	4,7
27,69	2,51	3,5	6,0	4,7
27,71	2,52	3,5	6,0	4,7
27,74	2,53	3,5	6,0	4,7
27,76	2,51	3,5	6,0	4,7
27,78	2,52	3,5	6,0	4,7
27,81	2,52	3,5	6,0	4,7
27,83	2,52	3,5	6,0	4,7
27,86	2,53	3,5	6,0	4,7
27,88	2,53	3,5	6,0	4,7
27,91	2,53	3,5	6,0	4,7
27,93	2,52	3,5	6,0	4,7
27,96	2,52	3,5	6,0	4,7
27,98	2,53	3,5	6,0	4,7
28,00	2,53	3,5	6,0	4,7
28,03	2,52	3,5	6,0	4,7
28,05	2,52	3,5	6,0	4,7
28,08	2,52	3,5	6,0	4,7
28,10	2,52	3,5	6,0	4,7
28,13	2,52	3,5	6,0	4,7
28,15	2,53	3,5	6,0	4,7
28,18	2,53	3,5	6,0	4,7
28,20	2,52	3,5	6,0	4,7
28,22	2,52	3,5	6,0	4,7
28,25	2,53	3,5	6,0	4,7
28,27	2,53	3,5	6,0	4,7
28,30	2,53	3,5	6,0	4,7
28,32	2,53	3,5	6,0	4,7
28,35	2,53	3,5	6,0	4,7
28,37	2,53	3,5	6,0	4,7
28,40	2,53	3,5	6,0	4,7
28,42	2,53	3,5	6,0	4,7
28,44	2,53	3,5	6,0	4,7
28,47	2,53	3,5	6,0	4,7
28,49	2,53	3,5	6,0	4,7
28,52	2,53	3,5	6,0	4,7
28,54	2,53	3,5	6,0	4,7
28,57	2,54	3,5	6,0	4,7
28,59	2,55	3,5	6,0	4,7
28,62	2,54	3,5	6,0	4,7
28,64	2,54	3,5	6,0	4,7
28,66	2,55	3,5	6,0	4,7
28,69	2,55	3,5	6,0	4,7
28,71	2,55	3,5	6,0	4,7
28,74	2,55	3,5	6,0	4,7
28,76	2,55	3,5	6,0	4,7
28,79	2,54	3,5	6,0	4,7
28,81	2,54	3,5	6,0	4,7
28,84	2,55	3,5	6,0	4,7
28,86	2,55	3,5	6,0	4,7
28,88	2,54	3,5	6,0	4,7
28,91	2,55	3,5	6,0	4,7
28,93	2,55	3,5	6,0	4,7
28,96	2,55	3,5	6,0	4,7
28,98	2,55	3,5	6,0	4,7
29,01	2,56	3,5	6,0	4,7
29,03	2,55	3,5	6,0	4,7
29,05	2,55	3,5	6,0	4,7
29,08	2,55	3,5	6,0	4,7
29,10	2,56	3,5	6,0	4,7
29,13	2,56	3,5	6,0	4,7
29,15	2,56	3,5	6,0	4,7
29,18	2,56	3,5	6,0	4,7
29,20	2,56	3,5	6,0	4,7
29,23	2,55	3,5	6,0	4,7
29,25	2,55	3,5	6,0	4,7
29,27	2,56	3,5	6,0	4,7
29,30	2,56	3,5	6,0	4,7
29,32	2,54	3,5	6,0	4,7
29,35	2,55	3,5	6,0	4,7
29,37	2,55	3,5	6,0	4,7
29,40	2,56	3,5	6,0	4,7
29,42	2,56	3,5	6,0	4,7
29,45	2,57	3,5	6,0	4,7
29,47	2,57	3,5	6,0	4,7
29,49	2,56	3,5	6,0	4,7
29,52	2,56	3,5	6,0	4,7
29,54	2,57	3,5	6,0	4,7
29,57	2,56	3,5	6,0	4,7
29,59	2,57	3,5	6,0	4,7
29,62	2,56	3,5	6,0	4,7
29,64	2,56	3,5	6,0	4,7
29,67	2,55	3,5	6,0	4,7
29,69	2,55	3,5	6,0	4,7
29,71	2,56	3,5	6,0	4,7
29,74	2,55	3,5	6,0	4,7
29,76	2,54	3,5	6,0	4,7
29,79	2,54	3,5	6,0	4,7
29,81	2,55	3,5	6,0	4,7
29,84	2,55	3,5	6,0	4,7
29,86	2,55	3,5	6,0	4,7
29,89	2,56	3,5	6,0	4,7
29,91	2,55	3,5	6,0	4,7
29,93	2,55	3,5	6,0	4,7
29,96	2,54	3,5	6,0	4,7
29,98	2,55	3,5	6,0	4,7
30,01	2,54	3,5	6,0	4,7
30,03	2,54	3,5	6,0	4,7
30,06	2,53	3,5	6,0	4,7
30,08	2,52	3,5	6,0	4,7
30,10	2,52	3,5	6,0	4,7
30,13	2,52	3,5	6,0	4,7
30,15	2,52	3,5	6,0	4,7
30,18	2,51	3,5	6,0	4,7
30,20	2,50	3,5	6,0	4,7
30,23	2,50	3,5	6,0	4,7
30,25	2,50	3,5	6,0	4,7
30,28	2,51	3,5	6,0	4,7
30,30	2,50	3,5	6,0	4,7
30,32	2,50	3,5	6,0	4,7
30,35	2,49	3,5	6,0	4,7
30,37	2,48	3,5	6,0	4,7
30,40	2,48	3,5	6,0	4,7
30,42	2,46	3,5	6,0	4,7
30,45	2,45	3,5	6,0	4,7
30,47	2,44	3,5	6,0	4,7
30,50	2,42	3,5	6,0	4,7
30,52	2,41	3,5	6,0	4,7
30,54	2,40	3,5	6,0	4,7
30,57	2,40	3,5	6,0	4,7
30,59	2,38	3,5	6,0	4,7
30,62	2,36	3,5	6,0	4,7
30,64	2,35	3,5	6,0	4,7
30,67	2,34	3,5	6,0	4,7
30,69	2,33	3,5	6,0	4,7
30,72	2,32	3,5	6,0	4,7
30,74	2,31	3,5	6,0	4,7
30,76	2,29	3,5	6,0	4,7
30,79	2,27	3,5	6,0	4,7
30,81	2,26	3,5	6,0	4,7
30,84	2,25	3,5	6,0	4,7
30,86	2,23	3,5	6,0	4,7
30,89	2,20	3,5	6,0	4,7
30,91	2,19	3,5	6,0	4,7
30,94	2,17	3,5	6,0	4,7
30,96	2,16	3,5	6,0	4,7
30,98	2,14	3,5	6,0	4,7
31,01	2,13	3,5	6,0	4,7
31,03	2,11	3,5	6,0	4,7
31,06	2,08	3,5	6,0	4,7
31,08	2,07	3,5	6,0	4,7
31,11	2,06	3,5	6,0	4,7
31,13	2,04	3,5	6,0	4,7
31,15	2,03	3,5	6,0	4,7
31,18	2,01	3,5	6,0	4,7
31,20	1,99	3,5	6,0	4,7
31,23	1,96	3,5	6,0	4,7
31,25	1,95	3,5	6,0	4,7
31,28	1,94	3,5	6,0	4,7
31,30	1,92	3,5	6,0	4,7
31,33	1,90	3,5	6,0	4,7
31,35	1,88	3,5	6,0	4,7
31,37	1,87	3,5	6,0	4,7
31,40	1,85	3,5	6,0	4,7
31,42	1,84	3,5	6,0	4,7
31,45	1,83	3,5	6,0	4,7
31,47	1,80	3,5	6,0	4,7
31,50	1,79	3,5	6,0	4,7
31,52	1,77	3,5	6,0	4,7
31,55	1,76	3,5	6,0	4,7
31,57	1,75	3,5	6,0	4,7
31,59	1,73	3,5	6,0	4,7
31,62	1,72	3,5	6,0	4,7
31,64	1,69	3,5	6,0	4,7
31,67	1,68	3,5	6,0	4,7
31,69	1,67	3,5	6,0	4,7
31,72	1,66	3,5	6,0	4,7
31,74	1,64	3,5	6,0	4,7
31,77	1,62	3,5	6,0	4,7
31,79	1,60	3,5	6,0	4,7
31,81	1,59	3,5	6,0	4,7
31,84	1,58	3,5	6,0	4,7
31,86	1,57	3,5	6,0	4,7
31,89	1,55	3,5	6,0	4,7
31,91	1,53	3,5	6,0	4,7
31,94	1,51	3,5	6,0	4,7
31,96	1,50	3,5	6,0	4,7
31,99	1,49	3,5	6,0	4,7
32,01	1,48	3,5	6,0	4,7
32,03	1,46	3,5	6,0	4,7
32,06	1,44	3,5	6,0	4,7
32,08	1,42	3,5	6,0	4,7
32,11	1,41	3,5	6,0	4,7
32,13	1,40	3,5	6,0	4,7
32,16	1,37	3,5	6,0	4,7
32,18	1,36	3,5	6,0	4,7
32,20	1,34	3,5	6,0	4,7
32,23	1,32	3,5	6,0	4,7
32,25	1,32	3,5	6,0	4,7
32,28	1,30	3,5	6,0	4,7
32,30	1,29	3,5	6,0	4,7
32,33	1,27	3,5	6,0	4,7
32,35	1,25	3,5	6,0	4,7
32,38	1,24	3,5	6,0	4,7
32,40	1,23	3,5	6,0	4,7
32,42	1,22	3,5	6,0	4,7
32,45	1,21	3,5	6,0	4,7
32,47	1,18	3,5	6,0	4,7
32,50	1,17	3,5	6,0	4,7
32,52	1,15	3,5	6,0	4,7
32,55	1,14	3,5	6,0	4,7
32,57	1,13	3,5	6,0	4,7
32,60	1,12	3,5	6,0	4,7
32,62	1,09	3,5	6,0	4,7
32,64	1,08	3,5	6,0	4,7
32,67	1,07	3,5	6,0	4,7
32,69	1,06	3,5	6,0	4,7
32,72	1,05	3,5	6,0	4,7
32,74	1,04	3,5	6,0	4,7
32,77	1,03	3,5	6,0	4,7
32,79	1,00	3,5	6,0	4,7
32,82	1,00	3,5	6,0	4,7
32,84	1,00	3,5	6,0	4,7
32,86	0,98	3,5	6,0	4,7
32,89	0,97	3,5	6,0	4,7
32,91	0,95	3,5	6,0	4,7
32,94	0,94	3,5	6,0	4,7
32,96	0,93	3,5	6,0	4,7
32,99	0,92	3,5	6,0	4,7
33,01	0,92	3,5	6,0	4,7
33,04	0,90	3,5	6,0	4,7
33,06	0,89	3,5	6,0	4,7
33,08	0,88	3,5	6,0	4,7
33,11	0,88	3,5	6,0	4,7
33,13	0,88	3,5	6,0	4,7
33,16	0,87	3,5	6,0	4,7
33,18	0,87	3,5	6,0	4,7
33,21	0,85	3,5	6,0	4,7
33,23	0,84	3,5	6,0	4,7
33,26	0,83	3,5	6,0	4,7
33,28	0,83	3,5	6,0	4,7
33,30	0,82	3,5	6,0	4,7
33,33	0,82	3,5	6,0	4,7
33,35	0,80	3,5	6,0	4,7
33,38	0,80	3,5	6,0	4,7
33,40	0,80	3,5	6,0	4,7
33,43	0,79	3,5	6,0	4,7
33,45	0,79	3,5	6,0	4,7
33,47	0,78	3,5	6,0	4,7
33,50	0,78	3,5	6,0	4,7
33,52	0,78	3,5	6,0	4,7
33,55	0,78	3,5	6,0	4,7
33,57	0,79	3,5	6,0	4,7
33,60	0,79	3,5	6,0	4,7
33,62	0,78	3,5	6,0	4,7
33,65	0,78	3,5	6,0	4,7
33,67	0,78	3,5	6,0	4,7
33,69	0,79	3,5	6,0	4,7
33,72	0,78	3,5	6,0	4,7
33,74	0,78	3,5	6,0	4,7
33,77	0,78	3,5	6,0	4,7
33,79	0,78	3,5	6,0	4,7
33,82	0,78	3,5	6,0	4,7
33,84	0,79	3,5	6,0	4,7
33,87	0,80	3,5	6,0	4,7
33,89	0,79	3,5	6,0	4,7
33,91	0,79	3,5	6,0	4,7
33,94	0,80	3,5	6,0	4,7
33,96	0,81	3,5	6,0	4,7
33,99	0,81	3,5	6,0	4,7
34,01	0,82	3,5	6,0	4,7
34,04	0,82	3,5	6,0	4,7
34,06	0,82	3,5	6,0	4,7
34,09	0,82	3,5	6,0	4,7
34,11	0,83	3,5	6,0	4,7
34,13	0,84	3,5	6,0	4,7
34,16	0,84	3,5	6,0	4,7
34,18	0,84	3,5	6,0	4,7
34,21	0,84	3,5	6,0	4,7
34,23	0,85	3,5	6,0	4,7
34,26	0,86	3,5	6,0	4,7
34,28	0,87	3,5	6,0	4,7
34,31	0,88	3,5	6,0	4,7
34,33	0,87	3,5	6,0	4,7
34,35	0,87	3,5	6,0	4,7
34,38	0,88	3,5	6,0	4,7
34,40	0,89	3,5	6,0	4,7
34,43	0,90	3,5	6,0	4,7
34,45	0,91	3,5	6,0	4,7
34,48	0,91	3,5	6,0	4,7
34,50	0,91	3,5	6,0	4,7
34,52	0,91	3,5	6,0	4,7
34,55	0,92	3,5	6,0	4,7
34,57	0,93	3,5	6,0	4,7
34,60	0,93	3,5	6,0	4,7
34,62	0,93	3,5	6,0	4,7
34,65	0,94	3,5	6,0	4,7
34,67	0,95	3,5	6,0	4,7
34,70	0,95	3,5	6,0	4,7
34,72	0,97	3,5	6,0	4,7
34,74	0,97	3,5	6,0	4,7
34,77	0,97	3,5	6,0	4,7
34,79	0,98	3,5	6,0	4,7
34,82	0,99	3,5	6,0	4,7
34,84	1,00	3,5	6,0	4,7
34,87	1,01	3,5	6,0	4,7
34,89	1,01	3,5	6,0	4,7
34,92	1,02	3,5	6,0	4,7
34,94	1,02	3,5	6,0	4,7
34,96	1,03	3,5	6,0	4,7
34,99	1,04	3,5	6,0	4,7
35,01	1,05	3,5	6,0	4,7
35,04	1,05	3,5	6,0	4,7
35,06	1,06	3,5	6,0	4,7
35,09	1,06	3,5	6,0	4,7
35,11	1,08	3,5	6,0	4,7
35,14	1,09	3,5	6,0	4,7
35,16	1,10	3,5	6,0	4,7
35,18	1,11	3,5	6,0	4,7
35,21	1,11	3,5	6,0	4,7
35,23	1,12	3,5	6,0	4,7
35,26	1,14	3,5	6,0	4,7
35,28	1,15	3,5	6,0	4,7
35,31	1,16	3,5	6,0	4,7
35,33	1,16	3,5	6,0	4,7
35,36	1,17	3,5	6,0	4,7
35,38	1,17	3,5	6,0	4,7
35,40	1,18	3,5	6,0	4,7
35,43	1,20	3,5	6,0	4,7
35,45	1,20	3,5	6,0	4,7
35,48	1,21	3,5	6,0	4,7
35,50	1,22	3,5	6,0	4,7
35,53	1,23	3,5	6,0	4,7
35,55	1,25	3,5	6,0	4,7
35,57	1,26	3,5	6,0	4,7
35,60	1,29	3,5	6,0	4,7
35,62	1,29	3,5	6,0	4,7
35,65	1,30	3,5	6,0	4,7
35,67	1,31	3,5	6,0	4,7
35,70	1,33	3,5	6,0	4,7
35,72	1,34	3,5	6,0	4,7
35,75	1,36	3,5	6,0	4,7
35,77	1,36	3,5	6,0	4,7
35,79	1,37	3,5	6,0	4,7
35,82	1,38	3,5	6,0	4,7
35,84	1,40	3,5	6,0	4,7
35,87	1,42	3,5	6,0	4,7
35,89	1,43	3,5	6,0	4,7
35,92	1,44	3,5	6,0	4,7
35,94	1,47	3,5	6,0	4,7
35,97	1,48	3,5	6,0	4,7
35,99	1,51	3,5	6,0	4,7
36,01	1,52	3,5	6,0	4,7
36,04	1,54	3,5	6,0	4,7
36,06	1,55	3,5	6,0	4,7
36,09	1,55	3,5	6,0	4,7
36,11	1,58	3,5	6,0	4,7
36,14	1,59	3,5	6,0	4,7
36,16	1,60	3,5	6,0	4,7
36,19	1,62	3,5	6,0	4,7
36,21	1,62	3,5	6,0	4,7
36,23	1,65	3,5	6,0	4,7
36,26	1,65	3,5	6,0	4,7
36,28	1,67	3,5	6,0	4,7
36,31	1,69	3,5	6,0	4,7
36,33	1,70	3,5	6,0	4,7
36,36	1,71	3,5	6,0	4,7
36,38	1,74	3,5	6,0	4,7
36,41	1,75	3,5	6,0	4,7
36,43	1,78	3,5	6,0	4,7
36,45	1,79	3,5	6,0	4,7
36,48	1,80	3,5	6,0	4,7
36,50	1,81	3,5	6,0	4,7
36,53	1,83	3,5	6,0	4,7
36,55	1,84	3,5	6,0	4,7
36,58	1,86	3,5	6,0	4,7
36,60	1,87	3,5	6,0	4,7
36,62	1,89	3,5	6,0	4,7
36,65	1,90	3,5	6,0	4,7
36,67	1,91	3,5	6,0	4,7
36,70	1,93	3,5	6,0	4,7
36,72	1,94	3,5	6,0	4,7
36,75	1,96	3,5	6,0	4,7
36,77	1,97	3,5	6,0	4,7
36,80	1,98	3,5	6,0	4,7
36,82	2,01	3,5	6,0	4,7
36,84	2,02	3,5	6,0	4,7
36,87	2,04	3,5	6,0	4,7
36,89	2,06	3,5	6,0	4,7
36,92	2,08	3,5	6,0	4,7
36,94	2,09	3,5	6,0	4,7
36,97	2,10	3,5	6,0	4,7
36,99	2,12	3,5	6,0	4,7
37,02	2,14	3,5	6,0	4,7
37,04	2,15	3,5	6,0	4,7
37,06	2,17	3,5	6,0	4,7
37,09	2,18	3,5	6,0	4,7
37,11	2,19	3,5	6,0	4,7
37,14	2,21	3,5	6,0	4,7
37,16	2,24	3,5	6,0	4,7
37,19	2,24	3,5	6,0	4,7
37,21	2,25	3,5	6,0	4,7
37,24	2,27	3,5	6,0	4,7
37,26	2,30	3,5	6,0	4,7
37,28	2,31	3,5	6,0	4,7
37,31	2,33	3,5	6,0	4,7
37,33	2,35	3,5	6,0	4,7
37,36	2,35	3,5	6,0	4,7
37,38	2,37	3,5	6,0	4,7
37,41	2,39	3,5	6,0	4,7
37,43	2,41	3,5	6,0	4,7
37,46	2,42	3,5	6,0	4,7
37,48	2,43	3,5	6,0	4,7
37,50	2,45	3,5	6,0	4,7
37,53	2,46	3,5	6,0	4,7
37,55	2,48	3,5	6,0	4,7
37,58	2,50	3,5	6,0	4,7
37,60	2,52	3,5	6,0	4,7
37,63	2,53	3,5	6,0	4,7
37,65	2,54	3,5	6,0	4,7
37,68	2,57	3,5	6,0	4,7
37,70	2,59	3,5	6,0	4,7
37,72	2,60	3,5	6,0	4,7
37,75	2,62	3,5	6,0	4,7
37,77	2,63	3,5	6,0	4,7
37,80	2,64	3,5	6,0	4,7
37,82	2,65	3,5	6,0	4,7
37,85	2,67	3,5	6,0	4,7
37,87	2,69	3,5	6,0	4,7
37,89	2,70	3,5	6,0	4,7
37,92	2,72	3,5	6,0	4,7
37,94	2,73	3,5	6,0	4,7
37,97	2,76	3,5	6,0	4,7
37,99	2,77	3,5	6,0	4,7
38,02	2,79	3,5	6,0	4,7
38,04	2,81	3,5	6,0	4,7
38,07	2,82	3,5	6,0	4,7
38,09	2,83	3,5	6,0	4,7
38,11	2,86	3,5	6,0	4,7
38,14	2,88	3,5	6,0	4,7
38,16	2,89	3,5	6,0	4,7
38,19	2,90	3,5	6,0	4,7
38,21	2,92	3,5	6,0	4,7
38,24	2,92	3,5	6,0	4,7
38,26	2,94	3,5	6,0	4,7
38,29	2,96	3,5	6,0	4,7
38,31	2,97	3,5	6,0	4,7
38,33	2,99	3,5	6,0	4,7
38,36	3,00	3,5	6,0	4,7
38,38	3,02	3,5	6,0	4,7
38,41	3,05	3,5	6,0	4,7
38,43	3,07	3,5	6,0	4,7
38,46	3,08	3,5	6,0	4,7
38,48	3,10	3,5	6,0	4,7
38,51	3,11	3,5	6,0	4,7
38,53	3,13	3,5	6,0	4,7
38,55	3,15	3,5	6,0	4,7
38,58	3,16	3,5	6,0	4,7
38,60	3,18	3,5	6,0	4,7
38,63	3,19	3,5	6,0	4,7
38,65	3,20	3,5	6,0	4,7
38,68	3,21	3,5	6,0	4,7
38,70	3,23	3,5	6,0	4,7
38,73	3,25	3,5	6,0	4,7
38,75	3,26	3,5	6,0	4,7
38,77	3,28	3,5	6,0	4,7
38,80	3,30	3,5	6,0	4,7
38,82	3,32	3,5	6,0	4,7
38,85	3,34	3,5	6,0	4,7
38,87	3,36	3,5	6,0	4,7
38,90	3,37	3,5	6,0	4,7
38,92	3,37	3,5	6,0	4,7
38,94	3,39	3,5	6,0	4,7
38,97	3,41	3,5	6,0	4,7
38,99	3,42	3,5	6,0	4,7
39,02	3,43	3,5	6,0	4,7
39,04	3,45	3,5	6,0	4,7
39,07	3,46	3,5	6,0	4,7
39,09	3,47	3,5	6,0	4,7
39,12	3,49	3,5	6,0	4,7
39,14	3,51	3,5	6,0	4,7
39,16	3,53	3,5	6,0	4,7
39,19	3,53	3,5	6,0	4,7
39,21	3,55	3,5	6,0	4,7
39,24	3,57	3,5	6,0	4,7
39,26	3,59	3,5	6,0	4,7
39,29	3,61	3,5	6,0	4,7
39,31	3,62	3,5	6,0	4,7
39,34	3,64	3,5	6,0	4,7
39,36	3,65	3,5	6,0	4,7
39,38	3,66	3,5	6,0	4,7
39,41	3,68	3,5	6,0	4,7
39,43	3,70	3,5	6,0	4,7
39,46	3,70	3,5	6,0	4,7
39,48	3,72	3,5	6,0	4,7
39,51	3,73	3,5	6,0	4,7
39,53	3,75	3,5	6,0	4,7
39,56	3,75	3,5	6,0	4,7
39,58	3,78	3,5	6,0	4,7
39,60	3,79	3,5	6,0	4,7
39,63	3,80	3,5	6,0	4,7
39,65	3,81	3,5	6,0	4,7
39,68	3,84	3,5	6,0	4,7
39,70	3,85	3,5	6,0	4,7
39,73	3,87	3,5	6,0	4,7
39,75	3,88	3,5	6,0	4,7
39,78	3,89	3,5	6,0	4,7
39,80	3,90	3,5	6,0	4,7
39,82	3,91	3,5	6,0	4,7
39,85	3,93	3,5	6,0	4,7
39,87	3,95	3,5	6,0	4,7
39,90	3,96	3,5	6,0	4,7
39,92	3,97	3,5	6,0	4,7
39,95	3,98	3,5	6,0	4,7
39,97	4,00	3,5	6,0	4,7
39,99	4,01	3,5	6,0	4,7
40,02	4,02	3,5	6,0	4,7
40,04	4,04	3,5	6,0	4,7
40,07	4,05	3,5	6,0	4,7
40,09	4,07	3,5	6,0	4,7
40,12	4,09	3,5	6,0	4,7
40,14	4,10	3,5	6,0	4,7
40,17	4,12	3,5	6,0	4,7
40,19	4,13	3,5	6,0	4,7
40,21	4,14	3,5	6,0	4,7
40,24	4,15	3,5	6,0	4,7
40,26	4,17	3,5	6,0	4,7
40,29	4,19	3,5	6,0	4,7
40,31	4,20	3,5	6,0	4,7
40,34	4,21	3,5	6,0	4,7
40,36	4,22	3,5	6,0	4,7
40,39	4,24	3,5	6,0	4,7
40,41	4,25	3,5	6,0	4,7
40,43	4,27	3,5	6,0	4,7
40,46	4,29	3,5	6,0	4,7
40,48	4,29	3,5	6,0	4,7
40,51	4,30	3,5	6,0	4,7
40,53	4,32	3,5	6,0	4,7
40,56	4,34	3,5	6,0	4,7
40,58	4,36	3,5	6,0	4,7
40,61	4,37	3,5	6,0	4,7
40,63	4,38	3,5	6,0	4,7
40,65	4,38	3,5	6,0	4,7
40,68	4,39	3,5	6,0	4,7
40,70	4,42	3,5	6,0	4,7
40,73	4,43	3,5	6,0	4,7
40,75	4,44	3,5	6,0	4,7
40,78	4,45	3,5	6,0	4,7
40,80	4,46	3,5	6,0	4,7
40,83	4,47	3,5	6,0	4,7
40,85	4,49	3,5	6,0	4,7
40,87	4,51	3,5	6,0	4,7
40,90	4,52	3,5	6,0	4,7
40,92	4,53	3,5	6,0	4,7
40,95	4,54	3,5	6,0	4,7
40,97	4,56	3,5	6,0	4,7
41,00	4,57	3,5	6,0	4,7
41,02	4,59	3,5	6,0	4,7
41,05	4,60	3,5	6,0	4,7
41,07	4,61	3,5	6,0	4,7
41,09	4,61	3,5	6,0	4,7
41,12	4,61	3,5	6,0	4,7
41,14	4,64	3,5	6,0	4,7
41,17	4,65	3,5	6,0	4,7
41,19	4,65	3,5	6,0	4,7
41,22	4,67	3,5	6,0	4,7
41,24	4,68	3,5	6,0	4,7
41,26	4,70	3,5	6,0	4,7
41,29	4,71	3,5	6,0	4,7
41,31	4,73	3,5	6,0	4,7
41,34	4,75	3,5	6,0	4,7
41,36	4,75	3,5	6,0	4,7
41,39	4,76	3,5	6,0	4,7
41,41	4,78	3,5	6,0	4,7
41,44	4,79	3,5	6,0	4,7
41,46	4,80	3,5	6,0	4,7
41,48	4,81	3,5	6,0	4,7
41,51	4,82	3,5	6,0	4,7
41,53	4,82	3,5	6,0	4,7
41,56	4,83	3,5	6,0	4,7
41,58	4,85	3,5	6,0	4,7
41,61	4,86	3,5	6,0	4,7
41,63	4,86	3,5	6,0	4,7
41,66	4,88	3,5	6,0	4,7
41,68	4,89	3,5	6,0	4,7
41,70	4,91	3,5	6,0	4,7
41,73	4,93	3,5	6,0	4,7
41,75	4,94	3,5	6,0	4,7
41,78	4,95	3,5	6,0	4,7
41,80	4,96	3,5	6,0	4,7
41,83	4,97	3,5	6,0	4,7
41,85	4,99	3,5	6,0	4,7
41,88	4,99	3,5	6,0	4,7
41,90	5,00	3,5	6,0	4,7
41,92	5,00	3,5	6,0	4,7
41,95	5,01	3,5	6,0	4,7
41,97	5,02	3,5	6,0	4,7
42,00	5,04	3,5	6,0	4,7
42,02	5,05	3,5	6,0	4,7
42,05	5,05	3,5	6,0	4,7
42,07	5,07	3,5	6,0	4,7
42,10	5,09	3,5	6,0	4,7
42,12	5,10	3,5	6,0	4,7
42,14	5,11	3,5	6,0	4,7
42,17	5,12	3,5	6,0	4,7
42,19	5,13	3,5	6,0	4,7
42,22	5,13	3,5	6,0	4,7
42,24	5,14	3,5	6,0	4,7
42,27	5,16	3,5	6,0	4,7
42,29	5,17	3,5	6,0	4,7
42,31	5,17	3,5	6,0	4,7
42,34	5,18	3,5	6,0	4,7
42,36	5,18	3,5	6,0	4,7
42,39	5,19	3,5	6,0	4,7
42,41	5,20	3,5	6,0	4,7
42,44	5,22	3,5	6,0	4,7
42,46	5,22	3,5	6,0	4,7
42,49	5,23	3,5	6,0	4,7
42,51	5,24	3,5	6,0	4,7
42,53	5,25	3,5	6,0	4,7
42,56	5,26	3,5	6,0	4,7
42,58	5,27	3,5	6,0	4,7
42,61	5,28	3,5	6,0	4,7
42,63	5,29	3,5	6,0	4,7
42,66	5,29	3,5	6,0	4,7
42,68	5,29	3,5	6,0	4,7
42,71	5,31	3,5	6,0	4,7
42,73	5,32	3,5	6,0	4,7
42,75	5,32	3,5	6,0	4,7
42,78	5,33	3,5	6,0	4,7
42,80	5,33	3,5	6,0	4,7
42,83	5,34	3,5	6,0	4,7
42,85	5,34	3,5	6,0	4,7
42,88	5,36	3,5	6,0	4,7
42,90	5,37	3,5	6,0	4,7
42,93	5,37	3,5	6,0	4,7
42,95	5,38	3,5	6,0	4,7
42,97	5,40	3,5	6,0	4,7
43,00	5,41	3,5	6,0	4,7
43,02	5,41	3,5	6,0	4,7
43,05	5,42	3,5	6,0	4,7
43,07	5,43	3,5	6,0	4,7
43,10	5,43	3,5	6,0	4,7
43,12	5,44	3,5	6,0	4,7
43,15	5,45	3,5	6,0	4,7
43,17	5,46	3,5	6,0	4,7
43,19	5,46	3,5	6,0	4,7
43,22	5,47	3,5	6,0	4,7
43,24	5,48	3,5	6,0	4,7
43,27	5,49	3,5	6,0	4,7
43,29	5,50	3,5	6,0	4,7
43,32	5,51	3,5	6,0	4,7
43,34	5,51	3,5	6,0	4,7
43,36	5,52	3,5	6,0	4,7
43,39	5,53	3,5	6,0	4,7
43,41	5,54	3,5	6,0	4,7
43,44	5,55	3,5	6,0	4,7
43,46	5,56	3,5	6,0	4,7
43,49	5,56	3,5	6,0	4,7
43,51	5,57	3,5	6,0	4,7
43,54	5,57	3,5	6,0	4,7
43,56	5,58	3,5	6,0	4,7
43,58	5,59	3,5	6,0	4,7
43,61	5,59	3,5	6,0	4,7
43,63	5,60	3,5	6,0	4,7
43,66	5,60	3,5	6,0	4,7
43,68	5,61	3,5	6,0	4,7
43,71	5,62	3,5	6,0	4,7
43,73	5,63	3,5	6,0	4,7
43,76	5,64	3,5	6,0	4,7
43,78	5,63	3,5	6,0	4,7
43,80	5,65	3,5	6,0	4,7
43,83	5,66	3,5	6,0	4,7
43,85	5,66	3,5	6,0	4,7
43,88	5,68	3,5	6,0	4,7
43,90	5,68	3,5	6,0	4,7
43,93	5,68	3,5	6,0	4,7
43,95	5,67	3,5	6,0	4,7
43,98	5,68	3,5	6,0	4,7
44,00	5,69	3,5	6,0	4,7
44,02	5,70	3,5	6,0	4,7
44,05	5,70	3,5	6,0	4,7
44,07	5,70	3,5	6,0	4,7
44,10	5,71	3,5	6,0	4,7
44,12	5,72	3,5	6,0	4,7
44,15	5,73	3,5	6,0	4,7
44,17	5,74	3,5	6,0	4,7
44,20	5,75	3,5	6,0	4,7
44,22	5,74	3,5	6,0	4,7
44,24	5,75	3,5	6,0	4,7
44,27	5,76	3,5	6,0	4,7
44,29	5,77	3,5	6,0	4,7
44,32	5,77	3,5	6,0	4,7
44,34	5,77	3,5	6,0	4,7
44,37	5,77	3,5	6,0	4,7
44,39	5,77	3,5	6,0	4,7
44,41	5,77	3,5	6,0	4,7
44,44	5,78	3,5	6,0	4,7
44,46	5,79	3,5	6,0	4,7
44,49	5,78	3,5	6,0	4,7
44,51	5,79	3,5	6,0	4,7
44,54	5,79	3,5	6,0	4,7
44,56	5,81	3,5	6,0	4,7
44,59	5,81	3,5	6,0	4,7
44,61	5,82	3,5	6,0	4,7
44,63	5,83	3,5	6,0	4,7
44,66	5,82	3,5	6,0	4,7
44,68	5,83	3,5	6,0	4,7
44,71	5,84	3,5	6,0	4,7
44,73	5,84	3,5	6,0	4,7
44,76	5,84	3,5	6,0	4,7
44,78	5,83	3,5	6,0	4,7
44,81	5,84	3,5	6,0	4,7
44,83	5,84	3,5	6,0	4,7
44,85	5,85	3,5	6,0	4,7
44,88	5,85	3,5	6,0	4,7
44,90	5,85	3,5	6,0	4,7
44,93	5,86	3,5	6,0	4,7
44,95	5,87	3,5	6,0	4,7
44,98	5,87	3,5	6,0	4,7
45,00	5,89	3,5	6,0	4,7
45,03	5,89	3,5	6,0	4,7
45,05	5,89	3,5	6,0	4,7
45,07	5,89	3,5	6,0	4,7
45,10	5,89	3,5	6,0	4,7
45,12	5,90	3,5	6,0	4,7
45,15	5,91	3,5	6,0	4,7
45,17	5,90	3,5	6,0	4,7
45,20	5,91	3,5	6,0	4,7
45,22	5,90	3,5	6,0	4,7
45,25	5,90	3,5	6,0	4,7
45,27	5,91	3,5	6,0	4,7
45,29	5,91	3,5	6,0	4,7
45,32	5,92	3,5	6,0	4,7
45,34	5,91	3,5	6,0	4,7
45,37	5,92	3,5	6,0	4,7
45,39	5,93	3,5	6,0	4,7
45,42	5,93	3,5	6,0	4,7
45,44	5,94	3,5	6,0	4,7
45,47	5,94	3,5	6,0	4,7
45,49	5,95	3,5	6,0	4,7
45,51	5,94	3,5	6,0	4,7
45,54	5,95	3,5	6,0	4,7
45,56	5,96	3,5	6,0	4,7
45,59	5,96	3,5	6,0	4,7
45,61	5,96	3,5	6,0	4,7
45,64	5,96	3,5	6,0	4,7
45,66	5,96	3,5	6,0	4,7
45,68	5,96	3,5	6,0	4,7
45,71	5,97	3,5	6,0	4,7
45,73	5,98	3,5	6,0	4,7
45,76	5,98	3,5	6,0	4,7
45,78	5,98	3,5	6,0	4,7
45,81	5,98	3,5	6,0	4,7
45,83	5,99	3,5	6,0	4,7
45,86	5,99	3,5	6,0	4,7
45,88	6,00	3,5	6,0	4,7
45,90	6,00	3,5	6,0	4,7
45,93	6,00	3,5	6,0	4,7
45,95	5,99	3,5	6,0	4,7
45,98	6,00	3,5	6,0	4,7
46,00	6,01	3,5	6,0	4,7
46,03	6,01	3,5	6,0	4,7
46,05	6,00	3,5	6,0	4,7
46,08	6,01	3,5	6,0	4,7
46,10	6,01	3,5	6,0	4,7
46,12	6,01	3,5	6,0	4,7
46,15	6,02	3,5	6,0	4,7
46,17	6,03	3,5	6,0	4,7
46,20	6,02	3,5	6,0	4,7
46,22	6,01	3,5	6,0	4,7
46,25	6,02	3,5	6,0	4,7
46,27	6,03	3,5	6,0	4,7
46,30	6,03	3,5	6,0	4,7
46,32	6,03	3,5	6,0	4,7
46,34	6,03	3,5	6,0	4,7
46,37	6,02	3,5	6,0	4,7
46,39	6,02	3,5	6,0	4,7
46,42	6,03	3,5	6,0	4,7
46,44	6,03	3,5	6,0	4,7
46,47	6,03	3,5	6,0	4,7
46,49	6,03	3,5	6,0	4,7
46,52	6,02	3,5	6,0	4,7
46,54	6,03	3,5	6,0	4,7
46,56	6,02	3,5	6,0	4,7
46,59	6,03	3,5	6,0	4,7
46,61	6,02	3,5	6,0	4,7
46,64	6,02	3,5	6,0	4,7
46,66	6,02	3,5	6,0	4,7
46,69	6,03	3,5	6,0	4,7
46,71	6,03	3,5	6,0	4,7
46,73	6,03	3,5	6,0	4,7
46,76	6,02	3,5	6,0	4,7
46,78	6,02	3,5	6,0	4,7
46,81	6,01	3,5	6,0	4,7
46,83	6,01	3,5	6,0	4,7
46,86	6,01	3,5	6,0	4,7
46,88	6,01	3,5	6,0	4,7
46,91	6,01	3,5	6,0	4,7
46,93	6,00	3,5	6,0	4,7
46,95	6,00	3,5	6,0	4,7
46,98	6,00	3,5	6,0	4,7
47,00	5,99	3,5	6,0	4,7
47,03	6,00	3,5	6,0	4,7
47,05	5,99	3,5	6,0	4,7
47,08	5,98	3,5	6,0	4,7
47,10	5,98	3,5	6,0	4,7
47,13	5,99	3,5	6,0	4,7
47,15	5,98	3,5	6,0	4,7
47,17	5,98	3,5	6,0	4,7
47,20	5,96	3,5	6,0	4,7
47,22	5,95	3,5	6,0	4,7
47,25	5,94	3,5	6,0	4,7
47,27	5,93	3,5	6,0	4,7
47,30	5,93	3,5	6,0	4,7
47,32	5,92	3,5	6,0	4,7
47,35	5,90	3,5	6,0	4,7
47,37	5,90	3,5	6,0	4,7
47,39	5,88	3,5	6,0	4,7
47,42	5,88	3,5	6,0	4,7
47,44	5,87	3,5	6,0	4,7
47,47	5,87	3,5	6,0	4,7
47,49	5,85	3,5	6,0	4,7
47,52	5,83	3,5	6,0	4,7
47,54	5,82	3,5	6,0	4,7
47,57	5,82	3,5	6,0	4,7
47,59	5,80	3,5	6,0	4,7
47,61	5,79	3,5	6,0	4,7
47,64	5,76	3,5	6,0	4,7
47,66	5,74	3,5	6,0	4,7
47,69	5,73	3,5	6,0	4,7
47,71	5,72	3,5	6,0	4,7
47,74	5,71	3,5	6,0	4,7
47,76	5,69	3,5	6,0	4,7
47,78	5,67	3,5	6,0	4,7
47,81	5,66	3,5	6,0	4,7
47,83	5,65	3,5	6,0	4,7
47,86	5,64	3,5	6,0	4,7
47,88	5,62	3,5	6,0	4,7
47,91	5,61	3,5	6,0	4,7
47,93	5,59	3,5	6,0	4,7
47,96	5,57	3,5	6,0	4,7
47,98	5,56	3,5	6,0	4,7
48,00	5,55	3,5	6,0	4,7
48,03	5,53	3,5	6,0	4,7
48,05	5,51	3,5	6,0	4,7
48,08	5,48	3,5	6,0	4,7
48,10	5,47	3,5	6,0	4,7
48,13	5,46	3,5	6,0	4,7
48,15	5,45	3,5	6,0	4,7
48,18	5,43	3,5	6,0	4,7
48,20	5,41	3,5	6,0	4,7
48,22	5,40	3,5	6,0	4,7
48,25	5,39	3,5	6,0	4,7
48,27	5,38	3,5	6,0	4,7
48,30	5,38	3,5	6,0	4,7
48,32	5,36	3,5	6,0	4,7
48,35	5,34	3,5	6,0	4,7
48,37	5,32	3,5	6,0	4,7
48,40	5,31	3,5	6,0	4,7
48,42	5,30	3,5	6,0	4,7
48,44	5,29	3,5	6,0	4,7
48,47	5,27	3,5	6,0	4,7
48,49	5,26	3,5	6,0	4,7
48,52	5,23	3,5	6,0	4,7
48,54	5,22	3,5	6,0	4,7
48,57	5,21	3,5	6,0	4,7
48,59	5,20	3,5	6,0	4,7
48,62	5,19	3,5	6,0	4,7
48,64	5,16	3,5	6,0	4,7
48,66	5,15	3,5	6,0	4,7
48,69	5,15	3,5	6,0	4,7
48,71	5,13	3,5	6,0	4,7
48,74	5,12	3,5	6,0	4,7
48,76	5,09	3,5	6,0	4,7
48,79	5,08	3,5	6,0	4,7
48,81	5,06	3,5	6,0	4,7
48,84	5,05	3,5	6,0	4,7
48,86	5,04	3,5	6,0	4,7
48,88	5,02	3,5	6,0	4,7
48,91	5,00	3,5	6,0	4,7
48,93	4,98	3,5	6,0	4,7
48,96	4,96	3,5	6,0	4,7
48,98	4,95	3,5	6,0	4,7
49,01	4,94	3,5	6,0	4,7
49,03	4,93	3,5	6,0	4,7
49,05	4,91	3,5	6,0	4,7
49,08	4,88	3,5	6,0	4,7
49,10	4,87	3,5	6,0	4,7
49,13	4,86	3,5	6,0	4,7
49,15	4,84	3,5	6,0	4,7
49,18	4,82	3,5	6,0	4,7
49,20	4,79	3,5	6,0	4,7
49,23	4,77	3,5	6,0	4,7
49,25	4,76	3,5	6,0	4,7
49,27	4,74	3,5	6,0	4,7
49,30	4,73	3,5	6,0	4,7
49,32	4,71	3,5	6,0	4,7
49,35	4,68	3,5	6,0	4,7
49,37	4,67	3,5	6,0	4,7
49,40	4,65	3,5	6,0	4,7
49,42	4,64	3,5	6,0	4,7
49,45	4,62	3,5	6,0	4,7
49,47	4,61	3,5	6,0	4,7
49,49	4,58	3,5	6,0	4,7
49,52	4,56	3,5	6,0	4,7
49,54	4,55	3,5	6,0	4,7
49,57	4,53	3,5	6,0	4,7
49,59	4,51	3,5	6,0	4,7
49,62	4,49	3,5	6,0	4,7
49,64	4,46	3,5	6,0	4,7
49,67	4,44	3,5	6,0	4,7
49,69	4,42	3,5	6,0	4,7
49,71	4,41	3,5	6,0	4,7
49,74	4,40	3,5	6,0	4,7
49,76	4,37	3,5	6,0	4,7
49,79	4,36	3,5	6,0	4,7
49,81	4,34	3,5	6,0	4,7
49,84	4,33	3,5	6,0	4,7
49,86	4,32	3,5	6,0	4,7
49,89	4,31	3,5	6,0	4,7
49,91	4,29	3,5	6,0	4,7
49,93	4,27	3,5	6,0	4,7
49,96	4,25	3,5	6,0	4,7
49,98	4,24	3,5	6,0	4,7
50,01	4,23	3,5	6,0	4,7
50,03	4,20	3,5	6,0	4,7
50,06	4,19	3,5	6,0	4,7
50,08	4,16	3,5	6,0	4,7
50,10	4,15	3,5	6,0	4,7
50,13	4,14	3,5	6,0	4,7
50,15	4,13	3,5	6,0	4,7
50,18	4,12	3,5	6,0	4,7
50,20	4,10	3,5	6,0	4,7
50,23	4,08	3,5	6,0	4,7
50,25	4,08	3,5	6,0	4,7
50,28	4,07	3,5	6,0	4,7
50,30	4,06	3,5	6,0	4,7
50,32	4,04	3,5	6,0	4,7
50,35	4,03	3,5	6,0	4,7
50,37	4,01	3,5	6,0	4,7
50,40	4,00	3,5	6,0	4,7
50,42	4,00	3,5	6,0	4,7
50,45	3,99	3,5	6,0	4,7
50,47	3,97	3,5	6,0	4,7
50,50	3,95	3,5	6,0	4,7
50,52	3,94	3,5	6,0	4,7
50,54	3,93	3,5	6,0	4,7
50,57	3,94	3,5	6,0	4,7
50,59	3,93	3,5	6,0	4,7
50,62	3,92	3,5	6,0	4,7
50,64	3,90	3,5	6,0	4,7
50,67	3,90	3,5	6,0	4,7
50,69	3,90	3,5	6,0	4,7
50,72	3,89	3,5	6,0	4,7
50,74	3,88	3,5	6,0	4,7
50,76	3,86	3,5	6,0	4,7
50,79	3,85	3,5	6,0	4,7
50,81	3,83	3,5	6,0	4,7
50,84	3,83	3,5	6,0	4,7
50,86	3,83	3,5	6,0	4,7
50,89	3,82	3,5	6,0	4,7
50,91	3,80	3,5	6,0	4,7
50,94	3,79	3,5	6,0	4,7
50,96	3,79	3,5	6,0	4,7
50,98	3,78	3,5	6,0	4,7
51,01	3,78	3,5	6,0	4,7
51,03	3,77	3,5	6,0	4,7
51,06	3,76	3,5	6,0	4,7
51,08	3,75	3,5	6,0	4,7
51,11	3,74	3,5	6,0	4,7
51,13	3,73	3,5	6,0	4,7
51,15	3,72	3,5	6,0	4,7
51,18	3,71	3,5	6,0	4,7
51,20	3,69	3,5	6,0	4,7
51,23	3,68	3,5	6,0	4,7
51,25	3,67	3,5	6,0	4,7
51,28	3,66	3,5	6,0	4,7
51,30	3,66	3,5	6,0	4,7
51,33	3,64	3,5	6,0	4,7
51,35	3,64	3,5	6,0	4,7
51,37	3,62	3,5	6,0	4,7
51,40	3,62	3,5	6,0	4,7
51,42	3,61	3,5	6,0	4,7
51,45	3,61	3,5	6,0	4,7
51,47	3,60	3,5	6,0	4,7
51,50	3,59	3,5	6,0	4,7
51,52	3,58	3,5	6,0	4,7
51,55	3,58	3,5	6,0	4,7
51,57	3,57	3,5	6,0	4,7
51,59	3,55	3,5	6,0	4,7
51,62	3,54	3,5	6,0	4,7
51,64	3,53	3,5	6,0	4,7
51,67	3,52	3,5	6,0	4,7
51,69	3,51	3,5	6,0	4,7
51,72	3,51	3,5	6,0	4,7
51,74	3,50	3,5	6,0	4,7
51,77	3,49	3,5	6,0	4,7
51,79	3,48	3,5	6,0	4,7
51,81	3,48	3,5	6,0	4,7
51,84	3,48	3,5	6,0	4,7
51,86	3,48	3,5	6,0	4,7
51,89	3,48	3,5	6,0	4,7
51,91	3,47	3,5	6,0	4,7
51,94	3,46	3,5	6,0	4,7
51,96	3,46	3,5	6,0	4,7
51,99	3,46	3,5	6,0	4,7
52,01	3,45	3,5	6,0	4,7
52,03	3,45	3,5	6,0	4,7
52,06	3,43	3,5	6,0	4,7
52,08	3,43	3,5	6,0	4,7
52,11	3,42	3,5	6,0	4,7
52,13	3,43	3,5	6,0	4,7
52,16	3,43	3,5	6,0	4,7
52,18	3,42	3,5	6,0	4,7
52,20	3,41	3,5	6,0	4,7
52,23	3,42	3,5	6,0	4,7
52,25	3,42	3,5	6,0	4,7
52,28	3,42	3,5	6,0	4,7
52,30	3,42	3,5	6,0	4,7
52,33	3,42	3,5	6,0	4,7
52,35	3,41	3,5	6,0	4,7
52,38	3,41	3,5	6,0	4,7
52,40	3,42	3,5	6,0	4,7
52,42	3,42	3,5	6,0	4,7
52,45	3,41	3,5	6,0	4,7
52,47	3,40	3,5	6,0	4,7
52,50	3,40	3,5	6,0	4,7
52,52	3,40	3,5	6,0	4,7
52,55	3,40	3,5	6,0	4,7
52,57	3,40	3,5	6,0	4,7
52,60	3,40	3,5	6,0	4,7
52,62	3,40	3,5	6,0	4,7
52,64	3,40	3,5	6,0	4,7
52,67	3,41	3,5	6,0	4,7
52,69	3,41	3,5	6,0	4,7
52,72	3,42	3,5	6,0	4,7
52,74	3,42	3,5	6,0	4,7
52,77	3,43	3,5	6,0	4,7
52,79	3,42	3,5	6,0	4,7
52,82	3,43	3,5	6,0	4,7
52,84	3,43	3,5	6,0	4,7
52,86	3,44	3,5	6,0	4,7
52,89	3,43	3,5	6,0	4,7
52,91	3,44	3,5	6,0	4,7
52,94	3,43	3,5	6,0	4,7
52,96	3,44	3,5	6,0	4,7
52,99	3,44	3,5	6,0	4,7
53,01	3,45	3,5	6,0	4,7
53,04	3,45	3,5	6,0	4,7
53,06	3,45	3,5	6,0	4,7
53,08	3,46	3,5	6,0	4,7
53,11	3,46	3,5	6,0	4,7
53,13	3,47	3,5	6,0	4,7
53,16	3,48	3,5	6,0	4,7
53,18	3,48	3,5	6,0	4,7
53,21	3,49	3,5	6,0	4,7
53,23	3,49	3,5	6,0	4,7
53,26	3,49	3,5	6,0	4,7
53,28	3,50	3,5	6,0	4,7
53,30	3,50	3,5	6,0	4,7
53,33	3,50	3,5	6,0	4,7
53,35	3,50	3,5	6,0	4,7
53,38	3,50	3,5	6,0	4,7
53,40	3,50	3,5	6,0	4,7
53,43	3,51	3,5	6,0	4,7
53,45	3,52	3,5	6,0	4,7
53,47	3,52	3,5	6,0	4,7
53,50	3,52	3,5	6,0	4,7
53,52	3,53	3,5	6,0	4,7
53,55	3,54	3,5	6,0	4,7
53,57	3,54	3,5	6,0	4,7
53,60	3,55	3,5	6,0	4,7
53,62	3,56	3,5	6,0	4,7
53,65	3,56	3,5	6,0	4,7
53,67	3,56	3,5	6,0	4,7
53,69	3,57	3,5	6,0	4,7
53,72	3,59	3,5	6,0	4,7
53,74	3,58	3,5	6,0	4,7
53,77	3,59	3,5	6,0	4,7
53,79	3,59	3,5	6,0	4,7
53,82	3,59	3,5	6,0	4,7
53,84	3,60	3,5	6,0	4,7
53,87	3,61	3,5	6,0	4,7
53,89	3,62	3,5	6,0	4,7
53,91	3,62	3,5	6,0	4,7
53,94	3,63	3,5	6,0	4,7
53,96	3,64	3,5	6,0	4,7
53,99	3,65	3,5	6,0	4,7
54,01	3,66	3,5	6,0	4,7
54,04	3,67	3,5	6,0	4,7
54,06	3,68	3,5	6,0	4,7
54,09	3,68	3,5	6,0	4,7
54,11	3,69	3,5	6,0	4,7
54,13	3,71	3,5	6,0	4,7
54,16	3,71	3,5	6,0	4,7
54,18	3,72	3,5	6,0	4,7
54,21	3,72	3,5	6,0	4,7
54,23	3,73	3,5	6,0	4,7
54,26	3,75	3,5	6,0	4,7
54,28	3,76	3,5	6,0	4,7
54,31	3,78	3,5	6,0	4,7
54,33	3,78	3,5	6,0	4,7
54,35	3,79	3,5	6,0	4,7
54,38	3,80	3,5	6,0	4,7
54,40	3,82	3,5	6,0	4,7
54,43	3,83	3,5	6,0	4,7
54,45	3,84	3,5	6,0	4,7
54,48	3,85	3,5	6,0	4,7
54,50	3,86	3,5	6,0	4,7
54,52	3,86	3,5	6,0	4,7
54,55	3,87	3,5	6,0	4,7
54,57	3,89	3,5	6,0	4,7
54,60	3,90	3,5	6,0	4,7
54,62	3,91	3,5	6,0	4,7
54,65	3,92	3,5	6,0	4,7
54,67	3,92	3,5	6,0	4,7
54,70	3,95	3,5	6,0	4,7
54,72	3,96	3,5	6,0	4,7
54,74	3,97	3,5	6,0	4,7
54,77	3,99	3,5	6,0	4,7
54,79	3,99	3,5	6,0	4,7
54,82	4,01	3,5	6,0	4,7
54,84	4,03	3,5	6,0	4,7
54,87	4,04	3,5	6,0	4,7
54,89	4,05	3,5	6,0	4,7
54,92	4,05	3,5	6,0	4,7
54,94	4,06	3,5	6,0	4,7
54,96	4,07	3,5	6,0	4,7
54,99	4,09	3,5	6,0	4,7
55,01	4,11	3,5	6,0	4,7
55,04	4,11	3,5	6,0	4,7
55,06	4,12	3,5	6,0	4,7
55,09	4,14	3,5	6,0	4,7
55,11	4,16	3,5	6,0	4,7
55,14	4,18	3,5	6,0	4,7
55,16	4,19	3,5	6,0	4,7
55,18	4,21	3,5	6,0	4,7
55,21	4,21	3,5	6,0	4,7
55,23	4,23	3,5	6,0	4,7
55,26	4,25	3,5	6,0	4,7
55,28	4,27	3,5	6,0	4,7
55,31	4,27	3,5	6,0	4,7
55,33	4,29	3,5	6,0	4,7
55,36	4,29	3,5	6,0	4,7
55,38	4,31	3,5	6,0	4,7
55,40	4,33	3,5	6,0	4,7
55,43	4,35	3,5	6,0	4,7
55,45	4,37	3,5	6,0	4,7
55,48	4,38	3,5	6,0	4,7
55,50	4,39	3,5	6,0	4,7
55,53	4,41	3,5	6,0	4,7
55,55	4,43	3,5	6,0	4,7
55,57	4,46	3,5	6,0	4,7
55,60	4,47	3,5	6,0	4,7
55,62	4,49	3,5	6,0	4,7
55,65	4,50	3,5	6,0	4,7
55,67	4,51	3,5	6,0	4,7
55,70	4,53	3,5	6,0	4,7
55,72	4,55	3,5	6,0	4,7
55,75	4,56	3,5	6,0	4,7
55,77	4,57	3,5	6,0	4,7
55,79	4,59	3,5	6,0	4,7
55,82	4,60	3,5	6,0	4,7
55,84	4,62	3,5	6,0	4,7
55,87	4,64	3,5	6,0	4,7
55,89	4,66	3,5	6,0	4,7
55,92	4,67	3,5	6,0	4,7
55,94	4,68	3,5	6,0	4,7
55,97	4,71	3,5	6,0	4,7
55,99	4,72	3,5	6,0	4,7
56,01	4,74	3,5	6,0	4,7
56,04	4,75	3,5	6,0	4,7
56,06	4,77	3,5	6,0	4,7
56,09	4,78	3,5	6,0	4,7
56,11	4,79	3,5	6,0	4,7
56,14	4,82	3,5	6,0	4,7
56,16	4,83	3,5	6,0	4,7
56,19	4,84	3,5	6,0	4,7
56,21	4,86	3,5	6,0	4,7
56,23	4,87	3,5	6,0	4,7
56,26	4,89	3,5	6,0	4,7
56,28	4,91	3,5	6,0	4,7
56,31	4,93	3,5	6,0	4,7
56,33	4,95	3,5	6,0	4,7
56,36	4,96	3,5	6,0	4,7
56,38	4,99	3,5	6,0	4,7
56,41	5,00	3,5	6,0	4,7
56,43	5,03	3,5	6,0	4,7
56,45	5,05	3,5	6,0	4,7
56,48	5,07	3,5	6,0	4,7
56,50	5,08	3,5	6,0	4,7
56,53	5,09	3,5	6,0	4,7
56,55	5,12	3,5	6,0	4,7
56,58	5,14	3,5	6,0	4,7
56,60	5,15	3,5	6,0	4,7
56,62	5,17	3,5	6,0	4,7
56,65	5,19	3,5	6,0	4,7
56,67	5,21	3,5	6,0	4,7
56,70	5,23	3,5	6,0	4,7
56,72	5,26	3,5	6,0	4,7
56,75	5,28	3,5	6,0	4,7
56,77	5,29	3,5	6,0	4,7
56,80	5,31	3,5	6,0	4,7
56,82	5,33	3,5	6,0	4,7
56,84	5,36	3,5	6,0	4,7
56,87	5,38	3,5	6,0	4,7
56,89	5,40	3,5	6,0	4,7
56,92	5,42	3,5	6,0	4,7
56,94	5,43	3,5	6,0	4,7
56,97	5,45	3,5	6,0	4,7
56,99	5,47	3,5	6,0	4,7
57,02	5,50	3,5	6,0	4,7
57,04	5,50	3,5	6,0	4,7
57,06	5,53	3,5	6,0	4,7
57,09	5,54	3,5	6,0	4,7
57,11	5,56	3,5	6,0	4,7
57,14	5,58	3,5	6,0	4,7
57,16	5,61	3,5	6,0	4,7
57,19	5,63	3,5	6,0	4,7
57,21	5,64	3,5	6,0	4,7
57,24	5,66	3,5	6,0	4,7
57,26	5,69	3,5	6,0	4,7
57,28	5,71	3,5	6,0	4,7
57,31	5,73	3,5	6,0	4,7
57,33	5,74	3,5	6,0	4,7
57,36	5,76	3,5	6,0	4,7
57,38	5,77	3,5	6,0	4,7
57,41	5,79	3,5	6,0	4,7
57,43	5,82	3,5	6,0	4,7
57,46	5,84	3,5	6,0	4,7
57,48	5,85	3,5	6,0	4,7
57,50	5,86	3,5	6,0	4,7
57,53	5,88	3,5	6,0	4,7
57,55	5,91	3,5	6,0	4,7
57,58	5,93	3,5	6,0	4,7
57,60	5,96	3,5	6,0	4,7
57,63	5,98	3,5	6,0	4,7
57,65	6,00	3,5	6,0	4,7
57,68	6,01	3,5	6,0	4,7
57,70	6,04	3,5	6,0	4,7
57,72	6,06	3,5	6,0	4,7
57,75	6,08	3,5	6,0	4,7
57,77	6,09	3,5	6,0	4,7
57,80	6,11	3,5	6,0	4,7
57,82	6,13	3,5	6,0	4,7
57,85	6,15	3,5	6,0	4,7
57,87	6,18	3,5	6,0	4,7
57,89	6,19	3,5	6,0	4,7
57,92	6,21	3,5	6,0	4,7
57,94	6,23	3,5	6,0	4,7
57,97	6,25	3,5	6,0	4,7
57,99	6,29	3,5	6,0	4,7
58,02	6,31	3,5	6,0	4,7
58,04	6,33	3,5	6,0	4,7
58,07	6,35	3,5	6,0	4,7
58,09	6,37	3,5	6,0	4,7
58,11	6,40	3,5	6,0	4,7
58,14	6,42	3,5	6,0	4,7
58,16	6,44	3,5	6,0	4,7
58,19	6,45	3,5	6,0	4,7
58,21	6,46	3,5	6,0	4,7
58,24	6,48	3,5	6,0	4,7
58,26	6,50	3,5	6,0	4,7
58,29	6,54	3,5	6,0	4,7
58,31	6,56	3,5	6,0	4,7
58,33	6,57	3,5	6,0	4,7
58,36	6,59	3,5	6,0	4,7
58,38	6,62	3,5	6,0	4,7
58,41	6,64	3,5	6,0	4,7
58,43	6,68	3,5	6,0	4,7
58,46	6,70	3,5	6,0	4,7
58,48	6,72	3,5	6,0	4,7
58,51	6,74	3,5	6,0	4,7
58,53	6,76	3,5	6,0	4,7
58,55	6,78	3,5	6,0	4,7
58,58	6,80	3,5	6,0	4,7
58,60	6,81	3,5	6,0	4,7
58,63	6,84	3,5	6,0	4,7
58,65	6,85	3,5	6,0	4,7
58,68	6,88	3,5	6,0	4,7
58,70	6,90	3,5	6,0	4,7
58,73	6,93	3,5	6,0	4,7
58,75	6,96	3,5	6,0	4,7
58,77	6,96	3,5	6,0	4,7
58,80	6,99	3,5	6,0	4,7
58,82	7,01	3,5	6,0	4,7
58,85	7,03	3,5	6,0	4,7
58,87	7,06	3,5	6,0	4,7
58,90	7,08	3,5	6,0	4,7
58,92	7,10	3,5	6,0	4,7
58,94	7,11	3,5	6,0	4,7
58,97	7,13	3,5	6,0	4,7
58,99	7,16	3,5	6,0	4,7
59,02	7,18	3,5	6,0	4,7
59,04	7,19	3,5	6,0	4,7
59,07	7,21	3,5	6,0	4,7
59,09	7,23	3,5	6,0	4,7
59,12	7,25	3,5	6,0	4,7
59,14	7,27	3,5	6,0	4,7
59,16	7,30	3,5	6,0	4,7
59,19	7,32	3,5	6,0	4,7
59,21	7,34	3,5	6,0	4,7
59,24	7,35	3,5	6,0	4,7
59,26	7,39	3,5	6,0	4,7
59,29	7,40	3,5	6,0	4,7
59,31	7,43	3,5	6,0	4,7
59,34	7,45	3,5	6,0	4,7
59,36	7,46	3,5	6,0	4,7
59,38	7,48	3,5	6,0	4,7
59,41	7,50	3,5	6,0	4,7
59,43	7,53	3,5	6,0	4,7
59,46	7,54	3,5	6,0	4,7
59,48	7,56	3,5	6,0	4,7
59,51	7,58	3,5	6,0	4,7
59,53	7,60	3,5	6,0	4,7
59,56	7,63	3,5	6,0	4,7
59,58	7,65	3,5	6,0	4,7
59,60	7,68	3,5	6,0	4,7
59,63	7,69	3,5	6,0	4,7
59,65	7,71	3,5	6,0	4,7
59,68	7,74	3,5	6,0	4,7
59,70	7,76	3,5	6,0	4,7
59,73	7,79	3,5	6,0	4,7
59,75	7,81	3,5	6,0	4,7
59,78	7,83	3,5	6,0	4,7
59,80	7,84	3,5	6,0	4,7
59,82	7,86	3,5	6,0	4,7
59,85	7,89	3,5	6,0	4,7
59,87	7,91	3,5	6,0	4,7
59,90	7,92	3,5	6,0	4,7
59,92	7,94	3,5	6,0	4,7
59,95	7,96	3,5	6,0	4,7
59,97	7,99	3,5	6,0	4,7
59,99	8,01	3,5	6,0	4,7
60,02	8,04	3,5	6,0	4,7
60,04	8,05	3,5	6,0	4,7
60,07	8,07	3,5	6,0	4,7
60,09	8,09	3,5	6,0	4,7
60,12	8,11	3,5	6,0	4,7
60,14	8,13	3,5	6,0	4,7
60,17	8,16	3,5	6,0	4,7
60,19	8,18	3,5	6,0	4,7
60,21	8,20	3,5	6,0	4,7
60,24	8,21	3,5	6,0	4,7
60,26	8,23	3,5	6,0	4,7
60,29	8,25	3,5	6,0	4,7
60,31	8,28	3,5	6,0	4,7
60,34	8,28	3,5	6,0	4,7
60,36	8,30	3,5	6,0	4,7
60,39	8,32	3,5	6,0	4,7
60,41	8,34	3,5	6,0	4,7
60,43	8,37	3,5	6,0	4,7
60,46	8,39	3,5	6,0	4,7
60,48	8,42	3,5	6,0	4,7
60,51	8,42	3,5	6,0	4,7
60,53	8,44	3,5	6,0	4,7
60,56	8,47	3,5	6,0	4,7
60,58	8,49	3,5	6,0	4,7
60,61	8,51	3,5	6,0	4,7
60,63	8,52	3,5	6,0	4,7
60,65	8,54	3,5	6,0	4,7
60,68	8,55	3,5	6,0	4,7
60,70	8,58	3,5	6,0	4,7
60,73	8,60	3,5	6,0	4,7
60,75	8,62	3,5	6,0	4,7
60,78	8,63	3,5	6,0	4,7
60,80	8,65	3,5	6,0	4,7
60,83	8,67	3,5	6,0	4,7
60,85	8,70	3,5	6,0	4,7
60,87	8,71	3,5	6,0	4,7
60,90	8,74	3,5	6,0	4,7
60,92	8,76	3,5	6,0	4,7
60,95	8,78	3,5	6,0	4,7
60,97	8,79	3,5	6,0	4,7
61,00	8,82	3,5	6,0	4,7
61,02	8,83	3,5	6,0	4,7
61,05	8,85	3,5	6,0	4,7
61,07	8,86	3,5	6,0	4,7
61,09	8,88	3,5	6,0	4,7
61,12	8,90	3,5	6,0	4,7
61,14	8,92	3,5	6,0	4,7
61,17	8,94	3,5	6,0	4,7
61,19	8,95	3,5	6,0	4,7
61,22	8,97	3,5	6,0	4,7
61,24	8,99	3,5	6,0	4,7
61,26	9,01	3,5	6,0	4,7
61,29	9,05	3,5	6,0	4,7
61,31	9,06	3,5	6,0	4,7
61,34	9,08	3,5	6,0	4,7
61,36	9,10	3,5	6,0	4,7
61,39	9,11	3,5	6,0	4,7
61,41	9,14	3,5	6,0	4,7
61,44	9,15	3,5	6,0	4,7
61,46	9,16	3,5	6,0	4,7
61,48	9,18	3,5	6,0	4,7
61,51	9,18	3,5	6,0	4,7
61,53	9,20	3,5	6,0	4,7
61,56	9,22	3,5	6,0	4,7
61,58	9,25	3,5	6,0	4,7
61,61	9,26	3,5	6,0	4,7
61,63	9,27	3,5	6,0	4,7
61,66	9,29	3,5	6,0	4,7
61,68	9,31	3,5	6,0	4,7
61,70	9,33	3,5	6,0	4,7
61,73	9,35	3,5	6,0	4,7
61,75	9,37	3,5	6,0	4,7
61,78	9,39	3,5	6,0	4,7
61,80	9,39	3,5	6,0	4,7
61,83	9,41	3,5	6,0	4,7
61,85	9,44	3,5	6,0	4,7
61,88	9,45	3,5	6,0	4,7
61,90	9,45	3,5	6,0	4,7
61,92	9,48	3,5	6,0	4,7
61,95	9,49	3,5	6,0	4,7
61,97	9,51	3,5	6,0	4,7
62,00	9,53	3,5	6,0	4,7
62,02	9,55	3,5	6,0	4,7
62,05	9,57	3,5	6,0	4,7
62,07	9,57	3,5	6,0	4,7
62,10	9,59	3,5	6,0	4,7
62,12	9,61	3,5	6,0	4,7
62,14	9,63	3,5	6,0	4,7
62,17	9,65	3,5	6,0	4,7
62,19	9,67	3,5	6,0	4,7
62,22	9,69	3,5	6,0	4,7
62,24	9,69	3,5	6,0	4,7
62,27	9,71	3,5	6,0	4,7
62,29	9,74	3,5	6,0	4,7
62,31	9,75	3,5	6,0	4,7
62,34	9,76	3,5	6,0	4,7
62,36	9,77	3,5	6,0	4,7
62,39	9,79	3,5	6,0	4,7
62,41	9,81	3,5	6,0	4,7
62,44	9,84	3,5	6,0	4,7
62,46	9,85	3,5	6,0	4,7
62,49	9,86	3,5	6,0	4,7
62,51	9,88	3,5	6,0	4,7
62,53	9,89	3,5	6,0	4,7
62,56	9,91	3,5	6,0	4,7
62,58	9,93	3,5	6,0	4,7
62,61	9,94	3,5	6,0	4,7
62,63	9,96	3,5	6,0	4,7
62,66	9,96	3,5	6,0	4,7
62,68	9,98	3,5	6,0	4,7
62,71	10,00	3,5	6,0	4,7
62,73	10,02	3,5	6,0	4,7
62,75	10,03	3,5	6,0	4,7
62,78	10,04	3,5	6,0	4,7
62,80	10,05	3,5	6,0	4,7
62,83	10,07	3,5	6,0	4,7
62,85	10,08	3,5	6,0	4,7
62,88	10,10	3,5	6,0	4,7
62,90	10,12	3,5	6,0	4,7
62,93	10,12	3,5	6,0	4,7
62,95	10,14	3,5	6,0	4,7
62,97	10,16	3,5	6,0	4,7
63,00	10,17	3,5	6,0	4,7
63,02	10,19	3,5	6,0	4,7
63,05	10,19	3,5	6,0	4,7
63,07	10,21	3,5	6,0	4,7
63,10	10,22	3,5	6,0	4,7
63,12	10,23	3,5	6,0	4,7
63,15	10,25	3,5	6,0	4,7
63,17	10,25	3,5	6,0	4,7
63,19	10,26	3,5	6,0	4,7
63,22	10,28	3,5	6,0	4,7
63,24	10,28	3,5	6,0	4,7
63,27	10,31	3,5	6,0	4,7
63,29	10,32	3,5	6,0	4,7
63,32	10,34	3,5	6,0	4,7
63,34	10,35	3,5	6,0	4,7
63,36	10,35	3,5	6,0	4,7
63,39	10,36	3,5	6,0	4,7
63,41	10,38	3,5	6,0	4,7
63,44	10,39	3,5	6,0	4,7
63,46	10,41	3,5	6,0	4,7
63,49	10,42	3,5	6,0	4,7
63,51	10,43	3,5	6,0	4,7
63,54	10,44	3,5	6,0	4,7
63,56	10,45	3,5	6,0	4,7
63,58	10,47	3,5	6,0	4,7
63,61	10,48	3,5	6,0	4,7
63,63	10,48	3,5	6,0	4,7
63,66	10,49	3,5	6,0	4,7
63,68	10,50	3,5	6,0	4,7
63,71	10,52	3,5	6,0	4,7
63,73	10,53	3,5	6,0	4,7
63,76	10,55	3,5	6,0	4,7
63,78	10,56	3,5	6,0	4,7
63,80	10,56	3,5	6,0	4,7
63,83	10,57	3,5	6,0	4,7
63,85	10,59	3,5	6,0	4,7
63,88	10,59	3,5	6,0	4,7
63,90	10,60	3,5	6,0	4,7
63,93	10,60	3,5	6,0	4,7
63,95	10,61	3,5	6,0	4,7
63,98	10,61	3,5	6,0	4,7
64,00	10,63	3,5	6,0	4,7
64,02	10,64	3,5	6,0	4,7
64,05	10,64	3,5	6,0	4,7
64,07	10,64	3,5	6,0	4,7
64,10	10,65	3,5	6,0	4,7
64,12	10,66	3,5	6,0	4,7
64,15	10,67	3,5	6,0	4,7
64,17	10,68	3,5	6,0	4,7
64,20	10,68	3,5	6,0	4,7
64,22	10,68	3,5	6,0	4,7
64,24	10,68	3,5	6,0	4,7
64,27	10,68	3,5	6,0	4,7
64,29	10,69	3,5	6,0	4,7
64,32	10,69	3,5	6,0	4,7
64,34	10,69	3,5	6,0	4,7
64,37	10,68	3,5	6,0	4,7
64,39	10,69	3,5	6,0	4,7
64,41	10,70	3,5	6,0	4,7
64,44	10,70	3,5	6,0	4,7
64,46	10,70	3,5	6,0	4,7
64,49	10,70	3,5	6,0	4,7
64,51	10,70	3,5	6,0	4,7
64,54	10,70	3,5	6,0	4,7
64,56	10,71	3,5	6,0	4,7
64,59	10,72	3,5	6,0	4,7
64,61	10,72	3,5	6,0	4,7
64,63	10,72	3,5	6,0	4,7
64,66	10,71	3,5	6,0	4,7
64,68	10,71	3,5	6,0	4,7
64,71	10,72	3,5	6,0	4,7
64,73	10,72	3,5	6,0	4,7
64,76	10,72	3,5	6,0	4,7
64,78	10,72	3,5	6,0	4,7
64,81	10,71	3,5	6,0	4,7
64,83	10,72	3,5	6,0	4,7
64,85	10,72	3,5	6,0	4,7
64,88	10,73	3,5	6,0	4,7
64,90	10,72	3,5	6,0	4,7
64,93	10,71	3,5	6,0	4,7
64,95	10,72	3,5	6,0	4,7
64,98	10,72	3,5	6,0	4,7
65,00	10,72	3,5	6,0	4,7
65,03	10,73	3,5	6,0	4,7
65,05	10,73	3,5	6,0	4,7
65,07	10,72	3,5	6,0	4,7
65,10	10,72	3,5	6,0	4,7
65,12	10,72	3,5	6,0	4,7
65,15	10,73	3,5	6,0	4,7
65,17	10,73	3,5	6,0	4,7
65,20	10,72	3,5	6,0	4,7
65,22	10,72	3,5	6,0	4,7
65,25	10,72	3,5	6,0	4,7
65,27	10,72	3,5	6,0	4,7
65,29	10,73	3,5	6,0	4,7
65,32	10,73	3,5	6,0	4,7
65,34	10,73	3,5	6,0	4,7
65,37	10,71	3,5	6,0	4,7
65,39	10,72	3,5	6,0	4,7
65,42	10,72	3,5	6,0	4,7
65,44	10,72	3,5	6,0	4,7
65,47	10,72	3,5	6,0	4,7
65,49	10,72	3,5	6,0	4,7
65,51	10,72	3,5	6,0	4,7
65,54	10,71	3,5	6,0	4,7
65,56	10,71	3,5	6,0	4,7
65,59	10,72	3,5	6,0	4,7
65,61	10,71	3,5	6,0	4,7
65,64	10,71	3,5	6,0	4,7
65,66	10,70	3,5	6,0	4,7
65,68	10,71	3,5	6,0	4,7
65,71	10,71	3,5	6,0	4,7
65,73	10,71	3,5	6,0	4,7
65,76	10,71	3,5	6,0	4,7
65,78	10,70	3,5	6,0	4,7
65,81	10,69	3,5	6,0	4,7
65,83	10,69	3,5	6,0	4,7
65,86	10,69	3,5	6,0	4,7
65,88	10,69	3,5	6,0	4,7
65,90	10,68	3,5	6,0	4,7
65,93	10,67	3,5	6,0	4,7
65,95	10,66	3,5	6,0	4,7
65,98	10,66	3,5	6,0	4,7
66,00	10,66	3,5	6,0	4,7
66,03	10,66	3,5	6,0	4,7
66,05	10,65	3,5	6,0	4,7
66,08	10,64	3,5	6,0	4,7
66,10	10,63	3,5	6,0	4,7
66,12	10,63	3,5	6,0	4,7
66,15	10,63	3,5	6,0	4,7
66,17	10,63	3,5	6,0	4,7
66,20	10,62	3,5	6,0	4,7
66,22	10,61	3,5	6,0	4,7
66,25	10,60	3,5	6,0	4,7
66,27	10,60	3,5	6,0	4,7
66,30	10,59	3,5	6,0	4,7
66,32	10,58	3,5	6,0	4,7
66,34	10,57	3,5	6,0	4,7
66,37	10,56	3,5	6,0	4,7
66,39	10,54	3,5	6,0	4,7
66,42	10,53	3,5	6,0	4,7
66,44	10,53	3,5	6,0	4,7
66,47	10,52	3,5	6,0	4,7
66,49	10,51	3,5	6,0	4,7
66,52	10,50	3,5	6,0	4,7
66,54	10,49	3,5	6,0	4,7
66,56	10,49	3,5	6,0	4,7
66,59	10,49	3,5	6,0	4,7
66,61	10,49	3,5	6,0	4,7
66,64	10,47	3,5	6,0	4,7
66,66	10,46	3,5	6,0	4,7
66,69	10,45	3,5	6,0	4,7
66,71	10,45	3,5	6,0	4,7
66,73	10,44	3,5	6,0	4,7
66,76	10,43	3,5	6,0	4,7
66,78	10,42	3,5	6,0	4,7
66,81	10,41	3,5	6,0	4,7
66,83	10,39	3,5	6,0	4,7
66,86	10,39	3,5	6,0	4,7
66,88	10,39	3,5	6,0	4,7
66,91	10,38	3,5	6,0	4,7
66,93	10,36	3,5	6,0	4,7
66,95	10,37	3,5	6,0	4,7
66,98	10,36	3,5	6,0	4,7
67,00	10,36	3,5	6,0	4,7
67,03	10,36	3,5	6,0	4,7
67,05	10,35	3,5	6,0	4,7
67,08	10,34	3,5	6,0	4,7
67,10	10,32	3,5	6,0	4,7
67,13	10,32	3,5	6,0	4,7
67,15	10,32	3,5	6,0	4,7
67,17	10,30	3,5	6,0	4,7
67,20	10,30	3,5	6,0	4,7
67,22	10,28	3,5	6,0	4,7
67,25	10,28	3,5	6,0	4,7
67,27	10,26	3,5	6,0	4,7
67,30	10,26	3,5	6,0	4,7
67,32	10,26	3,5	6,0	4,7
67,35	10,24	3,5	6,0	4,7
67,37	10,24	3,5	6,0	4,7
67,39	10,24	3,5	6,0	4,7
67,42	10,23	3,5	6,0	4,7
67,44	10,23	3,5	6,0	4,7
67,47	10,22	3,5	6,0	4,7
67,49	10,21	3,5	6,0	4,7
67,52	10,20	3,5	6,0	4,7
67,54	10,19	3,5	6,0	4,7
67,57	10,18	3,5	6,0	4,7
67,59	10,18	3,5	6,0	4,7
67,61	10,17	3,5	6,0	4,7
67,64	10,16	3,5	6,0	4,7
67,66	10,15	3,5	6,0	4,7
67,69	10,14	3,5	6,0	4,7
67,71	10,14	3,5	6,0	4,7
67,74	10,13	3,5	6,0	4,7
67,76	10,12	3,5	6,0	4,7
67,78	10,11	3,5	6,0	4,7
67,81	10,10	3,5	6,0	4,7
67,83	10,10	3,5	6,0	4,7
67,86	10,09	3,5	6,0	4,7
67,88	10,09	3,5	6,0	4,7
67,91	10,08	3,5	6,0	4,7
67,93	10,07	3,5	6,0	4,7
67,96	10,05	3,5	6,0	4,7
67,98	10,04	3,5	6,0	4,7
68,00	10,04	3,5	6,0	4,7
68,03	10,03	3,5	6,0	4,7
68,05	10,02	3,5	6,0	4,7
68,08	10,01	3,5	6,0	4,7
68,10	9,99	3,5	6,0	4,7
68,13	9,98	3,5	6,0	4,7
68,15	9,98	3,5	6,0	4,7
68,18	9,98	3,5	6,0	4,7
68,20	9,96	3,5	6,0	4,7
68,22	9,94	3,5	6,0	4,7
68,25	9,94	3,5	6,0	4,7
68,27	9,93	3,5	6,0	4,7
68,30	9,92	3,5	6,0	4,7
68,32	9,91	3,5	6,0	4,7
68,35	9,91	3,5	6,0	4,7
68,37	9,89	3,5	6,0	4,7
68,40	9,88	3,5	6,0	4,7
68,42	9,87	3,5	6,0	4,7
68,44	9,87	3,5	6,0	4,7
68,47	9,85	3,5	6,0	4,7
68,49	9,84	3,5	6,0	4,7
68,52	9,83	3,5	6,0	4,7
68,54	9,82	3,5	6,0	4,7
68,57	9,81	3,5	6,0	4,7
68,59	9,80	3,5	6,0	4,7
68,62	9,80	3,5	6,0	4,7
68,64	9,78	3,5	6,0	4,7
68,66	9,76	3,5	6,0	4,7
68,69	9,77	3,5	6,0	4,7
68,71	9,76	3,5	6,0	4,7
68,74	9,75	3,5	6,0	4,7
68,76	9,74	3,5	6,0	4,7
68,79	9,72	3,5	6,0	4,7
68,81	9,71	3,5	6,0	4,7
68,83	9,70	3,5	6,0	4,7
68,86	9,70	3,5	6,0	4,7
68,88	9,69	3,5	6,0	4,7
68,91	9,67	3,5	6,0	4,7
68,93	9,67	3,5	6,0	4,7
68,96	9,66	3,5	6,0	4,7
68,98	9,66	3,5	6,0	4,7
69,01	9,65	3,5	6,0	4,7
69,03	9,64	3,5	6,0	4,7
69,05	9,64	3,5	6,0	4,7
69,08	9,63	3,5	6,0	4,7
69,10	9,62	3,5	6,0	4,7
69,13	9,62	3,5	6,0	4,7
69,15	9,62	3,5	6,0	4,7
69,18	9,61	3,5	6,0	4,7
69,20	9,60	3,5	6,0	4,7
69,23	9,59	3,5	6,0	4,7
69,25	9,57	3,5	6,0	4,7
69,27	9,57	3,5	6,0	4,7
69,30	9,56	3,5	6,0	4,7
69,32	9,55	3,5	6,0	4,7
69,35	9,54	3,5	6,0	4,7
69,37	9,53	3,5	6,0	4,7
69,40	9,53	3,5	6,0	4,7
69,42	9,53	3,5	6,0	4,7
69,45	9,53	3,5	6,0	4,7
69,47	9,53	3,5	6,0	4,7
69,49	9,53	3,5	6,0	4,7
69,52	9,52	3,5	6,0	4,7
69,54	9,51	3,5	6,0	4,7
69,57	9,51	3,5	6,0	4,7
69,59	9,51	3,5	6,0	4,7
69,62	9,50	3,5	6,0	4,7
69,64	9,48	3,5	6,0	4,7
69,67	9,48	3,5	6,0	4,7
69,69	9,47	3,5	6,0	4,7
69,71	9,46	3,5	6,0	4,7
69,74	9,46	3,5	6,0	4,7
69,76	9,45	3,5	6,0	4,7
69,79	9,44	3,5	6,0	4,7
69,81	9,44	3,5	6,0	4,7
69,84	9,43	3,5	6,0	4,7
69,86	9,44	3,5	6,0	4,7
69,89	9,43	3,5	6,0	4,7
69,91	9,44	3,5	6,0	4,7
69,93	9,42	3,5	6,0	4,7
69,96	9,41	3,5	6,0	4,7
69,98	9,41	3,5	6,0	4,7
70,01	9,41	3,5	6,0	4,7
70,03	9,40	3,5	6,0	4,7
70,06	9,39	3,5	6,0	4,7
70,08	9,38	3,5	6,0	4,7
70,10	9,37	3,5	6,0	4,7
70,13	9,36	3,5	6,0	4,7
70,15	9,36	3,5	6,0	4,7
70,18	9,36	3,5	6,0	4,7
70,20	9,34	3,5	6,0	4,7
70,23	9,34	3,5	6,0	4,7
70,25	9,35	3,5	6,0	4,7
70,28	9,34	3,5	6,0	4,7
70,30	9,34	3,5	6,0	4,7
70,32	9,33	3,5	6,0	4,7
70,35	9,33	3,5	6,0	4,7
70,37	9,32	3,5	6,0	4,7
70,40	9,31	3,5	6,0	4,7
70,42	9,31	3,5	6,0	4,7
70,45	9,31	3,5	6,0	4,7
70,47	9,30	3,5	6,0	4,7
70,50	9,30	3,5	6,0	4,7
70,52	9,28	3,5	6,0	4,7
70,54	9,28	3,5	6,0	4,7
70,57	9,27	3,5	6,0	4,7
70,59	9,28	3,5	6,0	4,7
70,62	9,27	3,5	6,0	4,7
70,64	9,26	3,5	6,0	4,7
70,67	9,26	3,5	6,0	4,7
70,69	9,27	3,5	6,0	4,7
70,72	9,27	3,5	6,0	4,7
70,74	9,27	3,5	6,0	4,7
70,76	9,26	3,5	6,0	4,7
70,79	9,26	3,5	6,0	4,7
70,81	9,25	3,5	6,0	4,7
70,84	9,25	3,5	6,0	4,7
70,86	9,25	3,5	6,0	4,7
70,89	9,25	3,5	6,0	4,7
70,91	9,24	3,5	6,0	4,7
70,94	9,24	3,5	6,0	4,7
70,96	9,23	3,5	6,0	4,7
70,98	9,23	3,5	6,0	4,7
71,01	9,23	3,5	6,0	4,7
71,03	9,23	3,5	6,0	4,7
71,06	9,23	3,5	6,0	4,7
71,08	9,21	3,5	6,0	4,7
71,11	9,21	3,5	6,0	4,7
71,13	9,22	3,5	6,0	4,7
71,15	9,22	3,5	6,0	4,7
71,18	9,23	3,5	6,0	4,7
71,20	9,22	3,5	6,0	4,7
71,23	9,22	3,5	6,0	4,7
71,25	9,21	3,5	6,0	4,7
71,28	9,22	3,5	6,0	4,7
71,30	9,22	3,5	6,0	4,7
71,33	9,21	3,5	6,0	4,7
71,35	9,21	3,5	6,0	4,7
71,37	9,21	3,5	6,0	4,7
71,40	9,20	3,5	6,0	4,7
71,42	9,20	3,5	6,0	4,7
71,45	9,21	3,5	6,0	4,7
71,47	9,21	3,5	6,0	4,7
71,50	9,20	3,5	6,0	4,7
71,52	9,20	3,5	6,0	4,7
71,55	9,21	3,5	6,0	4,7
71,57	9,21	3,5	6,0	4,7
71,59	9,22	3,5	6,0	4,7
71,62	9,22	3,5	6,0	4,7
71,64	9,23	3,5	6,0	4,7
71,67	9,21	3,5	6,0	4,7
71,69	9,21	3,5	6,0	4,7
71,72	9,23	3,5	6,0	4,7
71,74	9,23	3,5	6,0	4,7
71,77	9,22	3,5	6,0	4,7
71,79	9,22	3,5	6,0	4,7
71,81	9,22	3,5	6,0	4,7
71,84	9,22	3,5	6,0	4,7
71,86	9,22	3,5	6,0	4,7
71,89	9,23	3,5	6,0	4,7
71,91	9,23	3,5	6,0	4,7
71,94	9,23	3,5	6,0	4,7
71,96	9,23	3,5	6,0	4,7
71,99	9,24	3,5	6,0	4,7
72,01	9,25	3,5	6,0	4,7
72,03	9,25	3,5	6,0	4,7
72,06	9,25	3,5	6,0	4,7
72,08	9,25	3,5	6,0	4,7
72,11	9,24	3,5	6,0	4,7
72,13	9,23	3,5	6,0	4,7
72,16	9,25	3,5	6,0	4,7
72,18	9,25	3,5	6,0	4,7
72,20	9,25	3,5	6,0	4,7
72,23	9,25	3,5	6,0	4,7
72,25	9,25	3,5	6,0	4,7
72,28	9,27	3,5	6,0	4,7
72,30	9,27	3,5	6,0	4,7
72,33	9,28	3,5	6,0	4,7
72,35	9,28	3,5	6,0	4,7
72,38	9,28	3,5	6,0	4,7
72,40	9,28	3,5	6,0	4,7
72,42	9,30	3,5	6,0	4,7
72,45	9,30	3,5	6,0	4,7
72,47	9,31	3,5	6,0	4,7
72,50	9,30	3,5	6,0	4,7
72,52	9,30	3,5	6,0	4,7
72,55	9,30	3,5	6,0	4,7
72,57	9,31	3,5	6,0	4,7
72,60	9,31	3,5	6,0	4,7
72,62	9,32	3,5	6,0	4,7
72,64	9,32	3,5	6,0	4,7
72,67	9,33	3,5	6,0	4,7
72,69	9,34	3,5	6,0	4,7
72,72	9,35	3,5	6,0	4,7
72,74	9,36	3,5	6,0	4,7
72,77	9,36	3,5	6,0	4,7
72,79	9,36	3,5	6,0	4,7
72,82	9,36	3,5	6,0	4,7
72,84	9,38	3,5	6,0	4,7
72,86	9,39	3,5	6,0	4,7
72,89	9,39	3,5	6,0	4,7
72,91	9,39	3,5	6,0	4,7
72,94	9,39	3,5	6,0	4,7
72,96	9,39	3,5	6,0	4,7
72,99	9,40	3,5	6,0	4,7
73,01	9,41	3,5	6,0	4,7
73,04	9,42	3,5	6,0	4,7
73,06	9,42	3,5	6,0	4,7
73,08	9,43	3,5	6,0	4,7
73,11	9,45	3,5	6,0	4,7
73,13	9,45	3,5	6,0	4,7
73,16	9,47	3,5	6,0	4,7
73,18	9,48	3,5	6,0	4,7
73,21	9,49	3,5	6,0	4,7
73,23	9,48	3,5	6,0	4,7
73,25	9,49	3,5	6,0	4,7
73,28	9,50	3,5	6,0	4,7
73,30	9,51	3,5	6,0	4,7
73,33	9,52	3,5	6,0	4,7
73,35	9,53	3,5	6,0	4,7
73,38	9,53	3,5	6,0	4,7
73,40	9,54	3,5	6,0	4,7
73,43	9,55	3,5	6,0	4,7
73,45	9,57	3,5	6,0	4,7
73,47	9,58	3,5	6,0	4,7
73,50	9,58	3,5	6,0	4,7
73,52	9,59	3,5	6,0	4,7
73,55	9,60	3,5	6,0	4,7
73,57	9,61	3,5	6,0	4,7
73,60	9,63	3,5	6,0	4,7
73,62	9,63	3,5	6,0	4,7
73,65	9,63	3,5	6,0	4,7
73,67	9,63	3,5	6,0	4,7
73,69	9,64	3,5	6,0	4,7
73,72	9,66	3,5	6,0	4,7
73,74	9,68	3,5	6,0	4,7
73,77	9,67	3,5	6,0	4,7
73,79	9,69	3,5	6,0	4,7
73,82	9,69	3,5	6,0	4,7
73,84	9,72	3,5	6,0	4,7
73,87	9,72	3,5	6,0	4,7
73,89	9,75	3,5	6,0	4,7
73,91	9,76	3,5	6,0	4,7
73,94	9,76	3,5	6,0	4,7
73,96	9,77	3,5	6,0	4,7
73,99	9,79	3,5	6,0	4,7
74,01	9,80	3,5	6,0	4,7
74,04	9,81	3,5	6,0	4,7
74,06	9,81	3,5	6,0	4,7
74,09	9,82	3,5	6,0	4,7
74,11	9,82	3,5	6,0	4,7
74,13	9,84	3,5	6,0	4,7
74,16	9,86	3,5	6,0	4,7
74,18	9,87	3,5	6,0	4,7
74,21	9,88	3,5	6,0	4,7
74,23	9,89	3,5	6,0	4,7
74,26	9,91	3,5	6,0	4,7
74,28	9,94	3,5	6,0	4,7
74,31	9,95	3,5	6,0	4,7
74,33	9,96	3,5	6,0	4,7
74,35	9,98	3,5	6,0	4,7
74,38	9,99	3,5	6,0	4,7
74,40	10,00	3,5	6,0	4,7
74,43	10,02	3,5	6,0	4,7
74,45	10,03	3,5	6,0	4,7
74,48	10,04	3,5	6,0	4,7
74,50	10,04	3,5	6,0	4,7
74,52	10,05	3,5	6,0	4,7
74,55	10,07	3,5	6,0	4,7
74,57	10,09	3,5	6,0	4,7
74,60	10,11	3,5	6,0	4,7
74,62	10,12	3,5	6,0	4,7
74,65	10,13	3,5	6,0	4,7
74,67	10,16	3,5	6,0	4,7
74,70	10,17	3,5	6,0	4,7
74,72	10,19	3,5	6,0	4,7
74,74	10,20	3,5	6,0	4,7
74,77	10,22	3,5	6,0	4,7
74,79	10,22	3,5	6,0	4,7
74,82	10,24	3,5	6,0	4,7
74,84	10,26	3,5	6,0	4,7
74,87	10,28	3,5	6,0	4,7
74,89	10,29	3,5	6,0	4,7
74,92	10,30	3,5	6,0	4,7
74,94	10,31	3,5	6,0	4,7
74,96	10,32	3,5	6,0	4,7
74,99	10,34	3,5	6,0	4,7
75,01	10,36	3,5	6,0	4,7
75,04	10,38	3,5	6,0	4,7
75,06	10,39	3,5	6,0	4,7
75,09	10,40	3,5	6,0	4,7
75,11	10,42	3,5	6,0	4,7
75,14	10,44	3,5	6,0	4,7
75,16	10,46	3,5	6,0	4,7
75,18	10,48	3,5	6,0	4,7
75,21	10,49	3,5	6,0	4,7
75,23	10,50	3,5	6,0	4,7
75,26	10,52	3,5	6,0	4,7
75,28	10,54	3,5	6,0	4,7
75,31	10,57	3,5	6,0	4,7
75,33	10,57	3,5	6,0	4,7
75,36	10,60	3,5	6,0	4,7
75,38	10,61	3,5	6,0	4,7
75,40	10,63	3,5	6,0	4,7
75,43	10,64	3,5	6,0	4,7
75,45	10,67	3,5	6,0	4,7
75,48	10,69	3,5	6,0	4,7
75,50	10,70	3,5	6,0	4,7
75,53	10,72	3,5	6,0	4,7
75,55	10,75	3,5	6,0	4,7
75,57	10,77	3,5	6,0	4,7
75,60	10,78	3,5	6,0	4,7
75,62	10,80	3,5	6,0	4,7
75,65	10,82	3,5	6,0	4,7
75,67	10,83	3,5	6,0	4,7
75,70	10,86	3,5	6,0	4,7
75,72	10,89	3,5	6,0	4,7
75,75	10,90	3,5	6,0	4,7
75,77	10,92	3,5	6,0	4,7
75,79	10,93	3,5	6,0	4,7
75,82	10,95	3,5	6,0	4,7
75,84	10,96	3,5	6,0	4,7
75,87	10,99	3,5	6,0	4,7
75,89	11,02	3,5	6,0	4,7
75,92	11,04	3,5	6,0	4,7
75,94	11,06	3,5	6,0	4,7
75,97	11,08	3,5	6,0	4,7
75,99	11,11	3,5	6,0	4,7
76,01	11,13	3,5	6,0	4,7
76,04	11,15	3,5	6,0	4,7
76,06	11,16	3,5	6,0	4,7
76,09	11,18	3,5	6,0	4,7
76,11	11,19	3,5	6,0	4,7
76,14	11,22	3,5	6,0	4,7
76,16	11,24	3,5	6,0	4,7
76,19	11,26	3,5	6,0	4,7
76,21	11,28	3,5	6,0	4,7
76,23	11,29	3,5	6,0	4,7
76,26	11,31	3,5	6,0	4,7
76,28	11,33	3,5	6,0	4,7
76,31	11,36	3,5	6,0	4,7
76,33	11,38	3,5	6,0	4,7
76,36	11,39	3,5	6,0	4,7
76,38	11,41	3,5	6,0	4,7
76,41	11,44	3,5	6,0	4,7
76,43	11,46	3,5	6,0	4,7
76,45	11,49	3,5	6,0	4,7
76,48	11,51	3,5	6,0	4,7
76,50	11,53	3,5	6,0	4,7
76,53	11,54	3,5	6,0	4,7
76,55	11,56	3,5	6,0	4,7
76,58	11,59	3,5	6,0	4,7
76,60	11,61	3,5	6,0	4,7
76,62	11,62	3,5	6,0	4,7
76,65	11,65	3,5	6,0	4,7
76,67	11,67	3,5	6,0	4,7
76,70	11,70	3,5	6,0	4,7
76,72	11,72	3,5	6,0	4,7
76,75	11,75	3,5	6,0	4,7
76,77	11,77	3,5	6,0	4,7
76,80	11,79	3,5	6,0	4,7
76,82	11,81	3,5	6,0	4,7
76,84	11,84	3,5	6,0	4,7
76,87	11,86	3,5	6,0	4,7
76,89	11,88	3,5	6,0	4,7
76,92	11,90	3,5	6,0	4,7
76,94	11,91	3,5	6,0	4,7
76,97	11,93	3,5	6,0	4,7
76,99	11,96	3,5	6,0	4,7
77,02	11,99	3,5	6,0	4,7
77,04	12,02	3,5	6,0	4,7
77,06	12,03	3,5	6,0	4,7
77,09	12,06	3,5	6,0	4,7
77,11	12,08	3,5	6,0	4,7
77,14	12,11	3,5	6,0	4,7
77,16	12,13	3,5	6,0	4,7
77,19	12,16	3,5	6,0	4,7
77,21	12,18	3,5	6,0	4,7
77,24	12,20	3,5	6,0	4,7
77,26	12,23	3,5	6,0	4,7
77,28	12,26	3,5	6,0	4,7
77,31	12,28	3,5	6,0	4,7
77,33	12,30	3,5	6,0	4,7
77,36	12,31	3,5	6,0	4,7
77,38	12,34	3,5	6,0	4,7
77,41	12,36	3,5	6,0	4,7
77,43	12,39	3,5	6,0	4,7
77,46	12,42	3,5	6,0	4,7
77,48	12,43	3,5	6,0	4,7
77,50	12,46	3,5	6,0	4,7
77,53	12,49	3,5	6,0	4,7
77,55	12,52	3,5	6,0	4,7
77,58	12,55	3,5	6,0	4,7
77,60	12,58	3,5	6,0	4,7
77,63	12,60	3,5	6,0	4,7
77,65	12,62	3,5	6,0	4,7
77,68	12,65	3,5	6,0	4,7
77,70	12,68	3,5	6,0	4,7
77,72	12,70	3,5	6,0	4,7
77,75	12,72	3,5	6,0	4,7
77,77	12,74	3,5	6,0	4,7
77,80	12,76	3,5	6,0	4,7
77,82	12,78	3,5	6,0	4,7
77,85	12,81	3,5	6,0	4,7
77,87	12,84	3,5	6,0	4,7
77,89	12,86	3,5	6,0	4,7
77,92	12,88	3,5	6,0	4,7
77,94	12,91	3,5	6,0	4,7
77,97	12,94	3,5	6,0	4,7
77,99	12,97	3,5	6,0	4,7
78,02	13,00	3,5	6,0	4,7
78,04	13,02	3,5	6,0	4,7
78,07	13,04	3,5	6,0	4,7
78,09	13,06	3,5	6,0	4,7
78,11	13,09	3,5	6,0	4,7
78,14	13,12	3,5	6,0	4,7
78,16	13,15	3,5	6,0	4,7
78,19	13,16	3,5	6,0	4,7
78,21	13,19	3,5	6,0	4,7
78,24	13,21	3,5	6,0	4,7
78,26	13,23	3,5	6,0	4,7
78,29	13,26	3,5	6,0	4,7
78,31	13,29	3,5	6,0	4,7
78,33	13,32	3,5	6,0	4,7
78,36	13,33	3,5	6,0	4,7
78,38	13,36	3,5	6,0	4,7
78,41	13,39	3,5	6,0	4,7
78,43	13,42	3,5	6,0	4,7
78,46	13,44	3,5	6,0	4,7
78,48	13,47	3,5	6,0	4,7
78,51	13,49	3,5	6,0	4,7
78,53	13,51	3,5	6,0	4,7
78,55	13,54	3,5	6,0	4,7
78,58	13,58	3,5	6,0	4,7
78,60	13,60	3,5	6,0	4,7
78,63	13,61	3,5	6,0	4,7
78,65	13,65	3,5	6,0	4,7
78,68	13,67	3,5	6,0	4,7
78,70	13,71	3,5	6,0	4,7
78,73	13,74	3,5	6,0	4,7
78,75	13,77	3,5	6,0	4,7
78,77	13,79	3,5	6,0	4,7
78,80	13,82	3,5	6,0	4,7
78,82	13,85	3,5	6,0	4,7
78,85	13,88	3,5	6,0	4,7
78,87	13,91	3,5	6,0	4,7
78,90	13,93	3,5	6,0	4,7
78,92	13,96	3,5	6,0	4,7
78,94	13,98	3,5	6,0	4,7
78,97	14,01	3,5	6,0	4,7
78,99	14,05	3,5	6,0	4,7
79,02	14,08	3,5	6,0	4,7
79,04	14,10	3,5	6,0	4,7
79,07	14,12	3,5	6,0	4,7
79,09	14,14	3,5	6,0	4,7
79,12	14,17	3,5	6,0	4,7
79,14	14,19	3,5	6,0	4,7
79,16	14,23	3,5	6,0	4,7
79,19	14,26	3,5	6,0	4,7
79,21	14,28	3,5	6,0	4,7
79,24	14,31	3,5	6,0	4,7
79,26	14,33	3,5	6,0	4,7
79,29	14,36	3,5	6,0	4,7
79,31	14,39	3,5	6,0	4,7
79,34	14,41	3,5	6,0	4,7
79,36	14,43	3,5	6,0	4,7
79,38	14,46	3,5	6,0	4,7
79,41	14,48	3,5	6,0	4,7
79,43	14,51	3,5	6,0	4,7
79,46	14,54	3,5	6,0	4,7
79,48	14,56	3,5	6,0	4,7
79,51	14,58	3,5	6,0	4,7
79,53	14,61	3,5	6,0	4,7
79,56	14,64	3,5	6,0	4,7
79,58	14,66	3,5	6,0	4,7
79,60	14,70	3,5	6,0	4,7
79,63	14,72	3,5	6,0	4,7
79,65	14,74	3,5	6,0	4,7
79,68	14,77	3,5	6,0	4,7
79,70	14,81	3,5	6,0	4,7
79,73	14,83	3,5	6,0	4,7
79,75	14,86	3,5	6,0	4,7
79,78	14,88	3,5	6,0	4,7
79,80	14,91	3,5	6,0	4,7
79,82	14,93	3,5	6,0	4,7
79,85	14,96	3,5	6,0	4,7
79,87	15,00	3,5	6,0	4,7
79,90	15,02	3,5	6,0	4,7
79,92	15,04	3,5	6,0	4,7
79,95	15,07	3,5	6,0	4,7
79,97	15,09	3,5	6,0	4,7
79,99	15,13	3,5	6,0	4,7
80,02	15,15	3,5	6,0	4,7
80,04	15,18	3,5	6,0	4,7
80,07	15,20	3,5	6,0	4,7
80,09	15,22	3,5	6,0	4,7
80,12	15,26	3,5	6,0	4,7
80,14	15,29	3,5	6,0	4,7
80,17	15,32	3,5	6,0	4,7
80,19	15,34	3,5	6,0	4,7
80,21	15,36	3,5	6,0	4,7
80,24	15,38	3,5	6,0	4,7
80,26	15,40	3,5	6,0	4,7
80,29	15,44	3,5	6,0	4,7
80,31	15,47	3,5	6,0	4,7
80,34	15,49	3,5	6,0	4,7
80,36	15,51	3,5	6,0	4,7
80,39	15,55	3,5	6,0	4,7
80,41	15,57	3,5	6,0	4,7
80,43	15,60	3,5	6,0	4,7
80,46	15,62	3,5	6,0	4,7
80,48	15,66	3,5	6,0	4,7
80,51	15,67	3,5	6,0	4,7
80,53	15,69	3,5	6,0	4,7
80,56	15,73	3,5	6,0	4,7
80,58	15,76	3,5	6,0	4,7
80,61	15,78	3,5	6,0	4,7
80,63	15,80	3,5	6,0	4,7
80,65	15,81	3,5	6,0	4,7
80,68	15,85	3,5	6,0	4,7
80,70	15,87	3,5	6,0	4,7
80,73	15,90	3,5	6,0	4,7
80,75	15,93	3,5	6,0	4,7
80,78	15,95	3,5	6,0	4,7
80,80	15,97	3,5	6,0	4,7
80,83	15,99	3,5	6,0	4,7
80,85	16,03	3,5	6,0	4,7
80,87	16,06	3,5	6,0	4,7
80,90	16,08	3,5	6,0	4,7
80,92	16,10	3,5	6,0	4,7
80,95	16,13	3,5	6,0	4,7
80,97	16,15	3,5	6,0	4,7
81,00	16,18	3,5	6,0	4,7
81,02	16,20	3,5	6,0	4,7
81,04	16,22	3,5	6,0	4,7
81,07	16,25	3,5	6,0	4,7
81,09	16,26	3,5	6,0	4,7
81,12	16,29	3,5	6,0	4,7
81,14	16,31	3,5	6,0	4,7
81,17	16,34	3,5	6,0	4,7
81,19	16,37	3,5	6,0	4,7
81,22	16,38	3,5	6,0	4,7
81,24	16,40	3,5	6,0	4,7
81,26	16,43	3,5	6,0	4,7
81,29	16,45	3,5	6,0	4,7
81,31	16,48	3,5	6,0	4,7
81,34	16,50	3,5	6,0	4,7
81,36	16,52	3,5	6,0	4,7
81,39	16,54	3,5	6,0	4,7
81,41	16,56	3,5	6,0	4,7
81,44	16,60	3,5	6,0	4,7
81,46	16,61	3,5	6,0	4,7
81,48	16,63	3,5	6,0	4,7
81,51	16,65	3,5	6,0	4,7
81,53	16,67	3,5	6,0	4,7
81,56	16,69	3,5	6,0	4,7
81,58	16,72	3,5	6,0	4,7
81,61	16,76	3,5	6,0	4,7
81,63	16,77	3,5	6,0	4,7
81,66	16,79	3,5	6,0	4,7
81,68	16,82	3,5	6,0	4,7
81,70	16,84	3,5	6,0	4,7
81,73	16,86	3,5	6,0	4,7
81,75	16,88	3,5	6,0	4,7
81,78	16,91	3,5	6,0	4,7
81,80	16,92	3,5	6,0	4,7
81,83	16,94	3,5	6,0	4,7
81,85	16,97	3,5	6,0	4,7
81,88	16,99	3,5	6,0	4,7
81,90	17,01	3,5	6,0	4,7
81,92	17,03	3,5	6,0	4,7
81,95	17,05	3,5	6,0	4,7
81,97	17,07	3,5	6,0	4,7
82,00	17,09	3,5	6,0	4,7
82,02	17,12	3,5	6,0	4,7
82,05	17,15	3,5	6,0	4,7
82,07	17,16	3,5	6,0	4,7
82,10	17,18	3,5	6,0	4,7
82,12	17,21	3,5	6,0	4,7
82,14	17,24	3,5	6,0	4,7
82,17	17,26	3,5	6,0	4,7
82,19	17,27	3,5	6,0	4,7
82,22	17,29	3,5	6,0	4,7
82,24	17,30	3,5	6,0	4,7
82,27	17,32	3,5	6,0	4,7
82,29	17,35	3,5	6,0	4,7
82,31	17,37	3,5	6,0	4,7
82,34	17,39	3,5	6,0	4,7
82,36	17,41	3,5	6,0	4,7
82,39	17,42	3,5	6,0	4,7
82,41	17,45	3,5	6,0	4,7
82,44	17,47	3,5	6,0	4,7
82,46	17,50	3,5	6,0	4,7
82,49	17,52	3,5	6,0	4,7
82,51	17,54	3,5	6,0	4,7
82,53	17,56	3,5	6,0	4,7
82,56	17,58	3,5	6,0	4,7
82,58	17,60	3,5	6,0	4,7
82,61	17,62	3,5	6,0	4,7
82,63	17,63	3,5	6,0	4,7
82,66	17,65	3,5	6,0	4,7
82,68	17,67	3,5	6,0	4,7
82,71	17,69	3,5	6,0	4,7
82,73	17,72	3,5	6,0	4,7
82,75	17,74	3,5	6,0	4,7
82,78	17,75	3,5	6,0	4,7
82,80	17,77	3,5	6,0	4,7
82,83	17,78	3,5	6,0	4,7
82,85	17,81	3,5	6,0	4,7
82,88	17,83	3,5	6,0	4,7
82,90	17,86	3,5	6,0	4,7
82,93	17,87	3,5	6,0	4,7
82,95	17,88	3,5	6,0	4,7
82,97	17,90	3,5	6,0	4,7
83,00	17,93	3,5	6,0	4,7
83,02	17,94	3,5	6,0	4,7
83,05	17,96	3,5	6,0	4,7
83,07	17,97	3,5	6,0	4,7
83,10	17,98	3,5	6,0	4,7
83,12	17,99	3,5	6,0	4,7
83,15	18,02	3,5	6,0	4,7
83,17	18,04	3,5	6,0	4,7
83,19	18,05	3,5	6,0	4,7
83,22	18,06	3,5	6,0	4,7
83,24	18,08	3,5	6,0	4,7
83,27	18,10	3,5	6,0	4,7
83,29	18,12	3,5	6,0	4,7
83,32	18,14	3,5	6,0	4,7
83,34	18,16	3,5	6,0	4,7
83,36	18,16	3,5	6,0	4,7
83,39	18,18	3,5	6,0	4,7
83,41	18,20	3,5	6,0	4,7
83,44	18,22	3,5	6,0	4,7
83,46	18,23	3,5	6,0	4,7
83,49	18,24	3,5	6,0	4,7
83,51	18,24	3,5	6,0	4,7
83,54	18,26	3,5	6,0	4,7
83,56	18,27	3,5	6,0	4,7
83,58	18,29	3,5	6,0	4,7
83,61	18,31	3,5	6,0	4,7
83,63	18,33	3,5	6,0	4,7
83,66	18,34	3,5	6,0	4,7
83,68	18,36	3,5	6,0	4,7
83,71	18,38	3,5	6,0	4,7
83,73	18,40	3,5	6,0	4,7
83,76	18,42	3,5	6,0	4,7
83,78	18,44	3,5	6,0	4,7
83,80	18,45	3,5	6,0	4,7
83,83	18,46	3,5	6,0	4,7
83,85	18,49	3,5	6,0	4,7
83,88	18,50	3,5	6,0	4,7
83,90	18,51	3,5	6,0	4,7
83,93	18,52	3,5	6,0	4,7
83,95	18,53	3,5	6,0	4,7
83,98	18,55	3,5	6,0	4,7
84,00	18,56	3,5	6,0	4,7
84,02	18,58	3,5	6,0	4,7
84,05	18,60	3,5	6,0	4,7
84,07	18,60	3,5	6,0	4,7
84,10	18,62	3,5	6,0	4,7
84,12	18,64	3,5	6,0	4,7
84,15	18,65	3,5	6,0	4,7
84,17	18,67	3,5	6,0	4,7
84,20	18,69	3,5	6,0	4,7
84,22	18,70	3,5	6,0	4,7
84,24	18,71	3,5	6,0	4,7
84,27	18,72	3,5	6,0	4,7
84,29	18,74	3,5	6,0	4,7
84,32	18,75	3,5	6,0	4,7
84,34	18,76	3,5	6,0	4,7
84,37	18,77	3,5	6,0	4,7
84,39	18,78	3,5	6,0	4,7
84,41	18,79	3,5	6,0	4,7
84,44	18,80	3,5	6,0	4,7
84,46	18,82	3,5	6,0	4,7
84,49	18,84	3,5	6,0	4,7
84,51	18,85	3,5	6,0	4,7
84,54	18,86	3,5	6,0	4,7
84,56	18,88	3,5	6,0	4,7
84,59	18,89	3,5	6,0	4,7
84,61	18,91	3,5	6,0	4,7
84,63	18,91	3,5	6,0	4,7
84,66	18,92	3,5	6,0	4,7
84,68	18,93	3,5	6,0	4,7
84,71	18,95	3,5	6,0	4,7
84,73	18,96	3,5	6,0	4,7
84,76	18,96	3,5	6,0	4,7
84,78	18,97	3,5	6,0	4,7
84,81	18,98	3,5	6,0	4,7
84,83	18,99	3,5	6,0	4,7
84,85	19,00	3,5	6,0	4,7
84,88	19,02	3,5	6,0	4,7
84,90	19,03	3,5	6,0	4,7
84,93	19,03	3,5	6,0	4,7
84,95	19,04	3,5	6,0	4,7
84,98	19,05	3,5	6,0	4,7
85,00	19,06	3,5	6,0	4,7
85,03	19,07	3,5	6,0	4,7
85,05	19,08	3,5	6,0	4,7
85,07	19,09	3,5	6,0	4,7
85,10	19,09	3,5	6,0	4,7
85,12	19,09	3,5	6,0	4,7
85,15	19,11	3,5	6,0	4,7
85,17	19,12	3,5	6,0	4,7
85,20	19,13	3,5	6,0	4,7
85,22	19,13	3,5	6,0	4,7
85,25	19,15	3,5	6,0	4,7
85,27	19,16	3,5	6,0	4,7
85,29	19,18	3,5	6,0	4,7
85,32	19,19	3,5	6,0	4,7
85,34	19,20	3,5	6,0	4,7
85,37	19,21	3,5	6,0	4,7
85,39	19,21	3,5	6,0	4,7
85,42	19,22	3,5	6,0	4,7
85,44	19,24	3,5	6,0	4,7
85,47	19,25	3,5	6,0	4,7
85,49	19,25	3,5	6,0	4,7
85,51	19,26	3,5	6,0	4,7
85,54	19,26	3,5	6,0	4,7
85,56	19,27	3,5	6,0	4,7
85,59	19,29	3,5	6,0	4,7
85,61	19,30	3,5	6,0	4,7
85,64	19,30	3,5	6,0	4,7
85,66	19,31	3,5	6,0	4,7
85,68	19,32	3,5	6,0	4,7
85,71	19,34	3,5	6,0	4,7
85,73	19,35	3,5	6,0	4,7
85,76	19,37	3,5	6,0	4,7
85,78	19,38	3,5	6,0	4,7
85,81	19,38	3,5	6,0	4,7
85,83	19,39	3,5	6,0	4,7
85,86	19,41	3,5	6,0	4,7
85,88	19,42	3,5	6,0	4,7
85,90	19,42	3,5	6,0	4,7
85,93	19,42	3,5	6,0	4,7
85,95	19,43	3,5	6,0	4,7
85,98	19,43	3,5	6,0	4,7
86,00	19,45	3,5	6,0	4,7
86,03	19,47	3,5	6,0	4,7
86,05	19,47	3,5	6,0	4,7
86,08	19,48	3,5	6,0	4,7
86,10	19,49	3,5	6,0	4,7
86,12	19,50	3,5	6,0	4,7
86,15	19,52	3,5	6,0	4,7
86,17	19,53	3,5	6,0	4,7
86,20	19,54	3,5	6,0	4,7
86,22	19,54	3,5	6,0	4,7
86,25	19,55	3,5	6,0	4,7
86,27	19,57	3,5	6,0	4,7
86,30	19,58	3,5	6,0	4,7
86,32	19,58	3,5	6,0	4,7
86,34	19,59	3,5	6,0	4,7
86,37	19,59	3,5	6,0	4,7
86,39	19,60	3,5	6,0	4,7
86,42	19,61	3,5	6,0	4,7
86,44	19,62	3,5	6,0	4,7
86,47	19,63	3,5	6,0	4,7
86,49	19,63	3,5	6,0	4,7
86,52	19,63	3,5	6,0	4,7
86,54	19,65	3,5	6,0	4,7
86,56	19,66	3,5	6,0	4,7
86,59	19,68	3,5	6,0	4,7
86,61	19,68	3,5	6,0	4,7
86,64	19,69	3,5	6,0	4,7
86,66	19,69	3,5	6,0	4,7
86,69	19,70	3,5	6,0	4,7
86,71	19,72	3,5	6,0	4,7
86,73	19,73	3,5	6,0	4,7
86,76	19,73	3,5	6,0	4,7
86,78	19,73	3,5	6,0	4,7
86,81	19,74	3,5	6,0	4,7
86,83	19,74	3,5	6,0	4,7
86,86	19,75	3,5	6,0	4,7
86,88	19,76	3,5	6,0	4,7
86,91	19,77	3,5	6,0	4,7
86,93	19,78	3,5	6,0	4,7
86,95	19,77	3,5	6,0	4,7
86,98	19,79	3,5	6,0	4,7
87,00	19,80	3,5	6,0	4,7
87,03	19,81	3,5	6,0	4,7
87,05	19,82	3,5	6,0	4,7
87,08	19,83	3,5	6,0	4,7
87,10	19,83	3,5	6,0	4,7
87,13	19,84	3,5	6,0	4,7
87,15	19,86	3,5	6,0	4,7
87,17	19,86	3,5	6,0	4,7
87,20	19,86	3,5	6,0	4,7
87,22	19,87	3,5	6,0	4,7
87,25	19,88	3,5	6,0	4,7
87,27	19,89	3,5	6,0	4,7
87,30	19,89	3,5	6,0	4,7
87,32	19,91	3,5	6,0	4,7
87,35	19,91	3,5	6,0	4,7
87,37	19,91	3,5	6,0	4,7
87,39	19,92	3,5	6,0	4,7
87,42	19,93	3,5	6,0	4,7
87,44	19,94	3,5	6,0	4,7
87,47	19,95	3,5	6,0	4,7
87,49	19,96	3,5	6,0	4,7
87,52	19,97	3,5	6,0	4,7
87,54	19,97	3,5	6,0	4,7
87,57	19,99	3,5	6,0	4,7
87,59	19,99	3,5	6,0	4,7
87,61	19,99	3,5	6,0	4,7
87,64	19,99	3,5	6,0	4,7
87,66	20,00	3,5	6,0	4,7
87,69	20,01	3,5	6,0	4,7
87,71	20,01	3,5	6,0	4,7
87,74	20,03	3,5	6,0	4,7
87,76	20,04	3,5	6,0	4,7
87,78	20,04	3,5	6,0	4,7
87,81	20,04	3,5	6,0	4,7
87,83	20,06	3,5	6,0	4,7
87,86	20,07	3,5	6,0	4,7
87,88	20,08	3,5	6,0	4,7
87,91	20,09	3,5	6,0	4,7
87,93	20,10	3,5	6,0	4,7
87,96	20,10	3,5	6,0	4,7
87,98	20,11	3,5	6,0	4,7
88,00	20,12	3,5	6,0	4,7
88,03	20,13	3,5	6,0	4,7
88,05	20,13	3,5	6,0	4,7
88,08	20,13	3,5	6,0	4,7
88,10	20,13	3,5	6,0	4,7
88,13	20,14	3,5	6,0	4,7
88,15	20,15	3,5	6,0	4,7
88,18	20,16	3,5	6,0	4,7
88,20	20,18	3,5	6,0	4,7
88,22	20,17	3,5	6,0	4,7
88,25	20,18	3,5	6,0	4,7
88,27	20,20	3,5	6,0	4,7
88,30	20,20	3,5	6,0	4,7
88,32	20,22	3,5	6,0	4,7
88,35	20,22	3,5	6,0	4,7
88,37	20,23	3,5	6,0	4,7
88,40	20,23	3,5	6,0	4,7
88,42	20,23	3,5	6,0	4,7
88,44	20,25	3,5	6,0	4,7
88,47	20,26	3,5	6,0	4,7
88,49	20,25	3,5	6,0	4,7
88,52	20,25	3,5	6,0	4,7
88,54	20,25	3,5	6,0	4,7
88,57	20,27	3,5	6,0	4,7
88,59	20,28	3,5	6,0	4,7
88,62	20,30	3,5	6,0	4,7
88,64	20,31	3,5	6,0	4,7
88,66	20,31	3,5	6,0	4,7
88,69	20,31	3,5	6,0	4,7
88,71	20,33	3,5	6,0	4,7
88,74	20,34	3,5	6,0	4,7
88,76	20,35	3,5	6,0	4,7
88,79	20,35	3,5	6,0	4,7
88,81	20,35	3,5	6,0	4,7
88,83	20,35	3,5	6,0	4,7
88,86	20,36	3,5	6,0	4,7
88,88	20,38	3,5	6,0	4,7
88,91	20,38	3,5	6,0	4,7
88,93	20,38	3,5	6,0	4,7
88,96	20,39	3,5	6,0	4,7
88,98	20,40	3,5	6,0	4,7
89,01	20,43	3,5	6,0	4,7
89,03	20,43	3,5	6,0	4,7
89,05	20,45	3,5	6,0	4,7
89,08	20,45	3,5	6,0	4,7
89,10	20,45	3,5	6,0	4,7
89,13	20,47	3,5	6,0	4,7
89,15	20,48	3,5	6,0	4,7
89,18	20,49	3,5	6,0	4,7
89,20	20,49	3,5	6,0	4,7
89,23	20,48	3,5	6,0	4,7
89,25	20,50	3,5	6,0	4,7
89,27	20,50	3,5	6,0	4,7
89,30	20,52	3,5	6,0	4,7
89,32	20,53	3,5	6,0	4,7
89,35	20,53	3,5	6,0	4,7
89,37	20,54	3,5	6,0	4,7
89,40	20,55	3,5	6,0	4,7
89,42	20,56	3,5	6,0	4,7
89,45	20,58	3,5	6,0	4,7
89,47	20,59	3,5	6,0	4,7
89,49	20,60	3,5	6,0	4,7
89,52	20,60	3,5	6,0	4,7
89,54	20,60	3,5	6,0	4,7
89,57	20,62	3,5	6,0	4,7
89,59	20,63	3,5	6,0	4,7
89,62	20,62	3,5	6,0	4,7
89,64	20,64	3,5	6,0	4,7
89,67	20,63	3,5	6,0	4,7
89,69	20,65	3,5	6,0	4,7
89,71	20,68	3,5	6,0	4,7
89,74	20,71	3,5	6,0	4,7
89,76	20,73	3,5	6,0	4,7
89,79	20,74	3,5	6,0	4,7
89,81	20,77	3,5	6,0	4,7
89,84	20,80	3,5	6,0	4,7
89,86	20,81	3,5	6,0	4,7
89,89	20,84	3,5	6,0	4,7
89,91	20,86	3,5	6,0	4,7
89,93	20,87	3,5	6,0	4,7
89,96	20,89	3,5	6,0	4,7
89,98	20,92	3,5	6,0	4,7
