Voltage U1	Corriente IA	Voltage U2	Voltage U3	Voltage UH
U1/V	IA/nA	U2/V	U3/V	UH/V

0,02	0,21	2,6	6,0	4,7
0,04	0,20	2,6	6,0	4,7
0,07	0,19	2,6	6,0	4,7
0,09	0,19	2,6	6,0	4,7
0,12	0,20	2,6	6,0	4,7
0,14	0,19	2,6	6,0	4,7
0,17	0,19	2,6	6,0	4,7
0,19	0,20	2,6	6,0	4,7
0,21	0,19	2,6	6,0	4,7
0,24	0,18	2,6	6,0	4,7
0,26	0,19	2,6	6,0	4,7
0,29	0,19	2,6	6,0	4,7
0,31	0,18	2,6	6,0	4,7
0,34	0,17	2,6	6,0	4,7
0,36	0,17	2,6	6,0	4,7
0,39	0,18	2,6	6,0	4,7
0,41	0,18	2,6	6,0	4,7
0,43	0,19	2,6	6,0	4,7
0,46	0,18	2,6	6,0	4,7
0,48	0,18	2,6	6,0	4,7
0,51	0,19	2,6	6,0	4,7
0,53	0,19	2,6	6,0	4,7
0,56	0,19	2,6	6,0	4,7
0,58	0,20	2,6	6,0	4,7
0,61	0,20	2,6	6,0	4,7
0,63	0,19	2,6	6,0	4,7
0,65	0,19	2,6	6,0	4,7
0,68	0,20	2,6	6,0	4,7
0,70	0,20	2,6	6,0	4,7
0,73	0,20	2,6	6,0	4,7
0,75	0,19	2,6	6,0	4,7
0,78	0,20	2,6	6,0	4,7
0,80	0,21	2,6	6,0	4,7
0,83	0,20	2,6	6,0	4,7
0,85	0,21	2,6	6,0	4,7
0,87	0,22	2,6	6,0	4,7
0,90	0,22	2,6	6,0	4,7
0,92	0,22	2,6	6,0	4,7
0,95	0,23	2,6	6,0	4,7
0,97	0,23	2,6	6,0	4,7
1,00	0,23	2,6	6,0	4,7
1,02	0,23	2,6	6,0	4,7
1,05	0,22	2,6	6,0	4,7
1,07	0,22	2,6	6,0	4,7
1,09	0,22	2,6	6,0	4,7
1,12	0,23	2,6	6,0	4,7
1,14	0,23	2,6	6,0	4,7
1,17	0,23	2,6	6,0	4,7
1,19	0,23	2,6	6,0	4,7
1,22	0,23	2,6	6,0	4,7
1,24	0,24	2,6	6,0	4,7
1,26	0,24	2,6	6,0	4,7
1,29	0,25	2,6	6,0	4,7
1,31	0,26	2,6	6,0	4,7
1,34	0,25	2,6	6,0	4,7
1,36	0,25	2,6	6,0	4,7
1,39	0,25	2,6	6,0	4,7
1,41	0,26	2,6	6,0	4,7
1,44	0,26	2,6	6,0	4,7
1,46	0,25	2,6	6,0	4,7
1,48	0,25	2,6	6,0	4,7
1,51	0,24	2,6	6,0	4,7
1,53	0,24	2,6	6,0	4,7
1,56	0,25	2,6	6,0	4,7
1,58	0,25	2,6	6,0	4,7
1,61	0,24	2,6	6,0	4,7
1,63	0,24	2,6	6,0	4,7
1,66	0,25	2,6	6,0	4,7
1,68	0,26	2,6	6,0	4,7
1,70	0,26	2,6	6,0	4,7
1,73	0,27	2,6	6,0	4,7
1,75	0,26	2,6	6,0	4,7
1,78	0,26	2,6	6,0	4,7
1,80	0,26	2,6	6,0	4,7
1,83	0,27	2,6	6,0	4,7
1,85	0,26	2,6	6,0	4,7
1,88	0,27	2,6	6,0	4,7
1,90	0,26	2,6	6,0	4,7
1,92	0,26	2,6	6,0	4,7
1,95	0,26	2,6	6,0	4,7
1,97	0,27	2,6	6,0	4,7
2,00	0,27	2,6	6,0	4,7
2,02	0,26	2,6	6,0	4,7
2,05	0,26	2,6	6,0	4,7
2,07	0,27	2,6	6,0	4,7
2,10	0,27	2,6	6,0	4,7
2,12	0,28	2,6	6,0	4,7
2,14	0,28	2,6	6,0	4,7
2,17	0,29	2,6	6,0	4,7
2,19	0,28	2,6	6,0	4,7
2,22	0,28	2,6	6,0	4,7
2,24	0,29	2,6	6,0	4,7
2,27	0,29	2,6	6,0	4,7
2,29	0,29	2,6	6,0	4,7
2,31	0,29	2,6	6,0	4,7
2,34	0,28	2,6	6,0	4,7
2,36	0,28	2,6	6,0	4,7
2,39	0,29	2,6	6,0	4,7
2,41	0,30	2,6	6,0	4,7
2,44	0,30	2,6	6,0	4,7
2,46	0,29	2,6	6,0	4,7
2,49	0,29	2,6	6,0	4,7
2,51	0,30	2,6	6,0	4,7
2,53	0,30	2,6	6,0	4,7
2,56	0,30	2,6	6,0	4,7
2,58	0,30	2,6	6,0	4,7
2,61	0,30	2,6	6,0	4,7
2,63	0,30	2,6	6,0	4,7
2,66	0,30	2,6	6,0	4,7
2,68	0,30	2,6	6,0	4,7
2,71	0,31	2,6	6,0	4,7
2,73	0,30	2,6	6,0	4,7
2,75	0,30	2,6	6,0	4,7
2,78	0,30	2,6	6,0	4,7
2,80	0,31	2,6	6,0	4,7
2,83	0,31	2,6	6,0	4,7
2,85	0,32	2,6	6,0	4,7
2,88	0,32	2,6	6,0	4,7
2,90	0,31	2,6	6,0	4,7
2,93	0,31	2,6	6,0	4,7
2,95	0,32	2,6	6,0	4,7
2,97	0,33	2,6	6,0	4,7
3,00	0,33	2,6	6,0	4,7
3,02	0,33	2,6	6,0	4,7
3,05	0,33	2,6	6,0	4,7
3,07	0,32	2,6	6,0	4,7
3,10	0,32	2,6	6,0	4,7
3,12	0,32	2,6	6,0	4,7
3,15	0,32	2,6	6,0	4,7
3,17	0,32	2,6	6,0	4,7
3,19	0,32	2,6	6,0	4,7
3,22	0,32	2,6	6,0	4,7
3,24	0,32	2,6	6,0	4,7
3,27	0,33	2,6	6,0	4,7
3,29	0,34	2,6	6,0	4,7
3,32	0,33	2,6	6,0	4,7
3,34	0,33	2,6	6,0	4,7
3,36	0,34	2,6	6,0	4,7
3,39	0,34	2,6	6,0	4,7
3,41	0,34	2,6	6,0	4,7
3,44	0,35	2,6	6,0	4,7
3,46	0,35	2,6	6,0	4,7
3,49	0,35	2,6	6,0	4,7
3,51	0,35	2,6	6,0	4,7
3,54	0,36	2,6	6,0	4,7
3,56	0,36	2,6	6,0	4,7
3,58	0,35	2,6	6,0	4,7
3,61	0,35	2,6	6,0	4,7
3,63	0,35	2,6	6,0	4,7
3,66	0,35	2,6	6,0	4,7
3,68	0,35	2,6	6,0	4,7
3,71	0,36	2,6	6,0	4,7
3,73	0,37	2,6	6,0	4,7
3,76	0,36	2,6	6,0	4,7
3,78	0,36	2,6	6,0	4,7
3,80	0,37	2,6	6,0	4,7
3,83	0,37	2,6	6,0	4,7
3,85	0,37	2,6	6,0	4,7
3,88	0,37	2,6	6,0	4,7
3,90	0,37	2,6	6,0	4,7
3,93	0,37	2,6	6,0	4,7
3,95	0,37	2,6	6,0	4,7
3,98	0,38	2,6	6,0	4,7
4,00	0,37	2,6	6,0	4,7
4,02	0,37	2,6	6,0	4,7
4,05	0,37	2,6	6,0	4,7
4,07	0,37	2,6	6,0	4,7
4,10	0,38	2,6	6,0	4,7
4,12	0,38	2,6	6,0	4,7
4,15	0,39	2,6	6,0	4,7
4,17	0,39	2,6	6,0	4,7
4,20	0,38	2,6	6,0	4,7
4,22	0,37	2,6	6,0	4,7
4,24	0,39	2,6	6,0	4,7
4,27	0,39	2,6	6,0	4,7
4,29	0,39	2,6	6,0	4,7
4,32	0,38	2,6	6,0	4,7
4,34	0,38	2,6	6,0	4,7
4,37	0,38	2,6	6,0	4,7
4,39	0,38	2,6	6,0	4,7
4,42	0,38	2,6	6,0	4,7
4,44	0,39	2,6	6,0	4,7
4,46	0,38	2,6	6,0	4,7
4,49	0,38	2,6	6,0	4,7
4,51	0,38	2,6	6,0	4,7
4,54	0,39	2,6	6,0	4,7
4,56	0,39	2,6	6,0	4,7
4,59	0,40	2,6	6,0	4,7
4,61	0,40	2,6	6,0	4,7
4,63	0,39	2,6	6,0	4,7
4,66	0,40	2,6	6,0	4,7
4,68	0,40	2,6	6,0	4,7
4,71	0,40	2,6	6,0	4,7
4,73	0,40	2,6	6,0	4,7
4,76	0,39	2,6	6,0	4,7
4,78	0,39	2,6	6,0	4,7
4,81	0,39	2,6	6,0	4,7
4,83	0,40	2,6	6,0	4,7
4,85	0,40	2,6	6,0	4,7
4,88	0,39	2,6	6,0	4,7
4,90	0,39	2,6	6,0	4,7
4,93	0,40	2,6	6,0	4,7
4,95	0,40	2,6	6,0	4,7
4,98	0,41	2,6	6,0	4,7
5,00	0,42	2,6	6,0	4,7
5,03	0,41	2,6	6,0	4,7
5,05	0,41	2,6	6,0	4,7
5,07	0,41	2,6	6,0	4,7
5,10	0,42	2,6	6,0	4,7
5,12	0,42	2,6	6,0	4,7
5,15	0,41	2,6	6,0	4,7
5,17	0,42	2,6	6,0	4,7
5,20	0,41	2,6	6,0	4,7
5,22	0,41	2,6	6,0	4,7
5,25	0,41	2,6	6,0	4,7
5,27	0,42	2,6	6,0	4,7
5,29	0,42	2,6	6,0	4,7
5,32	0,41	2,6	6,0	4,7
5,34	0,41	2,6	6,0	4,7
5,37	0,42	2,6	6,0	4,7
5,39	0,42	2,6	6,0	4,7
5,42	0,43	2,6	6,0	4,7
5,44	0,43	2,6	6,0	4,7
5,47	0,44	2,6	6,0	4,7
5,49	0,42	2,6	6,0	4,7
5,51	0,43	2,6	6,0	4,7
5,54	0,43	2,6	6,0	4,7
5,56	0,44	2,6	6,0	4,7
5,59	0,43	2,6	6,0	4,7
5,61	0,43	2,6	6,0	4,7
5,64	0,43	2,6	6,0	4,7
5,66	0,43	2,6	6,0	4,7
5,68	0,43	2,6	6,0	4,7
5,71	0,44	2,6	6,0	4,7
5,73	0,44	2,6	6,0	4,7
5,76	0,43	2,6	6,0	4,7
5,78	0,43	2,6	6,0	4,7
5,81	0,45	2,6	6,0	4,7
5,83	0,45	2,6	6,0	4,7
5,86	0,45	2,6	6,0	4,7
5,88	0,45	2,6	6,0	4,7
5,90	0,45	2,6	6,0	4,7
5,93	0,45	2,6	6,0	4,7
5,95	0,44	2,6	6,0	4,7
5,98	0,45	2,6	6,0	4,7
6,00	0,46	2,6	6,0	4,7
6,03	0,45	2,6	6,0	4,7
6,05	0,45	2,6	6,0	4,7
6,08	0,45	2,6	6,0	4,7
6,10	0,46	2,6	6,0	4,7
6,12	0,46	2,6	6,0	4,7
6,15	0,46	2,6	6,0	4,7
6,17	0,46	2,6	6,0	4,7
6,20	0,45	2,6	6,0	4,7
6,22	0,46	2,6	6,0	4,7
6,25	0,47	2,6	6,0	4,7
6,27	0,47	2,6	6,0	4,7
6,30	0,47	2,6	6,0	4,7
6,32	0,47	2,6	6,0	4,7
6,34	0,47	2,6	6,0	4,7
6,37	0,47	2,6	6,0	4,7
6,39	0,48	2,6	6,0	4,7
6,42	0,47	2,6	6,0	4,7
6,44	0,47	2,6	6,0	4,7
6,47	0,47	2,6	6,0	4,7
6,49	0,46	2,6	6,0	4,7
6,52	0,47	2,6	6,0	4,7
6,54	0,47	2,6	6,0	4,7
6,56	0,48	2,6	6,0	4,7
6,59	0,48	2,6	6,0	4,7
6,61	0,47	2,6	6,0	4,7
6,64	0,47	2,6	6,0	4,7
6,66	0,48	2,6	6,0	4,7
6,69	0,48	2,6	6,0	4,7
6,71	0,48	2,6	6,0	4,7
6,73	0,48	2,6	6,0	4,7
6,76	0,48	2,6	6,0	4,7
6,78	0,48	2,6	6,0	4,7
6,81	0,49	2,6	6,0	4,7
6,83	0,49	2,6	6,0	4,7
6,86	0,49	2,6	6,0	4,7
6,88	0,48	2,6	6,0	4,7
6,91	0,49	2,6	6,0	4,7
6,93	0,49	2,6	6,0	4,7
6,95	0,49	2,6	6,0	4,7
6,98	0,49	2,6	6,0	4,7
7,00	0,50	2,6	6,0	4,7
7,03	0,51	2,6	6,0	4,7
7,05	0,49	2,6	6,0	4,7
7,08	0,49	2,6	6,0	4,7
7,10	0,50	2,6	6,0	4,7
7,13	0,50	2,6	6,0	4,7
7,15	0,51	2,6	6,0	4,7
7,17	0,50	2,6	6,0	4,7
7,20	0,50	2,6	6,0	4,7
7,22	0,49	2,6	6,0	4,7
7,25	0,49	2,6	6,0	4,7
7,27	0,50	2,6	6,0	4,7
7,30	0,50	2,6	6,0	4,7
7,32	0,49	2,6	6,0	4,7
7,35	0,49	2,6	6,0	4,7
7,37	0,50	2,6	6,0	4,7
7,39	0,51	2,6	6,0	4,7
7,42	0,51	2,6	6,0	4,7
7,44	0,52	2,6	6,0	4,7
7,47	0,51	2,6	6,0	4,7
7,49	0,50	2,6	6,0	4,7
7,52	0,50	2,6	6,0	4,7
7,54	0,51	2,6	6,0	4,7
7,57	0,51	2,6	6,0	4,7
7,59	0,52	2,6	6,0	4,7
7,61	0,51	2,6	6,0	4,7
7,64	0,51	2,6	6,0	4,7
7,66	0,51	2,6	6,0	4,7
7,69	0,51	2,6	6,0	4,7
7,71	0,52	2,6	6,0	4,7
7,74	0,51	2,6	6,0	4,7
7,76	0,51	2,6	6,0	4,7
7,78	0,51	2,6	6,0	4,7
7,81	0,52	2,6	6,0	4,7
7,83	0,53	2,6	6,0	4,7
7,86	0,53	2,6	6,0	4,7
7,88	0,53	2,6	6,0	4,7
7,91	0,53	2,6	6,0	4,7
7,93	0,53	2,6	6,0	4,7
7,96	0,53	2,6	6,0	4,7
7,98	0,53	2,6	6,0	4,7
8,00	0,53	2,6	6,0	4,7
8,03	0,53	2,6	6,0	4,7
8,05	0,53	2,6	6,0	4,7
8,08	0,53	2,6	6,0	4,7
8,10	0,53	2,6	6,0	4,7
8,13	0,54	2,6	6,0	4,7
8,15	0,53	2,6	6,0	4,7
8,18	0,53	2,6	6,0	4,7
8,20	0,53	2,6	6,0	4,7
8,22	0,53	2,6	6,0	4,7
8,25	0,54	2,6	6,0	4,7
8,27	0,55	2,6	6,0	4,7
8,30	0,55	2,6	6,0	4,7
8,32	0,55	2,6	6,0	4,7
8,35	0,55	2,6	6,0	4,7
8,37	0,55	2,6	6,0	4,7
8,40	0,55	2,6	6,0	4,7
8,42	0,55	2,6	6,0	4,7
8,44	0,55	2,6	6,0	4,7
8,47	0,55	2,6	6,0	4,7
8,49	0,55	2,6	6,0	4,7
8,52	0,55	2,6	6,0	4,7
8,54	0,55	2,6	6,0	4,7
8,57	0,56	2,6	6,0	4,7
8,59	0,56	2,6	6,0	4,7
8,62	0,54	2,6	6,0	4,7
8,64	0,55	2,6	6,0	4,7
8,66	0,56	2,6	6,0	4,7
8,69	0,56	2,6	6,0	4,7
8,71	0,56	2,6	6,0	4,7
8,74	0,56	2,6	6,0	4,7
8,76	0,57	2,6	6,0	4,7
8,79	0,55	2,6	6,0	4,7
8,81	0,55	2,6	6,0	4,7
8,84	0,56	2,6	6,0	4,7
8,86	0,56	2,6	6,0	4,7
8,88	0,55	2,6	6,0	4,7
8,91	0,55	2,6	6,0	4,7
8,93	0,55	2,6	6,0	4,7
8,96	0,55	2,6	6,0	4,7
8,98	0,56	2,6	6,0	4,7
9,01	0,57	2,6	6,0	4,7
9,03	0,56	2,6	6,0	4,7
9,05	0,56	2,6	6,0	4,7
9,08	0,56	2,6	6,0	4,7
9,10	0,57	2,6	6,0	4,7
9,13	0,57	2,6	6,0	4,7
9,15	0,57	2,6	6,0	4,7
9,18	0,57	2,6	6,0	4,7
9,20	0,56	2,6	6,0	4,7
9,23	0,56	2,6	6,0	4,7
9,25	0,56	2,6	6,0	4,7
9,27	0,57	2,6	6,0	4,7
9,30	0,56	2,6	6,0	4,7
9,32	0,56	2,6	6,0	4,7
9,35	0,56	2,6	6,0	4,7
9,37	0,57	2,6	6,0	4,7
9,40	0,57	2,6	6,0	4,7
9,42	0,57	2,6	6,0	4,7
9,45	0,58	2,6	6,0	4,7
9,47	0,57	2,6	6,0	4,7
9,49	0,57	2,6	6,0	4,7
9,52	0,58	2,6	6,0	4,7
9,54	0,58	2,6	6,0	4,7
9,57	0,58	2,6	6,0	4,7
9,59	0,58	2,6	6,0	4,7
9,62	0,58	2,6	6,0	4,7
9,64	0,58	2,6	6,0	4,7
9,67	0,57	2,6	6,0	4,7
9,69	0,58	2,6	6,0	4,7
9,71	0,58	2,6	6,0	4,7
9,74	0,58	2,6	6,0	4,7
9,76	0,58	2,6	6,0	4,7
9,79	0,58	2,6	6,0	4,7
9,81	0,59	2,6	6,0	4,7
9,84	0,59	2,6	6,0	4,7
9,86	0,60	2,6	6,0	4,7
9,89	0,59	2,6	6,0	4,7
9,91	0,58	2,6	6,0	4,7
9,93	0,59	2,6	6,0	4,7
9,96	0,59	2,6	6,0	4,7
9,98	0,59	2,6	6,0	4,7
10,01	0,59	2,6	6,0	4,7
10,03	0,59	2,6	6,0	4,7
10,06	0,59	2,6	6,0	4,7
10,08	0,58	2,6	6,0	4,7
10,10	0,58	2,6	6,0	4,7
10,13	0,59	2,6	6,0	4,7
10,15	0,59	2,6	6,0	4,7
10,18	0,59	2,6	6,0	4,7
10,20	0,59	2,6	6,0	4,7
10,23	0,59	2,6	6,0	4,7
10,25	0,60	2,6	6,0	4,7
10,28	0,60	2,6	6,0	4,7
10,30	0,61	2,6	6,0	4,7
10,32	0,61	2,6	6,0	4,7
10,35	0,60	2,6	6,0	4,7
10,37	0,60	2,6	6,0	4,7
10,40	0,61	2,6	6,0	4,7
10,42	0,61	2,6	6,0	4,7
10,45	0,61	2,6	6,0	4,7
10,47	0,61	2,6	6,0	4,7
10,50	0,61	2,6	6,0	4,7
10,52	0,60	2,6	6,0	4,7
10,54	0,60	2,6	6,0	4,7
10,57	0,61	2,6	6,0	4,7
10,59	0,61	2,6	6,0	4,7
10,62	0,60	2,6	6,0	4,7
10,64	0,61	2,6	6,0	4,7
10,67	0,61	2,6	6,0	4,7
10,69	0,62	2,6	6,0	4,7
10,72	0,62	2,6	6,0	4,7
10,74	0,62	2,6	6,0	4,7
10,76	0,61	2,6	6,0	4,7
10,79	0,61	2,6	6,0	4,7
10,81	0,62	2,6	6,0	4,7
10,84	0,62	2,6	6,0	4,7
10,86	0,62	2,6	6,0	4,7
10,89	0,62	2,6	6,0	4,7
10,91	0,61	2,6	6,0	4,7
10,94	0,61	2,6	6,0	4,7
10,96	0,61	2,6	6,0	4,7
10,98	0,61	2,6	6,0	4,7
11,01	0,61	2,6	6,0	4,7
11,03	0,61	2,6	6,0	4,7
11,06	0,61	2,6	6,0	4,7
11,08	0,61	2,6	6,0	4,7
11,11	0,62	2,6	6,0	4,7
11,13	0,63	2,6	6,0	4,7
11,15	0,63	2,6	6,0	4,7
11,18	0,63	2,6	6,0	4,7
11,20	0,63	2,6	6,0	4,7
11,23	0,63	2,6	6,0	4,7
11,25	0,63	2,6	6,0	4,7
11,28	0,63	2,6	6,0	4,7
11,30	0,63	2,6	6,0	4,7
11,33	0,63	2,6	6,0	4,7
11,35	0,63	2,6	6,0	4,7
11,37	0,63	2,6	6,0	4,7
11,40	0,62	2,6	6,0	4,7
11,42	0,63	2,6	6,0	4,7
11,45	0,63	2,6	6,0	4,7
11,47	0,63	2,6	6,0	4,7
11,50	0,63	2,6	6,0	4,7
11,52	0,64	2,6	6,0	4,7
11,55	0,64	2,6	6,0	4,7
11,57	0,64	2,6	6,0	4,7
11,59	0,65	2,6	6,0	4,7
11,62	0,64	2,6	6,0	4,7
11,64	0,64	2,6	6,0	4,7
11,67	0,64	2,6	6,0	4,7
11,69	0,65	2,6	6,0	4,7
11,72	0,65	2,6	6,0	4,7
11,74	0,64	2,6	6,0	4,7
11,77	0,64	2,6	6,0	4,7
11,79	0,64	2,6	6,0	4,7
11,81	0,64	2,6	6,0	4,7
11,84	0,64	2,6	6,0	4,7
11,86	0,64	2,6	6,0	4,7
11,89	0,64	2,6	6,0	4,7
11,91	0,63	2,6	6,0	4,7
11,94	0,64	2,6	6,0	4,7
11,96	0,65	2,6	6,0	4,7
11,99	0,66	2,6	6,0	4,7
12,01	0,66	2,6	6,0	4,7
12,03	0,65	2,6	6,0	4,7
12,06	0,65	2,6	6,0	4,7
12,08	0,63	2,6	6,0	4,7
12,11	0,65	2,6	6,0	4,7
12,13	0,65	2,6	6,0	4,7
12,16	0,64	2,6	6,0	4,7
12,18	0,64	2,6	6,0	4,7
12,21	0,64	2,6	6,0	4,7
12,23	0,65	2,6	6,0	4,7
12,25	0,65	2,6	6,0	4,7
12,28	0,66	2,6	6,0	4,7
12,30	0,66	2,6	6,0	4,7
12,33	0,65	2,6	6,0	4,7
12,35	0,65	2,6	6,0	4,7
12,38	0,66	2,6	6,0	4,7
12,40	0,66	2,6	6,0	4,7
12,42	0,67	2,6	6,0	4,7
12,45	0,66	2,6	6,0	4,7
12,47	0,67	2,6	6,0	4,7
12,50	0,67	2,6	6,0	4,7
12,52	0,67	2,6	6,0	4,7
12,55	0,67	2,6	6,0	4,7
12,57	0,67	2,6	6,0	4,7
12,60	0,67	2,6	6,0	4,7
12,62	0,67	2,6	6,0	4,7
12,64	0,67	2,6	6,0	4,7
12,67	0,68	2,6	6,0	4,7
12,69	0,68	2,6	6,0	4,7
12,72	0,68	2,6	6,0	4,7
12,74	0,68	2,6	6,0	4,7
12,77	0,67	2,6	6,0	4,7
12,79	0,68	2,6	6,0	4,7
12,82	0,68	2,6	6,0	4,7
12,84	0,68	2,6	6,0	4,7
12,86	0,69	2,6	6,0	4,7
12,89	0,68	2,6	6,0	4,7
12,91	0,68	2,6	6,0	4,7
12,94	0,68	2,6	6,0	4,7
12,96	0,68	2,6	6,0	4,7
12,99	0,69	2,6	6,0	4,7
13,01	0,69	2,6	6,0	4,7
13,04	0,68	2,6	6,0	4,7
13,06	0,69	2,6	6,0	4,7
13,08	0,69	2,6	6,0	4,7
13,11	0,70	2,6	6,0	4,7
13,13	0,69	2,6	6,0	4,7
13,16	0,70	2,6	6,0	4,7
13,18	0,69	2,6	6,0	4,7
13,21	0,69	2,6	6,0	4,7
13,23	0,69	2,6	6,0	4,7
13,26	0,70	2,6	6,0	4,7
13,28	0,70	2,6	6,0	4,7
13,30	0,70	2,6	6,0	4,7
13,33	0,69	2,6	6,0	4,7
13,35	0,69	2,6	6,0	4,7
13,38	0,68	2,6	6,0	4,7
13,40	0,68	2,6	6,0	4,7
13,43	0,69	2,6	6,0	4,7
13,45	0,68	2,6	6,0	4,7
13,47	0,67	2,6	6,0	4,7
13,50	0,67	2,6	6,0	4,7
13,52	0,67	2,6	6,0	4,7
13,55	0,67	2,6	6,0	4,7
13,57	0,67	2,6	6,0	4,7
13,60	0,66	2,6	6,0	4,7
13,62	0,65	2,6	6,0	4,7
13,65	0,64	2,6	6,0	4,7
13,67	0,65	2,6	6,0	4,7
13,69	0,65	2,6	6,0	4,7
13,72	0,63	2,6	6,0	4,7
13,74	0,63	2,6	6,0	4,7
13,77	0,62	2,6	6,0	4,7
13,79	0,62	2,6	6,0	4,7
13,82	0,60	2,6	6,0	4,7
13,84	0,60	2,6	6,0	4,7
13,87	0,60	2,6	6,0	4,7
13,89	0,58	2,6	6,0	4,7
13,91	0,57	2,6	6,0	4,7
13,94	0,57	2,6	6,0	4,7
13,96	0,57	2,6	6,0	4,7
13,99	0,57	2,6	6,0	4,7
14,01	0,56	2,6	6,0	4,7
14,04	0,55	2,6	6,0	4,7
14,06	0,54	2,6	6,0	4,7
14,09	0,53	2,6	6,0	4,7
14,11	0,53	2,6	6,0	4,7
14,13	0,53	2,6	6,0	4,7
14,16	0,52	2,6	6,0	4,7
14,18	0,52	2,6	6,0	4,7
14,21	0,50	2,6	6,0	4,7
14,23	0,49	2,6	6,0	4,7
14,26	0,49	2,6	6,0	4,7
14,28	0,48	2,6	6,0	4,7
14,31	0,48	2,6	6,0	4,7
14,33	0,47	2,6	6,0	4,7
14,35	0,46	2,6	6,0	4,7
14,38	0,46	2,6	6,0	4,7
14,40	0,45	2,6	6,0	4,7
14,43	0,46	2,6	6,0	4,7
14,45	0,45	2,6	6,0	4,7
14,48	0,44	2,6	6,0	4,7
14,50	0,43	2,6	6,0	4,7
14,52	0,43	2,6	6,0	4,7
14,55	0,43	2,6	6,0	4,7
14,57	0,43	2,6	6,0	4,7
14,60	0,41	2,6	6,0	4,7
14,62	0,41	2,6	6,0	4,7
14,65	0,40	2,6	6,0	4,7
14,67	0,40	2,6	6,0	4,7
14,70	0,39	2,6	6,0	4,7
14,72	0,39	2,6	6,0	4,7
14,74	0,38	2,6	6,0	4,7
14,77	0,38	2,6	6,0	4,7
14,79	0,37	2,6	6,0	4,7
14,82	0,38	2,6	6,0	4,7
14,84	0,38	2,6	6,0	4,7
14,87	0,38	2,6	6,0	4,7
14,89	0,37	2,6	6,0	4,7
14,92	0,35	2,6	6,0	4,7
14,94	0,34	2,6	6,0	4,7
14,96	0,35	2,6	6,0	4,7
14,99	0,35	2,6	6,0	4,7
15,01	0,34	2,6	6,0	4,7
15,04	0,33	2,6	6,0	4,7
15,06	0,32	2,6	6,0	4,7
15,09	0,32	2,6	6,0	4,7
15,11	0,32	2,6	6,0	4,7
15,14	0,32	2,6	6,0	4,7
15,16	0,32	2,6	6,0	4,7
15,18	0,31	2,6	6,0	4,7
15,21	0,30	2,6	6,0	4,7
15,23	0,31	2,6	6,0	4,7
15,26	0,31	2,6	6,0	4,7
15,28	0,31	2,6	6,0	4,7
15,31	0,30	2,6	6,0	4,7
15,33	0,30	2,6	6,0	4,7
15,36	0,29	2,6	6,0	4,7
15,38	0,28	2,6	6,0	4,7
15,40	0,29	2,6	6,0	4,7
15,43	0,29	2,6	6,0	4,7
15,45	0,28	2,6	6,0	4,7
15,48	0,27	2,6	6,0	4,7
15,50	0,27	2,6	6,0	4,7
15,53	0,28	2,6	6,0	4,7
15,55	0,28	2,6	6,0	4,7
15,57	0,28	2,6	6,0	4,7
15,60	0,28	2,6	6,0	4,7
15,62	0,28	2,6	6,0	4,7
15,65	0,28	2,6	6,0	4,7
15,67	0,28	2,6	6,0	4,7
15,70	0,28	2,6	6,0	4,7
15,72	0,29	2,6	6,0	4,7
15,75	0,28	2,6	6,0	4,7
15,77	0,28	2,6	6,0	4,7
15,79	0,28	2,6	6,0	4,7
15,82	0,28	2,6	6,0	4,7
15,84	0,29	2,6	6,0	4,7
15,87	0,30	2,6	6,0	4,7
15,89	0,29	2,6	6,0	4,7
15,92	0,29	2,6	6,0	4,7
15,94	0,30	2,6	6,0	4,7
15,97	0,31	2,6	6,0	4,7
15,99	0,31	2,6	6,0	4,7
16,01	0,32	2,6	6,0	4,7
16,04	0,33	2,6	6,0	4,7
16,06	0,32	2,6	6,0	4,7
16,09	0,33	2,6	6,0	4,7
16,11	0,34	2,6	6,0	4,7
16,14	0,35	2,6	6,0	4,7
16,16	0,36	2,6	6,0	4,7
16,19	0,35	2,6	6,0	4,7
16,21	0,36	2,6	6,0	4,7
16,23	0,35	2,6	6,0	4,7
16,26	0,36	2,6	6,0	4,7
16,28	0,38	2,6	6,0	4,7
16,31	0,38	2,6	6,0	4,7
16,33	0,38	2,6	6,0	4,7
16,36	0,39	2,6	6,0	4,7
16,38	0,40	2,6	6,0	4,7
16,41	0,42	2,6	6,0	4,7
16,43	0,42	2,6	6,0	4,7
16,45	0,43	2,6	6,0	4,7
16,48	0,43	2,6	6,0	4,7
16,50	0,44	2,6	6,0	4,7
16,53	0,45	2,6	6,0	4,7
16,55	0,46	2,6	6,0	4,7
16,58	0,47	2,6	6,0	4,7
16,60	0,47	2,6	6,0	4,7
16,63	0,47	2,6	6,0	4,7
16,65	0,48	2,6	6,0	4,7
16,67	0,49	2,6	6,0	4,7
16,70	0,50	2,6	6,0	4,7
16,72	0,51	2,6	6,0	4,7
16,75	0,51	2,6	6,0	4,7
16,77	0,52	2,6	6,0	4,7
16,80	0,53	2,6	6,0	4,7
16,82	0,54	2,6	6,0	4,7
16,84	0,56	2,6	6,0	4,7
16,87	0,56	2,6	6,0	4,7
16,89	0,57	2,6	6,0	4,7
16,92	0,57	2,6	6,0	4,7
16,94	0,58	2,6	6,0	4,7
16,97	0,60	2,6	6,0	4,7
16,99	0,61	2,6	6,0	4,7
17,02	0,61	2,6	6,0	4,7
17,04	0,62	2,6	6,0	4,7
17,06	0,62	2,6	6,0	4,7
17,09	0,63	2,6	6,0	4,7
17,11	0,63	2,6	6,0	4,7
17,14	0,65	2,6	6,0	4,7
17,16	0,66	2,6	6,0	4,7
17,19	0,66	2,6	6,0	4,7
17,21	0,67	2,6	6,0	4,7
17,24	0,68	2,6	6,0	4,7
17,26	0,69	2,6	6,0	4,7
17,28	0,70	2,6	6,0	4,7
17,31	0,71	2,6	6,0	4,7
17,33	0,72	2,6	6,0	4,7
17,36	0,72	2,6	6,0	4,7
17,38	0,72	2,6	6,0	4,7
17,41	0,74	2,6	6,0	4,7
17,43	0,75	2,6	6,0	4,7
17,46	0,75	2,6	6,0	4,7
17,48	0,75	2,6	6,0	4,7
17,50	0,76	2,6	6,0	4,7
17,53	0,76	2,6	6,0	4,7
17,55	0,77	2,6	6,0	4,7
17,58	0,79	2,6	6,0	4,7
17,60	0,80	2,6	6,0	4,7
17,63	0,80	2,6	6,0	4,7
17,65	0,80	2,6	6,0	4,7
17,68	0,82	2,6	6,0	4,7
17,70	0,82	2,6	6,0	4,7
17,72	0,84	2,6	6,0	4,7
17,75	0,84	2,6	6,0	4,7
17,77	0,85	2,6	6,0	4,7
17,80	0,85	2,6	6,0	4,7
17,82	0,86	2,6	6,0	4,7
17,85	0,87	2,6	6,0	4,7
17,87	0,88	2,6	6,0	4,7
17,89	0,88	2,6	6,0	4,7
17,92	0,88	2,6	6,0	4,7
17,94	0,89	2,6	6,0	4,7
17,97	0,89	2,6	6,0	4,7
17,99	0,91	2,6	6,0	4,7
18,02	0,92	2,6	6,0	4,7
18,04	0,92	2,6	6,0	4,7
18,07	0,93	2,6	6,0	4,7
18,09	0,95	2,6	6,0	4,7
18,11	0,95	2,6	6,0	4,7
18,14	0,97	2,6	6,0	4,7
18,16	0,98	2,6	6,0	4,7
18,19	0,98	2,6	6,0	4,7
18,21	0,98	2,6	6,0	4,7
18,24	0,99	2,6	6,0	4,7
18,26	1,01	2,6	6,0	4,7
18,29	1,02	2,6	6,0	4,7
18,31	1,02	2,6	6,0	4,7
18,33	1,03	2,6	6,0	4,7
18,36	1,03	2,6	6,0	4,7
18,38	1,04	2,6	6,0	4,7
18,41	1,05	2,6	6,0	4,7
18,43	1,07	2,6	6,0	4,7
18,46	1,08	2,6	6,0	4,7
18,48	1,08	2,6	6,0	4,7
18,51	1,09	2,6	6,0	4,7
18,53	1,10	2,6	6,0	4,7
18,55	1,11	2,6	6,0	4,7
18,58	1,12	2,6	6,0	4,7
18,60	1,12	2,6	6,0	4,7
18,63	1,13	2,6	6,0	4,7
18,65	1,13	2,6	6,0	4,7
18,68	1,13	2,6	6,0	4,7
18,70	1,15	2,6	6,0	4,7
18,73	1,16	2,6	6,0	4,7
18,75	1,16	2,6	6,0	4,7
18,77	1,17	2,6	6,0	4,7
18,80	1,18	2,6	6,0	4,7
18,82	1,19	2,6	6,0	4,7
18,85	1,19	2,6	6,0	4,7
18,87	1,21	2,6	6,0	4,7
18,90	1,22	2,6	6,0	4,7
18,92	1,22	2,6	6,0	4,7
18,94	1,23	2,6	6,0	4,7
18,97	1,24	2,6	6,0	4,7
18,99	1,25	2,6	6,0	4,7
19,02	1,26	2,6	6,0	4,7
19,04	1,25	2,6	6,0	4,7
19,07	1,26	2,6	6,0	4,7
19,09	1,26	2,6	6,0	4,7
19,12	1,27	2,6	6,0	4,7
19,14	1,28	2,6	6,0	4,7
19,16	1,29	2,6	6,0	4,7
19,19	1,29	2,6	6,0	4,7
19,21	1,30	2,6	6,0	4,7
19,24	1,31	2,6	6,0	4,7
19,26	1,33	2,6	6,0	4,7
19,29	1,34	2,6	6,0	4,7
19,31	1,34	2,6	6,0	4,7
19,34	1,35	2,6	6,0	4,7
19,36	1,36	2,6	6,0	4,7
19,38	1,37	2,6	6,0	4,7
19,41	1,38	2,6	6,0	4,7
19,43	1,38	2,6	6,0	4,7
19,46	1,39	2,6	6,0	4,7
19,48	1,38	2,6	6,0	4,7
19,51	1,39	2,6	6,0	4,7
19,53	1,40	2,6	6,0	4,7
19,56	1,41	2,6	6,0	4,7
19,58	1,42	2,6	6,0	4,7
19,60	1,42	2,6	6,0	4,7
19,63	1,43	2,6	6,0	4,7
19,65	1,44	2,6	6,0	4,7
19,68	1,45	2,6	6,0	4,7
19,70	1,46	2,6	6,0	4,7
19,73	1,47	2,6	6,0	4,7
19,75	1,47	2,6	6,0	4,7
19,78	1,47	2,6	6,0	4,7
19,80	1,48	2,6	6,0	4,7
19,82	1,50	2,6	6,0	4,7
19,85	1,51	2,6	6,0	4,7
19,87	1,50	2,6	6,0	4,7
19,90	1,51	2,6	6,0	4,7
19,92	1,51	2,6	6,0	4,7
19,95	1,51	2,6	6,0	4,7
19,97	1,52	2,6	6,0	4,7
19,99	1,53	2,6	6,0	4,7
20,02	1,53	2,6	6,0	4,7
20,04	1,53	2,6	6,0	4,7
20,07	1,54	2,6	6,0	4,7
20,09	1,55	2,6	6,0	4,7
20,12	1,56	2,6	6,0	4,7
20,14	1,57	2,6	6,0	4,7
20,17	1,57	2,6	6,0	4,7
20,19	1,58	2,6	6,0	4,7
20,21	1,58	2,6	6,0	4,7
20,24	1,58	2,6	6,0	4,7
20,26	1,60	2,6	6,0	4,7
20,29	1,60	2,6	6,0	4,7
20,31	1,60	2,6	6,0	4,7
20,34	1,61	2,6	6,0	4,7
20,36	1,61	2,6	6,0	4,7
20,39	1,62	2,6	6,0	4,7
20,41	1,62	2,6	6,0	4,7
20,43	1,64	2,6	6,0	4,7
20,46	1,65	2,6	6,0	4,7
20,48	1,64	2,6	6,0	4,7
20,51	1,65	2,6	6,0	4,7
20,53	1,66	2,6	6,0	4,7
20,56	1,67	2,6	6,0	4,7
20,58	1,67	2,6	6,0	4,7
20,61	1,68	2,6	6,0	4,7
20,63	1,68	2,6	6,0	4,7
20,65	1,68	2,6	6,0	4,7
20,68	1,69	2,6	6,0	4,7
20,70	1,70	2,6	6,0	4,7
20,73	1,70	2,6	6,0	4,7
20,75	1,70	2,6	6,0	4,7
20,78	1,70	2,6	6,0	4,7
20,80	1,71	2,6	6,0	4,7
20,83	1,71	2,6	6,0	4,7
20,85	1,71	2,6	6,0	4,7
20,87	1,72	2,6	6,0	4,7
20,90	1,73	2,6	6,0	4,7
20,92	1,73	2,6	6,0	4,7
20,95	1,74	2,6	6,0	4,7
20,97	1,75	2,6	6,0	4,7
21,00	1,75	2,6	6,0	4,7
21,02	1,76	2,6	6,0	4,7
21,05	1,75	2,6	6,0	4,7
21,07	1,76	2,6	6,0	4,7
21,09	1,76	2,6	6,0	4,7
21,12	1,77	2,6	6,0	4,7
21,14	1,78	2,6	6,0	4,7
21,17	1,78	2,6	6,0	4,7
21,19	1,78	2,6	6,0	4,7
21,22	1,78	2,6	6,0	4,7
21,24	1,78	2,6	6,0	4,7
21,26	1,79	2,6	6,0	4,7
21,29	1,80	2,6	6,0	4,7
21,31	1,81	2,6	6,0	4,7
21,34	1,80	2,6	6,0	4,7
21,36	1,81	2,6	6,0	4,7
21,39	1,82	2,6	6,0	4,7
21,41	1,83	2,6	6,0	4,7
21,44	1,84	2,6	6,0	4,7
21,46	1,84	2,6	6,0	4,7
21,48	1,85	2,6	6,0	4,7
21,51	1,84	2,6	6,0	4,7
21,53	1,85	2,6	6,0	4,7
21,56	1,86	2,6	6,0	4,7
21,58	1,86	2,6	6,0	4,7
21,61	1,86	2,6	6,0	4,7
21,63	1,86	2,6	6,0	4,7
21,66	1,86	2,6	6,0	4,7
21,68	1,87	2,6	6,0	4,7
21,70	1,87	2,6	6,0	4,7
21,73	1,88	2,6	6,0	4,7
21,75	1,89	2,6	6,0	4,7
21,78	1,88	2,6	6,0	4,7
21,80	1,89	2,6	6,0	4,7
21,83	1,90	2,6	6,0	4,7
21,85	1,91	2,6	6,0	4,7
21,88	1,91	2,6	6,0	4,7
21,90	1,90	2,6	6,0	4,7
21,92	1,90	2,6	6,0	4,7
21,95	1,90	2,6	6,0	4,7
21,97	1,90	2,6	6,0	4,7
22,00	1,92	2,6	6,0	4,7
22,02	1,92	2,6	6,0	4,7
22,05	1,91	2,6	6,0	4,7
22,07	1,92	2,6	6,0	4,7
22,10	1,92	2,6	6,0	4,7
22,12	1,93	2,6	6,0	4,7
22,14	1,93	2,6	6,0	4,7
22,17	1,94	2,6	6,0	4,7
22,19	1,95	2,6	6,0	4,7
22,22	1,94	2,6	6,0	4,7
22,24	1,95	2,6	6,0	4,7
22,27	1,96	2,6	6,0	4,7
22,29	1,96	2,6	6,0	4,7
22,31	1,97	2,6	6,0	4,7
22,34	1,96	2,6	6,0	4,7
22,36	1,96	2,6	6,0	4,7
22,39	1,96	2,6	6,0	4,7
22,41	1,97	2,6	6,0	4,7
22,44	1,98	2,6	6,0	4,7
22,46	1,97	2,6	6,0	4,7
22,49	1,97	2,6	6,0	4,7
22,51	1,98	2,6	6,0	4,7
22,53	1,99	2,6	6,0	4,7
22,56	2,01	2,6	6,0	4,7
22,58	2,01	2,6	6,0	4,7
22,61	2,01	2,6	6,0	4,7
22,63	2,02	2,6	6,0	4,7
22,66	2,02	2,6	6,0	4,7
22,68	2,03	2,6	6,0	4,7
22,71	2,03	2,6	6,0	4,7
22,73	2,03	2,6	6,0	4,7
22,75	2,03	2,6	6,0	4,7
22,78	2,02	2,6	6,0	4,7
22,80	2,03	2,6	6,0	4,7
22,83	2,03	2,6	6,0	4,7
22,85	2,04	2,6	6,0	4,7
22,88	2,04	2,6	6,0	4,7
22,90	2,04	2,6	6,0	4,7
22,93	2,04	2,6	6,0	4,7
22,95	2,05	2,6	6,0	4,7
22,97	2,05	2,6	6,0	4,7
23,00	2,07	2,6	6,0	4,7
23,02	2,06	2,6	6,0	4,7
23,05	2,06	2,6	6,0	4,7
23,07	2,06	2,6	6,0	4,7
23,10	2,07	2,6	6,0	4,7
23,12	2,08	2,6	6,0	4,7
23,15	2,08	2,6	6,0	4,7
23,17	2,07	2,6	6,0	4,7
23,19	2,08	2,6	6,0	4,7
23,22	2,07	2,6	6,0	4,7
23,24	2,07	2,6	6,0	4,7
23,27	2,08	2,6	6,0	4,7
23,29	2,09	2,6	6,0	4,7
23,32	2,09	2,6	6,0	4,7
23,34	2,08	2,6	6,0	4,7
23,36	2,09	2,6	6,0	4,7
23,39	2,10	2,6	6,0	4,7
23,41	2,10	2,6	6,0	4,7
23,44	2,10	2,6	6,0	4,7
23,46	2,10	2,6	6,0	4,7
23,49	2,11	2,6	6,0	4,7
23,51	2,10	2,6	6,0	4,7
23,54	2,11	2,6	6,0	4,7
23,56	2,12	2,6	6,0	4,7
23,58	2,12	2,6	6,0	4,7
23,61	2,11	2,6	6,0	4,7
23,63	2,12	2,6	6,0	4,7
23,66	2,12	2,6	6,0	4,7
23,68	2,13	2,6	6,0	4,7
23,71	2,14	2,6	6,0	4,7
23,73	2,15	2,6	6,0	4,7
23,76	2,16	2,6	6,0	4,7
23,78	2,15	2,6	6,0	4,7
23,80	2,15	2,6	6,0	4,7
23,83	2,16	2,6	6,0	4,7
23,85	2,17	2,6	6,0	4,7
23,88	2,17	2,6	6,0	4,7
23,90	2,17	2,6	6,0	4,7
23,93	2,17	2,6	6,0	4,7
23,95	2,17	2,6	6,0	4,7
23,98	2,18	2,6	6,0	4,7
24,00	2,18	2,6	6,0	4,7
24,02	2,18	2,6	6,0	4,7
24,05	2,18	2,6	6,0	4,7
24,07	2,18	2,6	6,0	4,7
24,10	2,18	2,6	6,0	4,7
24,12	2,19	2,6	6,0	4,7
24,15	2,20	2,6	6,0	4,7
24,17	2,21	2,6	6,0	4,7
24,20	2,20	2,6	6,0	4,7
24,22	2,21	2,6	6,0	4,7
24,24	2,21	2,6	6,0	4,7
24,27	2,22	2,6	6,0	4,7
24,29	2,22	2,6	6,0	4,7
24,32	2,22	2,6	6,0	4,7
24,34	2,21	2,6	6,0	4,7
24,37	2,21	2,6	6,0	4,7
24,39	2,22	2,6	6,0	4,7
24,42	2,23	2,6	6,0	4,7
24,44	2,23	2,6	6,0	4,7
24,46	2,23	2,6	6,0	4,7
24,49	2,23	2,6	6,0	4,7
24,51	2,23	2,6	6,0	4,7
24,54	2,23	2,6	6,0	4,7
24,56	2,25	2,6	6,0	4,7
24,59	2,25	2,6	6,0	4,7
24,61	2,25	2,6	6,0	4,7
24,63	2,25	2,6	6,0	4,7
24,66	2,25	2,6	6,0	4,7
24,68	2,26	2,6	6,0	4,7
24,71	2,26	2,6	6,0	4,7
24,73	2,26	2,6	6,0	4,7
24,76	2,26	2,6	6,0	4,7
24,78	2,26	2,6	6,0	4,7
24,81	2,26	2,6	6,0	4,7
24,83	2,27	2,6	6,0	4,7
24,85	2,28	2,6	6,0	4,7
24,88	2,29	2,6	6,0	4,7
24,90	2,28	2,6	6,0	4,7
24,93	2,28	2,6	6,0	4,7
24,95	2,29	2,6	6,0	4,7
24,98	2,29	2,6	6,0	4,7
25,00	2,30	2,6	6,0	4,7
25,03	2,30	2,6	6,0	4,7
25,05	2,30	2,6	6,0	4,7
25,07	2,30	2,6	6,0	4,7
25,10	2,30	2,6	6,0	4,7
25,12	2,31	2,6	6,0	4,7
25,15	2,32	2,6	6,0	4,7
25,17	2,31	2,6	6,0	4,7
25,20	2,31	2,6	6,0	4,7
25,22	2,31	2,6	6,0	4,7
25,25	2,32	2,6	6,0	4,7
25,27	2,32	2,6	6,0	4,7
25,29	2,33	2,6	6,0	4,7
25,32	2,33	2,6	6,0	4,7
25,34	2,32	2,6	6,0	4,7
25,37	2,33	2,6	6,0	4,7
25,39	2,34	2,6	6,0	4,7
25,42	2,34	2,6	6,0	4,7
25,44	2,34	2,6	6,0	4,7
25,47	2,33	2,6	6,0	4,7
25,49	2,33	2,6	6,0	4,7
25,51	2,33	2,6	6,0	4,7
25,54	2,33	2,6	6,0	4,7
25,56	2,34	2,6	6,0	4,7
25,59	2,33	2,6	6,0	4,7
25,61	2,33	2,6	6,0	4,7
25,64	2,33	2,6	6,0	4,7
25,66	2,34	2,6	6,0	4,7
25,68	2,34	2,6	6,0	4,7
25,71	2,35	2,6	6,0	4,7
25,73	2,35	2,6	6,0	4,7
25,76	2,34	2,6	6,0	4,7
25,78	2,35	2,6	6,0	4,7
25,81	2,35	2,6	6,0	4,7
25,83	2,35	2,6	6,0	4,7
25,86	2,35	2,6	6,0	4,7
25,88	2,35	2,6	6,0	4,7
25,90	2,35	2,6	6,0	4,7
25,93	2,34	2,6	6,0	4,7
25,95	2,35	2,6	6,0	4,7
25,98	2,35	2,6	6,0	4,7
26,00	2,35	2,6	6,0	4,7
26,03	2,35	2,6	6,0	4,7
26,05	2,35	2,6	6,0	4,7
26,08	2,35	2,6	6,0	4,7
26,10	2,36	2,6	6,0	4,7
26,12	2,36	2,6	6,0	4,7
26,15	2,36	2,6	6,0	4,7
26,17	2,37	2,6	6,0	4,7
26,20	2,36	2,6	6,0	4,7
26,22	2,36	2,6	6,0	4,7
26,25	2,38	2,6	6,0	4,7
26,27	2,37	2,6	6,0	4,7
26,30	2,37	2,6	6,0	4,7
26,32	2,37	2,6	6,0	4,7
26,34	2,37	2,6	6,0	4,7
26,37	2,37	2,6	6,0	4,7
26,39	2,37	2,6	6,0	4,7
26,42	2,38	2,6	6,0	4,7
26,44	2,38	2,6	6,0	4,7
26,47	2,37	2,6	6,0	4,7
26,49	2,38	2,6	6,0	4,7
26,52	2,38	2,6	6,0	4,7
26,54	2,39	2,6	6,0	4,7
26,56	2,39	2,6	6,0	4,7
26,59	2,40	2,6	6,0	4,7
26,61	2,40	2,6	6,0	4,7
26,64	2,39	2,6	6,0	4,7
26,66	2,40	2,6	6,0	4,7
26,69	2,41	2,6	6,0	4,7
26,71	2,40	2,6	6,0	4,7
26,73	2,40	2,6	6,0	4,7
26,76	2,40	2,6	6,0	4,7
26,78	2,40	2,6	6,0	4,7
26,81	2,39	2,6	6,0	4,7
26,83	2,40	2,6	6,0	4,7
26,86	2,40	2,6	6,0	4,7
26,88	2,41	2,6	6,0	4,7
26,91	2,40	2,6	6,0	4,7
26,93	2,40	2,6	6,0	4,7
26,95	2,40	2,6	6,0	4,7
26,98	2,41	2,6	6,0	4,7
27,00	2,41	2,6	6,0	4,7
27,03	2,42	2,6	6,0	4,7
27,05	2,41	2,6	6,0	4,7
27,08	2,41	2,6	6,0	4,7
27,10	2,42	2,6	6,0	4,7
27,13	2,42	2,6	6,0	4,7
27,15	2,41	2,6	6,0	4,7
27,17	2,41	2,6	6,0	4,7
27,20	2,41	2,6	6,0	4,7
27,22	2,41	2,6	6,0	4,7
27,25	2,41	2,6	6,0	4,7
27,27	2,41	2,6	6,0	4,7
27,30	2,42	2,6	6,0	4,7
27,32	2,41	2,6	6,0	4,7
27,35	2,41	2,6	6,0	4,7
27,37	2,41	2,6	6,0	4,7
27,39	2,42	2,6	6,0	4,7
27,42	2,43	2,6	6,0	4,7
27,44	2,43	2,6	6,0	4,7
27,47	2,44	2,6	6,0	4,7
27,49	2,43	2,6	6,0	4,7
27,52	2,44	2,6	6,0	4,7
27,54	2,44	2,6	6,0	4,7
27,57	2,44	2,6	6,0	4,7
27,59	2,44	2,6	6,0	4,7
27,61	2,44	2,6	6,0	4,7
27,64	2,44	2,6	6,0	4,7
27,66	2,43	2,6	6,0	4,7
27,69	2,44	2,6	6,0	4,7
27,71	2,45	2,6	6,0	4,7
27,74	2,45	2,6	6,0	4,7
27,76	2,44	2,6	6,0	4,7
27,78	2,45	2,6	6,0	4,7
27,81	2,46	2,6	6,0	4,7
27,83	2,45	2,6	6,0	4,7
27,86	2,46	2,6	6,0	4,7
27,88	2,47	2,6	6,0	4,7
27,91	2,47	2,6	6,0	4,7
27,93	2,46	2,6	6,0	4,7
27,96	2,47	2,6	6,0	4,7
27,98	2,48	2,6	6,0	4,7
28,00	2,47	2,6	6,0	4,7
28,03	2,47	2,6	6,0	4,7
28,05	2,46	2,6	6,0	4,7
28,08	2,46	2,6	6,0	4,7
28,10	2,46	2,6	6,0	4,7
28,13	2,46	2,6	6,0	4,7
28,15	2,47	2,6	6,0	4,7
28,18	2,47	2,6	6,0	4,7
28,20	2,47	2,6	6,0	4,7
28,22	2,47	2,6	6,0	4,7
28,25	2,48	2,6	6,0	4,7
28,27	2,48	2,6	6,0	4,7
28,30	2,48	2,6	6,0	4,7
28,32	2,48	2,6	6,0	4,7
28,35	2,48	2,6	6,0	4,7
28,37	2,47	2,6	6,0	4,7
28,40	2,48	2,6	6,0	4,7
28,42	2,49	2,6	6,0	4,7
28,44	2,49	2,6	6,0	4,7
28,47	2,47	2,6	6,0	4,7
28,49	2,48	2,6	6,0	4,7
28,52	2,48	2,6	6,0	4,7
28,54	2,48	2,6	6,0	4,7
28,57	2,49	2,6	6,0	4,7
28,59	2,49	2,6	6,0	4,7
28,62	2,49	2,6	6,0	4,7
28,64	2,49	2,6	6,0	4,7
28,66	2,50	2,6	6,0	4,7
28,69	2,50	2,6	6,0	4,7
28,71	2,51	2,6	6,0	4,7
28,74	2,51	2,6	6,0	4,7
28,76	2,51	2,6	6,0	4,7
28,79	2,50	2,6	6,0	4,7
28,81	2,50	2,6	6,0	4,7
28,84	2,51	2,6	6,0	4,7
28,86	2,51	2,6	6,0	4,7
28,88	2,50	2,6	6,0	4,7
28,91	2,50	2,6	6,0	4,7
28,93	2,50	2,6	6,0	4,7
28,96	2,52	2,6	6,0	4,7
28,98	2,52	2,6	6,0	4,7
29,01	2,52	2,6	6,0	4,7
29,03	2,52	2,6	6,0	4,7
29,05	2,51	2,6	6,0	4,7
29,08	2,52	2,6	6,0	4,7
29,10	2,51	2,6	6,0	4,7
29,13	2,52	2,6	6,0	4,7
29,15	2,52	2,6	6,0	4,7
29,18	2,51	2,6	6,0	4,7
29,20	2,51	2,6	6,0	4,7
29,23	2,51	2,6	6,0	4,7
29,25	2,51	2,6	6,0	4,7
29,27	2,51	2,6	6,0	4,7
29,30	2,51	2,6	6,0	4,7
29,32	2,51	2,6	6,0	4,7
29,35	2,51	2,6	6,0	4,7
29,37	2,51	2,6	6,0	4,7
29,40	2,52	2,6	6,0	4,7
29,42	2,52	2,6	6,0	4,7
29,45	2,53	2,6	6,0	4,7
29,47	2,53	2,6	6,0	4,7
29,49	2,52	2,6	6,0	4,7
29,52	2,52	2,6	6,0	4,7
29,54	2,53	2,6	6,0	4,7
29,57	2,52	2,6	6,0	4,7
29,59	2,53	2,6	6,0	4,7
29,62	2,52	2,6	6,0	4,7
29,64	2,53	2,6	6,0	4,7
29,67	2,53	2,6	6,0	4,7
29,69	2,53	2,6	6,0	4,7
29,71	2,54	2,6	6,0	4,7
29,74	2,53	2,6	6,0	4,7
29,76	2,53	2,6	6,0	4,7
29,79	2,54	2,6	6,0	4,7
29,81	2,54	2,6	6,0	4,7
29,84	2,55	2,6	6,0	4,7
29,86	2,55	2,6	6,0	4,7
29,89	2,55	2,6	6,0	4,7
29,91	2,54	2,6	6,0	4,7
29,93	2,54	2,6	6,0	4,7
29,96	2,55	2,6	6,0	4,7
29,98	2,55	2,6	6,0	4,7
30,01	2,54	2,6	6,0	4,7
30,03	2,54	2,6	6,0	4,7
30,06	2,53	2,6	6,0	4,7
30,08	2,53	2,6	6,0	4,7
30,10	2,53	2,6	6,0	4,7
30,13	2,53	2,6	6,0	4,7
30,15	2,53	2,6	6,0	4,7
30,18	2,52	2,6	6,0	4,7
30,20	2,51	2,6	6,0	4,7
30,23	2,51	2,6	6,0	4,7
30,25	2,50	2,6	6,0	4,7
30,28	2,51	2,6	6,0	4,7
30,30	2,50	2,6	6,0	4,7
30,32	2,49	2,6	6,0	4,7
30,35	2,48	2,6	6,0	4,7
30,37	2,47	2,6	6,0	4,7
30,40	2,47	2,6	6,0	4,7
30,42	2,46	2,6	6,0	4,7
30,45	2,44	2,6	6,0	4,7
30,47	2,44	2,6	6,0	4,7
30,50	2,42	2,6	6,0	4,7
30,52	2,41	2,6	6,0	4,7
30,54	2,40	2,6	6,0	4,7
30,57	2,39	2,6	6,0	4,7
30,59	2,38	2,6	6,0	4,7
30,62	2,36	2,6	6,0	4,7
30,64	2,35	2,6	6,0	4,7
30,67	2,34	2,6	6,0	4,7
30,69	2,33	2,6	6,0	4,7
30,72	2,32	2,6	6,0	4,7
30,74	2,31	2,6	6,0	4,7
30,76	2,29	2,6	6,0	4,7
30,79	2,27	2,6	6,0	4,7
30,81	2,26	2,6	6,0	4,7
30,84	2,25	2,6	6,0	4,7
30,86	2,23	2,6	6,0	4,7
30,89	2,21	2,6	6,0	4,7
30,91	2,19	2,6	6,0	4,7
30,94	2,18	2,6	6,0	4,7
30,96	2,16	2,6	6,0	4,7
30,98	2,15	2,6	6,0	4,7
31,01	2,14	2,6	6,0	4,7
31,03	2,12	2,6	6,0	4,7
31,06	2,10	2,6	6,0	4,7
31,08	2,09	2,6	6,0	4,7
31,11	2,08	2,6	6,0	4,7
31,13	2,07	2,6	6,0	4,7
31,15	2,06	2,6	6,0	4,7
31,18	2,04	2,6	6,0	4,7
31,20	2,02	2,6	6,0	4,7
31,23	2,00	2,6	6,0	4,7
31,25	1,99	2,6	6,0	4,7
31,28	1,98	2,6	6,0	4,7
31,30	1,95	2,6	6,0	4,7
31,33	1,94	2,6	6,0	4,7
31,35	1,92	2,6	6,0	4,7
31,37	1,91	2,6	6,0	4,7
31,40	1,90	2,6	6,0	4,7
31,42	1,89	2,6	6,0	4,7
31,45	1,88	2,6	6,0	4,7
31,47	1,86	2,6	6,0	4,7
31,50	1,84	2,6	6,0	4,7
31,52	1,84	2,6	6,0	4,7
31,55	1,83	2,6	6,0	4,7
31,57	1,82	2,6	6,0	4,7
31,59	1,80	2,6	6,0	4,7
31,62	1,79	2,6	6,0	4,7
31,64	1,77	2,6	6,0	4,7
31,67	1,75	2,6	6,0	4,7
31,69	1,75	2,6	6,0	4,7
31,72	1,74	2,6	6,0	4,7
31,74	1,72	2,6	6,0	4,7
31,77	1,70	2,6	6,0	4,7
31,79	1,69	2,6	6,0	4,7
31,81	1,69	2,6	6,0	4,7
31,84	1,68	2,6	6,0	4,7
31,86	1,68	2,6	6,0	4,7
31,89	1,67	2,6	6,0	4,7
31,91	1,65	2,6	6,0	4,7
31,94	1,64	2,6	6,0	4,7
31,96	1,63	2,6	6,0	4,7
31,99	1,62	2,6	6,0	4,7
32,01	1,61	2,6	6,0	4,7
32,03	1,60	2,6	6,0	4,7
32,06	1,58	2,6	6,0	4,7
32,08	1,57	2,6	6,0	4,7
32,11	1,56	2,6	6,0	4,7
32,13	1,56	2,6	6,0	4,7
32,16	1,55	2,6	6,0	4,7
32,18	1,53	2,6	6,0	4,7
32,20	1,53	2,6	6,0	4,7
32,23	1,52	2,6	6,0	4,7
32,25	1,53	2,6	6,0	4,7
32,28	1,52	2,6	6,0	4,7
32,30	1,52	2,6	6,0	4,7
32,33	1,51	2,6	6,0	4,7
32,35	1,50	2,6	6,0	4,7
32,38	1,49	2,6	6,0	4,7
32,40	1,48	2,6	6,0	4,7
32,42	1,48	2,6	6,0	4,7
32,45	1,47	2,6	6,0	4,7
32,47	1,45	2,6	6,0	4,7
32,50	1,44	2,6	6,0	4,7
32,52	1,43	2,6	6,0	4,7
32,55	1,43	2,6	6,0	4,7
32,57	1,43	2,6	6,0	4,7
32,60	1,42	2,6	6,0	4,7
32,62	1,41	2,6	6,0	4,7
32,64	1,41	2,6	6,0	4,7
32,67	1,41	2,6	6,0	4,7
32,69	1,42	2,6	6,0	4,7
32,72	1,41	2,6	6,0	4,7
32,74	1,42	2,6	6,0	4,7
32,77	1,41	2,6	6,0	4,7
32,79	1,40	2,6	6,0	4,7
32,82	1,41	2,6	6,0	4,7
32,84	1,41	2,6	6,0	4,7
32,86	1,40	2,6	6,0	4,7
32,89	1,40	2,6	6,0	4,7
32,91	1,39	2,6	6,0	4,7
32,94	1,39	2,6	6,0	4,7
32,96	1,39	2,6	6,0	4,7
32,99	1,40	2,6	6,0	4,7
33,01	1,41	2,6	6,0	4,7
33,04	1,39	2,6	6,0	4,7
33,06	1,39	2,6	6,0	4,7
33,08	1,40	2,6	6,0	4,7
33,11	1,40	2,6	6,0	4,7
33,13	1,42	2,6	6,0	4,7
33,16	1,42	2,6	6,0	4,7
33,18	1,42	2,6	6,0	4,7
33,21	1,42	2,6	6,0	4,7
33,23	1,42	2,6	6,0	4,7
33,26	1,43	2,6	6,0	4,7
33,28	1,43	2,6	6,0	4,7
33,30	1,43	2,6	6,0	4,7
33,33	1,43	2,6	6,0	4,7
33,35	1,43	2,6	6,0	4,7
33,38	1,44	2,6	6,0	4,7
33,40	1,44	2,6	6,0	4,7
33,43	1,45	2,6	6,0	4,7
33,45	1,45	2,6	6,0	4,7
33,47	1,45	2,6	6,0	4,7
33,50	1,45	2,6	6,0	4,7
33,52	1,46	2,6	6,0	4,7
33,55	1,46	2,6	6,0	4,7
33,57	1,47	2,6	6,0	4,7
33,60	1,47	2,6	6,0	4,7
33,62	1,48	2,6	6,0	4,7
33,65	1,48	2,6	6,0	4,7
33,67	1,47	2,6	6,0	4,7
33,69	1,49	2,6	6,0	4,7
33,72	1,49	2,6	6,0	4,7
33,74	1,48	2,6	6,0	4,7
33,77	1,49	2,6	6,0	4,7
33,79	1,49	2,6	6,0	4,7
33,82	1,50	2,6	6,0	4,7
33,84	1,50	2,6	6,0	4,7
33,87	1,51	2,6	6,0	4,7
33,89	1,52	2,6	6,0	4,7
33,91	1,51	2,6	6,0	4,7
33,94	1,52	2,6	6,0	4,7
33,96	1,52	2,6	6,0	4,7
33,99	1,53	2,6	6,0	4,7
34,01	1,53	2,6	6,0	4,7
34,04	1,54	2,6	6,0	4,7
34,06	1,54	2,6	6,0	4,7
34,09	1,53	2,6	6,0	4,7
34,11	1,55	2,6	6,0	4,7
34,13	1,55	2,6	6,0	4,7
34,16	1,55	2,6	6,0	4,7
34,18	1,55	2,6	6,0	4,7
34,21	1,56	2,6	6,0	4,7
34,23	1,56	2,6	6,0	4,7
34,26	1,57	2,6	6,0	4,7
34,28	1,58	2,6	6,0	4,7
34,31	1,59	2,6	6,0	4,7
34,33	1,59	2,6	6,0	4,7
34,35	1,59	2,6	6,0	4,7
34,38	1,60	2,6	6,0	4,7
34,40	1,61	2,6	6,0	4,7
34,43	1,62	2,6	6,0	4,7
34,45	1,63	2,6	6,0	4,7
34,48	1,64	2,6	6,0	4,7
34,50	1,64	2,6	6,0	4,7
34,52	1,65	2,6	6,0	4,7
34,55	1,66	2,6	6,0	4,7
34,57	1,67	2,6	6,0	4,7
34,60	1,67	2,6	6,0	4,7
34,62	1,68	2,6	6,0	4,7
34,65	1,68	2,6	6,0	4,7
34,67	1,70	2,6	6,0	4,7
34,70	1,71	2,6	6,0	4,7
34,72	1,72	2,6	6,0	4,7
34,74	1,74	2,6	6,0	4,7
34,77	1,73	2,6	6,0	4,7
34,79	1,75	2,6	6,0	4,7
34,82	1,76	2,6	6,0	4,7
34,84	1,77	2,6	6,0	4,7
34,87	1,78	2,6	6,0	4,7
34,89	1,79	2,6	6,0	4,7
34,92	1,80	2,6	6,0	4,7
34,94	1,81	2,6	6,0	4,7
34,96	1,82	2,6	6,0	4,7
34,99	1,83	2,6	6,0	4,7
35,01	1,84	2,6	6,0	4,7
35,04	1,85	2,6	6,0	4,7
35,06	1,86	2,6	6,0	4,7
35,09	1,87	2,6	6,0	4,7
35,11	1,89	2,6	6,0	4,7
35,14	1,90	2,6	6,0	4,7
35,16	1,92	2,6	6,0	4,7
35,18	1,94	2,6	6,0	4,7
35,21	1,94	2,6	6,0	4,7
35,23	1,95	2,6	6,0	4,7
35,26	1,97	2,6	6,0	4,7
35,28	1,98	2,6	6,0	4,7
35,31	1,99	2,6	6,0	4,7
35,33	2,00	2,6	6,0	4,7
35,36	2,01	2,6	6,0	4,7
35,38	2,02	2,6	6,0	4,7
35,40	2,03	2,6	6,0	4,7
35,43	2,05	2,6	6,0	4,7
35,45	2,06	2,6	6,0	4,7
35,48	2,07	2,6	6,0	4,7
35,50	2,08	2,6	6,0	4,7
35,53	2,09	2,6	6,0	4,7
35,55	2,12	2,6	6,0	4,7
35,57	2,13	2,6	6,0	4,7
35,60	2,15	2,6	6,0	4,7
35,62	2,16	2,6	6,0	4,7
35,65	2,16	2,6	6,0	4,7
35,67	2,18	2,6	6,0	4,7
35,70	2,19	2,6	6,0	4,7
35,72	2,20	2,6	6,0	4,7
35,75	2,21	2,6	6,0	4,7
35,77	2,22	2,6	6,0	4,7
35,79	2,23	2,6	6,0	4,7
35,82	2,24	2,6	6,0	4,7
35,84	2,27	2,6	6,0	4,7
35,87	2,27	2,6	6,0	4,7
35,89	2,28	2,6	6,0	4,7
35,92	2,29	2,6	6,0	4,7
35,94	2,31	2,6	6,0	4,7
35,97	2,32	2,6	6,0	4,7
35,99	2,35	2,6	6,0	4,7
36,01	2,36	2,6	6,0	4,7
36,04	2,38	2,6	6,0	4,7
36,06	2,38	2,6	6,0	4,7
36,09	2,40	2,6	6,0	4,7
36,11	2,42	2,6	6,0	4,7
36,14	2,43	2,6	6,0	4,7
36,16	2,44	2,6	6,0	4,7
36,19	2,45	2,6	6,0	4,7
36,21	2,46	2,6	6,0	4,7
36,23	2,47	2,6	6,0	4,7
36,26	2,49	2,6	6,0	4,7
36,28	2,50	2,6	6,0	4,7
36,31	2,52	2,6	6,0	4,7
36,33	2,52	2,6	6,0	4,7
36,36	2,53	2,6	6,0	4,7
36,38	2,56	2,6	6,0	4,7
36,41	2,57	2,6	6,0	4,7
36,43	2,59	2,6	6,0	4,7
36,45	2,60	2,6	6,0	4,7
36,48	2,63	2,6	6,0	4,7
36,50	2,63	2,6	6,0	4,7
36,53	2,64	2,6	6,0	4,7
36,55	2,67	2,6	6,0	4,7
36,58	2,68	2,6	6,0	4,7
36,60	2,69	2,6	6,0	4,7
36,62	2,70	2,6	6,0	4,7
36,65	2,71	2,6	6,0	4,7
36,67	2,72	2,6	6,0	4,7
36,70	2,74	2,6	6,0	4,7
36,72	2,76	2,6	6,0	4,7
36,75	2,77	2,6	6,0	4,7
36,77	2,78	2,6	6,0	4,7
36,80	2,79	2,6	6,0	4,7
36,82	2,82	2,6	6,0	4,7
36,84	2,84	2,6	6,0	4,7
36,87	2,85	2,6	6,0	4,7
36,89	2,86	2,6	6,0	4,7
36,92	2,88	2,6	6,0	4,7
36,94	2,89	2,6	6,0	4,7
36,97	2,90	2,6	6,0	4,7
36,99	2,92	2,6	6,0	4,7
37,02	2,93	2,6	6,0	4,7
37,04	2,94	2,6	6,0	4,7
37,06	2,95	2,6	6,0	4,7
37,09	2,97	2,6	6,0	4,7
37,11	2,98	2,6	6,0	4,7
37,14	3,00	2,6	6,0	4,7
37,16	3,02	2,6	6,0	4,7
37,19	3,03	2,6	6,0	4,7
37,21	3,03	2,6	6,0	4,7
37,24	3,05	2,6	6,0	4,7
37,26	3,07	2,6	6,0	4,7
37,28	3,09	2,6	6,0	4,7
37,31	3,11	2,6	6,0	4,7
37,33	3,12	2,6	6,0	4,7
37,36	3,13	2,6	6,0	4,7
37,38	3,14	2,6	6,0	4,7
37,41	3,16	2,6	6,0	4,7
37,43	3,17	2,6	6,0	4,7
37,46	3,18	2,6	6,0	4,7
37,48	3,19	2,6	6,0	4,7
37,50	3,20	2,6	6,0	4,7
37,53	3,22	2,6	6,0	4,7
37,55	3,23	2,6	6,0	4,7
37,58	3,26	2,6	6,0	4,7
37,60	3,27	2,6	6,0	4,7
37,63	3,28	2,6	6,0	4,7
37,65	3,29	2,6	6,0	4,7
37,68	3,31	2,6	6,0	4,7
37,70	3,32	2,6	6,0	4,7
37,72	3,34	2,6	6,0	4,7
37,75	3,35	2,6	6,0	4,7
37,77	3,36	2,6	6,0	4,7
37,80	3,37	2,6	6,0	4,7
37,82	3,39	2,6	6,0	4,7
37,85	3,41	2,6	6,0	4,7
37,87	3,42	2,6	6,0	4,7
37,89	3,42	2,6	6,0	4,7
37,92	3,44	2,6	6,0	4,7
37,94	3,45	2,6	6,0	4,7
37,97	3,47	2,6	6,0	4,7
37,99	3,48	2,6	6,0	4,7
38,02	3,50	2,6	6,0	4,7
38,04	3,52	2,6	6,0	4,7
38,07	3,52	2,6	6,0	4,7
38,09	3,53	2,6	6,0	4,7
38,11	3,55	2,6	6,0	4,7
38,14	3,57	2,6	6,0	4,7
38,16	3,58	2,6	6,0	4,7
38,19	3,59	2,6	6,0	4,7
38,21	3,61	2,6	6,0	4,7
38,24	3,61	2,6	6,0	4,7
38,26	3,62	2,6	6,0	4,7
38,29	3,65	2,6	6,0	4,7
38,31	3,66	2,6	6,0	4,7
38,33	3,66	2,6	6,0	4,7
38,36	3,68	2,6	6,0	4,7
38,38	3,70	2,6	6,0	4,7
38,41	3,72	2,6	6,0	4,7
38,43	3,73	2,6	6,0	4,7
38,46	3,75	2,6	6,0	4,7
38,48	3,76	2,6	6,0	4,7
38,51	3,77	2,6	6,0	4,7
38,53	3,78	2,6	6,0	4,7
38,55	3,81	2,6	6,0	4,7
38,58	3,82	2,6	6,0	4,7
38,60	3,84	2,6	6,0	4,7
38,63	3,84	2,6	6,0	4,7
38,65	3,85	2,6	6,0	4,7
38,68	3,87	2,6	6,0	4,7
38,70	3,88	2,6	6,0	4,7
38,73	3,90	2,6	6,0	4,7
38,75	3,91	2,6	6,0	4,7
38,77	3,92	2,6	6,0	4,7
38,80	3,94	2,6	6,0	4,7
38,82	3,95	2,6	6,0	4,7
38,85	3,98	2,6	6,0	4,7
38,87	3,99	2,6	6,0	4,7
38,90	4,00	2,6	6,0	4,7
38,92	4,01	2,6	6,0	4,7
38,94	4,02	2,6	6,0	4,7
38,97	4,04	2,6	6,0	4,7
38,99	4,05	2,6	6,0	4,7
39,02	4,06	2,6	6,0	4,7
39,04	4,07	2,6	6,0	4,7
39,07	4,07	2,6	6,0	4,7
39,09	4,09	2,6	6,0	4,7
39,12	4,10	2,6	6,0	4,7
39,14	4,12	2,6	6,0	4,7
39,16	4,12	2,6	6,0	4,7
39,19	4,13	2,6	6,0	4,7
39,21	4,15	2,6	6,0	4,7
39,24	4,16	2,6	6,0	4,7
39,26	4,18	2,6	6,0	4,7
39,29	4,20	2,6	6,0	4,7
39,31	4,22	2,6	6,0	4,7
39,34	4,22	2,6	6,0	4,7
39,36	4,23	2,6	6,0	4,7
39,38	4,24	2,6	6,0	4,7
39,41	4,26	2,6	6,0	4,7
39,43	4,27	2,6	6,0	4,7
39,46	4,28	2,6	6,0	4,7
39,48	4,29	2,6	6,0	4,7
39,51	4,30	2,6	6,0	4,7
39,53	4,31	2,6	6,0	4,7
39,56	4,33	2,6	6,0	4,7
39,58	4,35	2,6	6,0	4,7
39,60	4,36	2,6	6,0	4,7
39,63	4,36	2,6	6,0	4,7
39,65	4,38	2,6	6,0	4,7
39,68	4,40	2,6	6,0	4,7
39,70	4,41	2,6	6,0	4,7
39,73	4,43	2,6	6,0	4,7
39,75	4,43	2,6	6,0	4,7
39,78	4,45	2,6	6,0	4,7
39,80	4,44	2,6	6,0	4,7
39,82	4,46	2,6	6,0	4,7
39,85	4,48	2,6	6,0	4,7
39,87	4,49	2,6	6,0	4,7
39,90	4,50	2,6	6,0	4,7
39,92	4,50	2,6	6,0	4,7
39,95	4,51	2,6	6,0	4,7
39,97	4,53	2,6	6,0	4,7
39,99	4,54	2,6	6,0	4,7
40,02	4,56	2,6	6,0	4,7
40,04	4,57	2,6	6,0	4,7
40,07	4,57	2,6	6,0	4,7
40,09	4,59	2,6	6,0	4,7
40,12	4,61	2,6	6,0	4,7
40,14	4,62	2,6	6,0	4,7
40,17	4,64	2,6	6,0	4,7
40,19	4,64	2,6	6,0	4,7
40,21	4,65	2,6	6,0	4,7
40,24	4,66	2,6	6,0	4,7
40,26	4,66	2,6	6,0	4,7
40,29	4,68	2,6	6,0	4,7
40,31	4,69	2,6	6,0	4,7
40,34	4,70	2,6	6,0	4,7
40,36	4,71	2,6	6,0	4,7
40,39	4,72	2,6	6,0	4,7
40,41	4,74	2,6	6,0	4,7
40,43	4,75	2,6	6,0	4,7
40,46	4,77	2,6	6,0	4,7
40,48	4,77	2,6	6,0	4,7
40,51	4,78	2,6	6,0	4,7
40,53	4,80	2,6	6,0	4,7
40,56	4,82	2,6	6,0	4,7
40,58	4,83	2,6	6,0	4,7
40,61	4,84	2,6	6,0	4,7
40,63	4,85	2,6	6,0	4,7
40,65	4,85	2,6	6,0	4,7
40,68	4,86	2,6	6,0	4,7
40,70	4,87	2,6	6,0	4,7
40,73	4,88	2,6	6,0	4,7
40,75	4,89	2,6	6,0	4,7
40,78	4,90	2,6	6,0	4,7
40,80	4,91	2,6	6,0	4,7
40,83	4,93	2,6	6,0	4,7
40,85	4,94	2,6	6,0	4,7
40,87	4,96	2,6	6,0	4,7
40,90	4,96	2,6	6,0	4,7
40,92	4,97	2,6	6,0	4,7
40,95	4,98	2,6	6,0	4,7
40,97	4,99	2,6	6,0	4,7
41,00	5,01	2,6	6,0	4,7
41,02	5,02	2,6	6,0	4,7
41,05	5,02	2,6	6,0	4,7
41,07	5,03	2,6	6,0	4,7
41,09	5,03	2,6	6,0	4,7
41,12	5,04	2,6	6,0	4,7
41,14	5,06	2,6	6,0	4,7
41,17	5,07	2,6	6,0	4,7
41,19	5,07	2,6	6,0	4,7
41,22	5,09	2,6	6,0	4,7
41,24	5,10	2,6	6,0	4,7
41,26	5,12	2,6	6,0	4,7
41,29	5,13	2,6	6,0	4,7
41,31	5,15	2,6	6,0	4,7
41,34	5,15	2,6	6,0	4,7
41,36	5,15	2,6	6,0	4,7
41,39	5,16	2,6	6,0	4,7
41,41	5,18	2,6	6,0	4,7
41,44	5,19	2,6	6,0	4,7
41,46	5,20	2,6	6,0	4,7
41,48	5,20	2,6	6,0	4,7
41,51	5,21	2,6	6,0	4,7
41,53	5,21	2,6	6,0	4,7
41,56	5,22	2,6	6,0	4,7
41,58	5,24	2,6	6,0	4,7
41,61	5,25	2,6	6,0	4,7
41,63	5,25	2,6	6,0	4,7
41,66	5,26	2,6	6,0	4,7
41,68	5,28	2,6	6,0	4,7
41,70	5,29	2,6	6,0	4,7
41,73	5,30	2,6	6,0	4,7
41,75	5,32	2,6	6,0	4,7
41,78	5,32	2,6	6,0	4,7
41,80	5,33	2,6	6,0	4,7
41,83	5,34	2,6	6,0	4,7
41,85	5,35	2,6	6,0	4,7
41,88	5,36	2,6	6,0	4,7
41,90	5,37	2,6	6,0	4,7
41,92	5,37	2,6	6,0	4,7
41,95	5,37	2,6	6,0	4,7
41,97	5,38	2,6	6,0	4,7
42,00	5,39	2,6	6,0	4,7
42,02	5,41	2,6	6,0	4,7
42,05	5,41	2,6	6,0	4,7
42,07	5,41	2,6	6,0	4,7
42,10	5,43	2,6	6,0	4,7
42,12	5,44	2,6	6,0	4,7
42,14	5,46	2,6	6,0	4,7
42,17	5,47	2,6	6,0	4,7
42,19	5,48	2,6	6,0	4,7
42,22	5,48	2,6	6,0	4,7
42,24	5,49	2,6	6,0	4,7
42,27	5,50	2,6	6,0	4,7
42,29	5,51	2,6	6,0	4,7
42,31	5,52	2,6	6,0	4,7
42,34	5,53	2,6	6,0	4,7
42,36	5,53	2,6	6,0	4,7
42,39	5,53	2,6	6,0	4,7
42,41	5,54	2,6	6,0	4,7
42,44	5,55	2,6	6,0	4,7
42,46	5,55	2,6	6,0	4,7
42,49	5,55	2,6	6,0	4,7
42,51	5,56	2,6	6,0	4,7
42,53	5,58	2,6	6,0	4,7
42,56	5,59	2,6	6,0	4,7
42,58	5,60	2,6	6,0	4,7
42,61	5,61	2,6	6,0	4,7
42,63	5,61	2,6	6,0	4,7
42,66	5,61	2,6	6,0	4,7
42,68	5,62	2,6	6,0	4,7
42,71	5,63	2,6	6,0	4,7
42,73	5,64	2,6	6,0	4,7
42,75	5,64	2,6	6,0	4,7
42,78	5,64	2,6	6,0	4,7
42,80	5,65	2,6	6,0	4,7
42,83	5,65	2,6	6,0	4,7
42,85	5,66	2,6	6,0	4,7
42,88	5,68	2,6	6,0	4,7
42,90	5,68	2,6	6,0	4,7
42,93	5,67	2,6	6,0	4,7
42,95	5,69	2,6	6,0	4,7
42,97	5,70	2,6	6,0	4,7
43,00	5,72	2,6	6,0	4,7
43,02	5,72	2,6	6,0	4,7
43,05	5,73	2,6	6,0	4,7
43,07	5,73	2,6	6,0	4,7
43,10	5,72	2,6	6,0	4,7
43,12	5,74	2,6	6,0	4,7
43,15	5,75	2,6	6,0	4,7
43,17	5,75	2,6	6,0	4,7
43,19	5,75	2,6	6,0	4,7
43,22	5,76	2,6	6,0	4,7
43,24	5,77	2,6	6,0	4,7
43,27	5,77	2,6	6,0	4,7
43,29	5,79	2,6	6,0	4,7
43,32	5,80	2,6	6,0	4,7
43,34	5,80	2,6	6,0	4,7
43,36	5,80	2,6	6,0	4,7
43,39	5,82	2,6	6,0	4,7
43,41	5,83	2,6	6,0	4,7
43,44	5,84	2,6	6,0	4,7
43,46	5,84	2,6	6,0	4,7
43,49	5,85	2,6	6,0	4,7
43,51	5,85	2,6	6,0	4,7
43,54	5,85	2,6	6,0	4,7
43,56	5,86	2,6	6,0	4,7
43,58	5,86	2,6	6,0	4,7
43,61	5,86	2,6	6,0	4,7
43,63	5,87	2,6	6,0	4,7
43,66	5,88	2,6	6,0	4,7
43,68	5,88	2,6	6,0	4,7
43,71	5,90	2,6	6,0	4,7
43,73	5,90	2,6	6,0	4,7
43,76	5,91	2,6	6,0	4,7
43,78	5,91	2,6	6,0	4,7
43,80	5,91	2,6	6,0	4,7
43,83	5,92	2,6	6,0	4,7
43,85	5,93	2,6	6,0	4,7
43,88	5,94	2,6	6,0	4,7
43,90	5,94	2,6	6,0	4,7
43,93	5,94	2,6	6,0	4,7
43,95	5,94	2,6	6,0	4,7
43,98	5,94	2,6	6,0	4,7
44,00	5,96	2,6	6,0	4,7
44,02	5,96	2,6	6,0	4,7
44,05	5,96	2,6	6,0	4,7
44,07	5,97	2,6	6,0	4,7
44,10	5,97	2,6	6,0	4,7
44,12	5,98	2,6	6,0	4,7
44,15	5,99	2,6	6,0	4,7
44,17	6,00	2,6	6,0	4,7
44,20	5,99	2,6	6,0	4,7
44,22	6,00	2,6	6,0	4,7
44,24	6,00	2,6	6,0	4,7
44,27	6,01	2,6	6,0	4,7
44,29	6,02	2,6	6,0	4,7
44,32	6,02	2,6	6,0	4,7
44,34	6,02	2,6	6,0	4,7
44,37	6,03	2,6	6,0	4,7
44,39	6,03	2,6	6,0	4,7
44,41	6,04	2,6	6,0	4,7
44,44	6,05	2,6	6,0	4,7
44,46	6,05	2,6	6,0	4,7
44,49	6,05	2,6	6,0	4,7
44,51	6,06	2,6	6,0	4,7
44,54	6,06	2,6	6,0	4,7
44,56	6,08	2,6	6,0	4,7
44,59	6,08	2,6	6,0	4,7
44,61	6,09	2,6	6,0	4,7
44,63	6,09	2,6	6,0	4,7
44,66	6,08	2,6	6,0	4,7
44,68	6,10	2,6	6,0	4,7
44,71	6,11	2,6	6,0	4,7
44,73	6,10	2,6	6,0	4,7
44,76	6,11	2,6	6,0	4,7
44,78	6,11	2,6	6,0	4,7
44,81	6,12	2,6	6,0	4,7
44,83	6,11	2,6	6,0	4,7
44,85	6,12	2,6	6,0	4,7
44,88	6,13	2,6	6,0	4,7
44,90	6,13	2,6	6,0	4,7
44,93	6,13	2,6	6,0	4,7
44,95	6,14	2,6	6,0	4,7
44,98	6,14	2,6	6,0	4,7
45,00	6,16	2,6	6,0	4,7
45,03	6,16	2,6	6,0	4,7
45,05	6,16	2,6	6,0	4,7
45,07	6,16	2,6	6,0	4,7
45,10	6,16	2,6	6,0	4,7
45,12	6,17	2,6	6,0	4,7
45,15	6,18	2,6	6,0	4,7
45,17	6,18	2,6	6,0	4,7
45,20	6,18	2,6	6,0	4,7
45,22	6,17	2,6	6,0	4,7
45,25	6,18	2,6	6,0	4,7
45,27	6,18	2,6	6,0	4,7
45,29	6,18	2,6	6,0	4,7
45,32	6,19	2,6	6,0	4,7
45,34	6,19	2,6	6,0	4,7
45,37	6,19	2,6	6,0	4,7
45,39	6,20	2,6	6,0	4,7
45,42	6,20	2,6	6,0	4,7
45,44	6,22	2,6	6,0	4,7
45,47	6,22	2,6	6,0	4,7
45,49	6,22	2,6	6,0	4,7
45,51	6,21	2,6	6,0	4,7
45,54	6,22	2,6	6,0	4,7
45,56	6,23	2,6	6,0	4,7
45,59	6,23	2,6	6,0	4,7
45,61	6,23	2,6	6,0	4,7
45,64	6,23	2,6	6,0	4,7
45,66	6,23	2,6	6,0	4,7
45,68	6,24	2,6	6,0	4,7
45,71	6,24	2,6	6,0	4,7
45,73	6,25	2,6	6,0	4,7
45,76	6,24	2,6	6,0	4,7
45,78	6,24	2,6	6,0	4,7
45,81	6,25	2,6	6,0	4,7
45,83	6,26	2,6	6,0	4,7
45,86	6,27	2,6	6,0	4,7
45,88	6,27	2,6	6,0	4,7
45,90	6,28	2,6	6,0	4,7
45,93	6,27	2,6	6,0	4,7
45,95	6,26	2,6	6,0	4,7
45,98	6,27	2,6	6,0	4,7
46,00	6,28	2,6	6,0	4,7
46,03	6,28	2,6	6,0	4,7
46,05	6,28	2,6	6,0	4,7
46,08	6,27	2,6	6,0	4,7
46,10	6,28	2,6	6,0	4,7
46,12	6,28	2,6	6,0	4,7
46,15	6,29	2,6	6,0	4,7
46,17	6,30	2,6	6,0	4,7
46,20	6,29	2,6	6,0	4,7
46,22	6,29	2,6	6,0	4,7
46,25	6,30	2,6	6,0	4,7
46,27	6,31	2,6	6,0	4,7
46,30	6,31	2,6	6,0	4,7
46,32	6,32	2,6	6,0	4,7
46,34	6,31	2,6	6,0	4,7
46,37	6,31	2,6	6,0	4,7
46,39	6,30	2,6	6,0	4,7
46,42	6,31	2,6	6,0	4,7
46,44	6,32	2,6	6,0	4,7
46,47	6,31	2,6	6,0	4,7
46,49	6,32	2,6	6,0	4,7
46,52	6,31	2,6	6,0	4,7
46,54	6,33	2,6	6,0	4,7
46,56	6,33	2,6	6,0	4,7
46,59	6,34	2,6	6,0	4,7
46,61	6,34	2,6	6,0	4,7
46,64	6,33	2,6	6,0	4,7
46,66	6,33	2,6	6,0	4,7
46,69	6,34	2,6	6,0	4,7
46,71	6,34	2,6	6,0	4,7
46,73	6,34	2,6	6,0	4,7
46,76	6,33	2,6	6,0	4,7
46,78	6,33	2,6	6,0	4,7
46,81	6,33	2,6	6,0	4,7
46,83	6,33	2,6	6,0	4,7
46,86	6,33	2,6	6,0	4,7
46,88	6,33	2,6	6,0	4,7
46,91	6,33	2,6	6,0	4,7
46,93	6,32	2,6	6,0	4,7
46,95	6,32	2,6	6,0	4,7
46,98	6,33	2,6	6,0	4,7
47,00	6,33	2,6	6,0	4,7
47,03	6,33	2,6	6,0	4,7
47,05	6,32	2,6	6,0	4,7
47,08	6,31	2,6	6,0	4,7
47,10	6,30	2,6	6,0	4,7
47,13	6,31	2,6	6,0	4,7
47,15	6,30	2,6	6,0	4,7
47,17	6,30	2,6	6,0	4,7
47,20	6,28	2,6	6,0	4,7
47,22	6,27	2,6	6,0	4,7
47,25	6,26	2,6	6,0	4,7
47,27	6,25	2,6	6,0	4,7
47,30	6,25	2,6	6,0	4,7
47,32	6,24	2,6	6,0	4,7
47,35	6,23	2,6	6,0	4,7
47,37	6,22	2,6	6,0	4,7
47,39	6,21	2,6	6,0	4,7
47,42	6,21	2,6	6,0	4,7
47,44	6,20	2,6	6,0	4,7
47,47	6,19	2,6	6,0	4,7
47,49	6,17	2,6	6,0	4,7
47,52	6,16	2,6	6,0	4,7
47,54	6,15	2,6	6,0	4,7
47,57	6,14	2,6	6,0	4,7
47,59	6,13	2,6	6,0	4,7
47,61	6,11	2,6	6,0	4,7
47,64	6,09	2,6	6,0	4,7
47,66	6,08	2,6	6,0	4,7
47,69	6,07	2,6	6,0	4,7
47,71	6,06	2,6	6,0	4,7
47,74	6,05	2,6	6,0	4,7
47,76	6,03	2,6	6,0	4,7
47,78	6,01	2,6	6,0	4,7
47,81	6,00	2,6	6,0	4,7
47,83	5,99	2,6	6,0	4,7
47,86	5,99	2,6	6,0	4,7
47,88	5,97	2,6	6,0	4,7
47,91	5,96	2,6	6,0	4,7
47,93	5,94	2,6	6,0	4,7
47,96	5,92	2,6	6,0	4,7
47,98	5,92	2,6	6,0	4,7
48,00	5,91	2,6	6,0	4,7
48,03	5,89	2,6	6,0	4,7
48,05	5,88	2,6	6,0	4,7
48,08	5,86	2,6	6,0	4,7
48,10	5,85	2,6	6,0	4,7
48,13	5,83	2,6	6,0	4,7
48,15	5,83	2,6	6,0	4,7
48,18	5,82	2,6	6,0	4,7
48,20	5,80	2,6	6,0	4,7
48,22	5,79	2,6	6,0	4,7
48,25	5,78	2,6	6,0	4,7
48,27	5,77	2,6	6,0	4,7
48,30	5,76	2,6	6,0	4,7
48,32	5,75	2,6	6,0	4,7
48,35	5,74	2,6	6,0	4,7
48,37	5,72	2,6	6,0	4,7
48,40	5,71	2,6	6,0	4,7
48,42	5,71	2,6	6,0	4,7
48,44	5,70	2,6	6,0	4,7
48,47	5,68	2,6	6,0	4,7
48,49	5,67	2,6	6,0	4,7
48,52	5,65	2,6	6,0	4,7
48,54	5,65	2,6	6,0	4,7
48,57	5,64	2,6	6,0	4,7
48,59	5,63	2,6	6,0	4,7
48,62	5,63	2,6	6,0	4,7
48,64	5,61	2,6	6,0	4,7
48,66	5,60	2,6	6,0	4,7
48,69	5,59	2,6	6,0	4,7
48,71	5,58	2,6	6,0	4,7
48,74	5,58	2,6	6,0	4,7
48,76	5,56	2,6	6,0	4,7
48,79	5,55	2,6	6,0	4,7
48,81	5,53	2,6	6,0	4,7
48,84	5,52	2,6	6,0	4,7
48,86	5,52	2,6	6,0	4,7
48,88	5,50	2,6	6,0	4,7
48,91	5,49	2,6	6,0	4,7
48,93	5,47	2,6	6,0	4,7
48,96	5,46	2,6	6,0	4,7
48,98	5,46	2,6	6,0	4,7
49,01	5,44	2,6	6,0	4,7
49,03	5,44	2,6	6,0	4,7
49,05	5,42	2,6	6,0	4,7
49,08	5,41	2,6	6,0	4,7
49,10	5,41	2,6	6,0	4,7
49,13	5,40	2,6	6,0	4,7
49,15	5,39	2,6	6,0	4,7
49,18	5,37	2,6	6,0	4,7
49,20	5,35	2,6	6,0	4,7
49,23	5,33	2,6	6,0	4,7
49,25	5,32	2,6	6,0	4,7
49,27	5,32	2,6	6,0	4,7
49,30	5,31	2,6	6,0	4,7
49,32	5,30	2,6	6,0	4,7
49,35	5,29	2,6	6,0	4,7
49,37	5,28	2,6	6,0	4,7
49,40	5,27	2,6	6,0	4,7
49,42	5,27	2,6	6,0	4,7
49,45	5,25	2,6	6,0	4,7
49,47	5,25	2,6	6,0	4,7
49,49	5,23	2,6	6,0	4,7
49,52	5,22	2,6	6,0	4,7
49,54	5,22	2,6	6,0	4,7
49,57	5,21	2,6	6,0	4,7
49,59	5,19	2,6	6,0	4,7
49,62	5,19	2,6	6,0	4,7
49,64	5,17	2,6	6,0	4,7
49,67	5,17	2,6	6,0	4,7
49,69	5,15	2,6	6,0	4,7
49,71	5,15	2,6	6,0	4,7
49,74	5,14	2,6	6,0	4,7
49,76	5,13	2,6	6,0	4,7
49,79	5,12	2,6	6,0	4,7
49,81	5,12	2,6	6,0	4,7
49,84	5,12	2,6	6,0	4,7
49,86	5,11	2,6	6,0	4,7
49,89	5,10	2,6	6,0	4,7
49,91	5,10	2,6	6,0	4,7
49,93	5,08	2,6	6,0	4,7
49,96	5,07	2,6	6,0	4,7
49,98	5,08	2,6	6,0	4,7
50,01	5,07	2,6	6,0	4,7
50,03	5,06	2,6	6,0	4,7
50,06	5,05	2,6	6,0	4,7
50,08	5,04	2,6	6,0	4,7
50,10	5,03	2,6	6,0	4,7
50,13	5,02	2,6	6,0	4,7
50,15	5,02	2,6	6,0	4,7
50,18	5,02	2,6	6,0	4,7
50,20	5,01	2,6	6,0	4,7
50,23	5,00	2,6	6,0	4,7
50,25	5,00	2,6	6,0	4,7
50,28	4,99	2,6	6,0	4,7
50,30	4,99	2,6	6,0	4,7
50,32	4,98	2,6	6,0	4,7
50,35	4,98	2,6	6,0	4,7
50,37	4,96	2,6	6,0	4,7
50,40	4,96	2,6	6,0	4,7
50,42	4,96	2,6	6,0	4,7
50,45	4,95	2,6	6,0	4,7
50,47	4,93	2,6	6,0	4,7
50,50	4,93	2,6	6,0	4,7
50,52	4,92	2,6	6,0	4,7
50,54	4,91	2,6	6,0	4,7
50,57	4,91	2,6	6,0	4,7
50,59	4,90	2,6	6,0	4,7
50,62	4,89	2,6	6,0	4,7
50,64	4,88	2,6	6,0	4,7
50,67	4,89	2,6	6,0	4,7
50,69	4,88	2,6	6,0	4,7
50,72	4,88	2,6	6,0	4,7
50,74	4,88	2,6	6,0	4,7
50,76	4,87	2,6	6,0	4,7
50,79	4,85	2,6	6,0	4,7
50,81	4,85	2,6	6,0	4,7
50,84	4,86	2,6	6,0	4,7
50,86	4,85	2,6	6,0	4,7
50,89	4,84	2,6	6,0	4,7
50,91	4,83	2,6	6,0	4,7
50,94	4,82	2,6	6,0	4,7
50,96	4,82	2,6	6,0	4,7
50,98	4,81	2,6	6,0	4,7
51,01	4,81	2,6	6,0	4,7
51,03	4,81	2,6	6,0	4,7
51,06	4,80	2,6	6,0	4,7
51,08	4,79	2,6	6,0	4,7
51,11	4,80	2,6	6,0	4,7
51,13	4,80	2,6	6,0	4,7
51,15	4,79	2,6	6,0	4,7
51,18	4,78	2,6	6,0	4,7
51,20	4,78	2,6	6,0	4,7
51,23	4,77	2,6	6,0	4,7
51,25	4,77	2,6	6,0	4,7
51,28	4,78	2,6	6,0	4,7
51,30	4,77	2,6	6,0	4,7
51,33	4,76	2,6	6,0	4,7
51,35	4,76	2,6	6,0	4,7
51,37	4,76	2,6	6,0	4,7
51,40	4,76	2,6	6,0	4,7
51,42	4,76	2,6	6,0	4,7
51,45	4,77	2,6	6,0	4,7
51,47	4,77	2,6	6,0	4,7
51,50	4,76	2,6	6,0	4,7
51,52	4,76	2,6	6,0	4,7
51,55	4,77	2,6	6,0	4,7
51,57	4,77	2,6	6,0	4,7
51,59	4,77	2,6	6,0	4,7
51,62	4,75	2,6	6,0	4,7
51,64	4,76	2,6	6,0	4,7
51,67	4,75	2,6	6,0	4,7
51,69	4,75	2,6	6,0	4,7
51,72	4,76	2,6	6,0	4,7
51,74	4,76	2,6	6,0	4,7
51,77	4,76	2,6	6,0	4,7
51,79	4,76	2,6	6,0	4,7
51,81	4,76	2,6	6,0	4,7
51,84	4,77	2,6	6,0	4,7
51,86	4,78	2,6	6,0	4,7
51,89	4,78	2,6	6,0	4,7
51,91	4,79	2,6	6,0	4,7
51,94	4,78	2,6	6,0	4,7
51,96	4,79	2,6	6,0	4,7
51,99	4,80	2,6	6,0	4,7
52,01	4,80	2,6	6,0	4,7
52,03	4,80	2,6	6,0	4,7
52,06	4,79	2,6	6,0	4,7
52,08	4,79	2,6	6,0	4,7
52,11	4,79	2,6	6,0	4,7
52,13	4,80	2,6	6,0	4,7
52,16	4,80	2,6	6,0	4,7
52,18	4,80	2,6	6,0	4,7
52,20	4,80	2,6	6,0	4,7
52,23	4,82	2,6	6,0	4,7
52,25	4,82	2,6	6,0	4,7
52,28	4,83	2,6	6,0	4,7
52,30	4,83	2,6	6,0	4,7
52,33	4,84	2,6	6,0	4,7
52,35	4,84	2,6	6,0	4,7
52,38	4,84	2,6	6,0	4,7
52,40	4,85	2,6	6,0	4,7
52,42	4,85	2,6	6,0	4,7
52,45	4,85	2,6	6,0	4,7
52,47	4,85	2,6	6,0	4,7
52,50	4,85	2,6	6,0	4,7
52,52	4,85	2,6	6,0	4,7
52,55	4,86	2,6	6,0	4,7
52,57	4,87	2,6	6,0	4,7
52,60	4,87	2,6	6,0	4,7
52,62	4,87	2,6	6,0	4,7
52,64	4,87	2,6	6,0	4,7
52,67	4,88	2,6	6,0	4,7
52,69	4,89	2,6	6,0	4,7
52,72	4,89	2,6	6,0	4,7
52,74	4,90	2,6	6,0	4,7
52,77	4,90	2,6	6,0	4,7
52,79	4,90	2,6	6,0	4,7
52,82	4,91	2,6	6,0	4,7
52,84	4,92	2,6	6,0	4,7
52,86	4,93	2,6	6,0	4,7
52,89	4,92	2,6	6,0	4,7
52,91	4,93	2,6	6,0	4,7
52,94	4,93	2,6	6,0	4,7
52,96	4,94	2,6	6,0	4,7
52,99	4,95	2,6	6,0	4,7
53,01	4,97	2,6	6,0	4,7
53,04	4,98	2,6	6,0	4,7
53,06	4,97	2,6	6,0	4,7
53,08	4,98	2,6	6,0	4,7
53,11	5,00	2,6	6,0	4,7
53,13	5,01	2,6	6,0	4,7
53,16	5,01	2,6	6,0	4,7
53,18	5,02	2,6	6,0	4,7
53,21	5,03	2,6	6,0	4,7
53,23	5,03	2,6	6,0	4,7
53,26	5,04	2,6	6,0	4,7
53,28	5,06	2,6	6,0	4,7
53,30	5,07	2,6	6,0	4,7
53,33	5,07	2,6	6,0	4,7
53,35	5,07	2,6	6,0	4,7
53,38	5,07	2,6	6,0	4,7
53,40	5,08	2,6	6,0	4,7
53,43	5,10	2,6	6,0	4,7
53,45	5,11	2,6	6,0	4,7
53,47	5,12	2,6	6,0	4,7
53,50	5,12	2,6	6,0	4,7
53,52	5,14	2,6	6,0	4,7
53,55	5,15	2,6	6,0	4,7
53,57	5,16	2,6	6,0	4,7
53,60	5,17	2,6	6,0	4,7
53,62	5,17	2,6	6,0	4,7
53,65	5,18	2,6	6,0	4,7
53,67	5,19	2,6	6,0	4,7
53,69	5,21	2,6	6,0	4,7
53,72	5,22	2,6	6,0	4,7
53,74	5,22	2,6	6,0	4,7
53,77	5,23	2,6	6,0	4,7
53,79	5,24	2,6	6,0	4,7
53,82	5,25	2,6	6,0	4,7
53,84	5,26	2,6	6,0	4,7
53,87	5,28	2,6	6,0	4,7
53,89	5,29	2,6	6,0	4,7
53,91	5,29	2,6	6,0	4,7
53,94	5,30	2,6	6,0	4,7
53,96	5,33	2,6	6,0	4,7
53,99	5,34	2,6	6,0	4,7
54,01	5,35	2,6	6,0	4,7
54,04	5,36	2,6	6,0	4,7
54,06	5,38	2,6	6,0	4,7
54,09	5,38	2,6	6,0	4,7
54,11	5,40	2,6	6,0	4,7
54,13	5,41	2,6	6,0	4,7
54,16	5,42	2,6	6,0	4,7
54,18	5,43	2,6	6,0	4,7
54,21	5,44	2,6	6,0	4,7
54,23	5,45	2,6	6,0	4,7
54,26	5,46	2,6	6,0	4,7
54,28	5,48	2,6	6,0	4,7
54,31	5,50	2,6	6,0	4,7
54,33	5,51	2,6	6,0	4,7
54,35	5,51	2,6	6,0	4,7
54,38	5,52	2,6	6,0	4,7
54,40	5,55	2,6	6,0	4,7
54,43	5,56	2,6	6,0	4,7
54,45	5,57	2,6	6,0	4,7
54,48	5,58	2,6	6,0	4,7
54,50	5,59	2,6	6,0	4,7
54,52	5,60	2,6	6,0	4,7
54,55	5,61	2,6	6,0	4,7
54,57	5,63	2,6	6,0	4,7
54,60	5,65	2,6	6,0	4,7
54,62	5,65	2,6	6,0	4,7
54,65	5,67	2,6	6,0	4,7
54,67	5,68	2,6	6,0	4,7
54,70	5,70	2,6	6,0	4,7
54,72	5,71	2,6	6,0	4,7
54,74	5,74	2,6	6,0	4,7
54,77	5,75	2,6	6,0	4,7
54,79	5,76	2,6	6,0	4,7
54,82	5,77	2,6	6,0	4,7
54,84	5,80	2,6	6,0	4,7
54,87	5,81	2,6	6,0	4,7
54,89	5,82	2,6	6,0	4,7
54,92	5,82	2,6	6,0	4,7
54,94	5,84	2,6	6,0	4,7
54,96	5,84	2,6	6,0	4,7
54,99	5,87	2,6	6,0	4,7
55,01	5,88	2,6	6,0	4,7
55,04	5,89	2,6	6,0	4,7
55,06	5,91	2,6	6,0	4,7
55,09	5,93	2,6	6,0	4,7
55,11	5,94	2,6	6,0	4,7
55,14	5,97	2,6	6,0	4,7
55,16	5,98	2,6	6,0	4,7
55,18	6,00	2,6	6,0	4,7
55,21	6,01	2,6	6,0	4,7
55,23	6,02	2,6	6,0	4,7
55,26	6,05	2,6	6,0	4,7
55,28	6,06	2,6	6,0	4,7
55,31	6,07	2,6	6,0	4,7
55,33	6,09	2,6	6,0	4,7
55,36	6,09	2,6	6,0	4,7
55,38	6,10	2,6	6,0	4,7
55,40	6,12	2,6	6,0	4,7
55,43	6,14	2,6	6,0	4,7
55,45	6,16	2,6	6,0	4,7
55,48	6,17	2,6	6,0	4,7
55,50	6,18	2,6	6,0	4,7
55,53	6,21	2,6	6,0	4,7
55,55	6,22	2,6	6,0	4,7
55,57	6,25	2,6	6,0	4,7
55,60	6,27	2,6	6,0	4,7
55,62	6,29	2,6	6,0	4,7
55,65	6,30	2,6	6,0	4,7
55,67	6,31	2,6	6,0	4,7
55,70	6,33	2,6	6,0	4,7
55,72	6,35	2,6	6,0	4,7
55,75	6,36	2,6	6,0	4,7
55,77	6,37	2,6	6,0	4,7
55,79	6,38	2,6	6,0	4,7
55,82	6,40	2,6	6,0	4,7
55,84	6,42	2,6	6,0	4,7
55,87	6,45	2,6	6,0	4,7
55,89	6,47	2,6	6,0	4,7
55,92	6,48	2,6	6,0	4,7
55,94	6,49	2,6	6,0	4,7
55,97	6,52	2,6	6,0	4,7
55,99	6,54	2,6	6,0	4,7
56,01	6,55	2,6	6,0	4,7
56,04	6,57	2,6	6,0	4,7
56,06	6,58	2,6	6,0	4,7
56,09	6,59	2,6	6,0	4,7
56,11	6,61	2,6	6,0	4,7
56,14	6,64	2,6	6,0	4,7
56,16	6,66	2,6	6,0	4,7
56,19	6,66	2,6	6,0	4,7
56,21	6,68	2,6	6,0	4,7
56,23	6,70	2,6	6,0	4,7
56,26	6,72	2,6	6,0	4,7
56,28	6,75	2,6	6,0	4,7
56,31	6,77	2,6	6,0	4,7
56,33	6,79	2,6	6,0	4,7
56,36	6,80	2,6	6,0	4,7
56,38	6,82	2,6	6,0	4,7
56,41	6,85	2,6	6,0	4,7
56,43	6,86	2,6	6,0	4,7
56,45	6,88	2,6	6,0	4,7
56,48	6,89	2,6	6,0	4,7
56,50	6,90	2,6	6,0	4,7
56,53	6,92	2,6	6,0	4,7
56,55	6,94	2,6	6,0	4,7
56,58	6,97	2,6	6,0	4,7
56,60	6,98	2,6	6,0	4,7
56,62	7,00	2,6	6,0	4,7
56,65	7,01	2,6	6,0	4,7
56,67	7,03	2,6	6,0	4,7
56,70	7,05	2,6	6,0	4,7
56,72	7,08	2,6	6,0	4,7
56,75	7,10	2,6	6,0	4,7
56,77	7,11	2,6	6,0	4,7
56,80	7,13	2,6	6,0	4,7
56,82	7,15	2,6	6,0	4,7
56,84	7,17	2,6	6,0	4,7
56,87	7,19	2,6	6,0	4,7
56,89	7,20	2,6	6,0	4,7
56,92	7,22	2,6	6,0	4,7
56,94	7,24	2,6	6,0	4,7
56,97	7,26	2,6	6,0	4,7
56,99	7,28	2,6	6,0	4,7
57,02	7,30	2,6	6,0	4,7
57,04	7,32	2,6	6,0	4,7
57,06	7,33	2,6	6,0	4,7
57,09	7,35	2,6	6,0	4,7
57,11	7,37	2,6	6,0	4,7
57,14	7,40	2,6	6,0	4,7
57,16	7,42	2,6	6,0	4,7
57,19	7,44	2,6	6,0	4,7
57,21	7,45	2,6	6,0	4,7
57,24	7,47	2,6	6,0	4,7
57,26	7,50	2,6	6,0	4,7
57,28	7,52	2,6	6,0	4,7
57,31	7,54	2,6	6,0	4,7
57,33	7,55	2,6	6,0	4,7
57,36	7,58	2,6	6,0	4,7
57,38	7,58	2,6	6,0	4,7
57,41	7,60	2,6	6,0	4,7
57,43	7,64	2,6	6,0	4,7
57,46	7,65	2,6	6,0	4,7
57,48	7,67	2,6	6,0	4,7
57,50	7,69	2,6	6,0	4,7
57,53	7,71	2,6	6,0	4,7
57,55	7,73	2,6	6,0	4,7
57,58	7,75	2,6	6,0	4,7
57,60	7,78	2,6	6,0	4,7
57,63	7,80	2,6	6,0	4,7
57,65	7,81	2,6	6,0	4,7
57,68	7,83	2,6	6,0	4,7
57,70	7,86	2,6	6,0	4,7
57,72	7,88	2,6	6,0	4,7
57,75	7,89	2,6	6,0	4,7
57,77	7,91	2,6	6,0	4,7
57,80	7,92	2,6	6,0	4,7
57,82	7,94	2,6	6,0	4,7
57,85	7,96	2,6	6,0	4,7
57,87	7,99	2,6	6,0	4,7
57,89	8,01	2,6	6,0	4,7
57,92	8,02	2,6	6,0	4,7
57,94	8,05	2,6	6,0	4,7
57,97	8,06	2,6	6,0	4,7
57,99	8,09	2,6	6,0	4,7
58,02	8,11	2,6	6,0	4,7
58,04	8,14	2,6	6,0	4,7
58,07	8,15	2,6	6,0	4,7
58,09	8,17	2,6	6,0	4,7
58,11	8,19	2,6	6,0	4,7
58,14	8,21	2,6	6,0	4,7
58,16	8,23	2,6	6,0	4,7
58,19	8,25	2,6	6,0	4,7
58,21	8,26	2,6	6,0	4,7
58,24	8,28	2,6	6,0	4,7
58,26	8,30	2,6	6,0	4,7
58,29	8,32	2,6	6,0	4,7
58,31	8,35	2,6	6,0	4,7
58,33	8,36	2,6	6,0	4,7
58,36	8,38	2,6	6,0	4,7
58,38	8,40	2,6	6,0	4,7
58,41	8,42	2,6	6,0	4,7
58,43	8,45	2,6	6,0	4,7
58,46	8,48	2,6	6,0	4,7
58,48	8,50	2,6	6,0	4,7
58,51	8,52	2,6	6,0	4,7
58,53	8,54	2,6	6,0	4,7
58,55	8,56	2,6	6,0	4,7
58,58	8,58	2,6	6,0	4,7
58,60	8,60	2,6	6,0	4,7
58,63	8,62	2,6	6,0	4,7
58,65	8,63	2,6	6,0	4,7
58,68	8,65	2,6	6,0	4,7
58,70	8,67	2,6	6,0	4,7
58,73	8,69	2,6	6,0	4,7
58,75	8,72	2,6	6,0	4,7
58,77	8,73	2,6	6,0	4,7
58,80	8,75	2,6	6,0	4,7
58,82	8,78	2,6	6,0	4,7
58,85	8,79	2,6	6,0	4,7
58,87	8,82	2,6	6,0	4,7
58,90	8,84	2,6	6,0	4,7
58,92	8,86	2,6	6,0	4,7
58,94	8,87	2,6	6,0	4,7
58,97	8,90	2,6	6,0	4,7
58,99	8,93	2,6	6,0	4,7
59,02	8,94	2,6	6,0	4,7
59,04	8,95	2,6	6,0	4,7
59,07	8,97	2,6	6,0	4,7
59,09	8,98	2,6	6,0	4,7
59,12	9,00	2,6	6,0	4,7
59,14	9,02	2,6	6,0	4,7
59,16	9,05	2,6	6,0	4,7
59,19	9,07	2,6	6,0	4,7
59,21	9,08	2,6	6,0	4,7
59,24	9,10	2,6	6,0	4,7
59,26	9,13	2,6	6,0	4,7
59,29	9,15	2,6	6,0	4,7
59,31	9,17	2,6	6,0	4,7
59,34	9,19	2,6	6,0	4,7
59,36	9,20	2,6	6,0	4,7
59,38	9,22	2,6	6,0	4,7
59,41	9,24	2,6	6,0	4,7
59,43	9,27	2,6	6,0	4,7
59,46	9,28	2,6	6,0	4,7
59,48	9,29	2,6	6,0	4,7
59,51	9,31	2,6	6,0	4,7
59,53	9,33	2,6	6,0	4,7
59,56	9,35	2,6	6,0	4,7
59,58	9,38	2,6	6,0	4,7
59,60	9,40	2,6	6,0	4,7
59,63	9,42	2,6	6,0	4,7
59,65	9,43	2,6	6,0	4,7
59,68	9,46	2,6	6,0	4,7
59,70	9,48	2,6	6,0	4,7
59,73	9,50	2,6	6,0	4,7
59,75	9,52	2,6	6,0	4,7
59,78	9,54	2,6	6,0	4,7
59,80	9,55	2,6	6,0	4,7
59,82	9,57	2,6	6,0	4,7
59,85	9,60	2,6	6,0	4,7
59,87	9,62	2,6	6,0	4,7
59,90	9,63	2,6	6,0	4,7
59,92	9,65	2,6	6,0	4,7
59,95	9,66	2,6	6,0	4,7
59,97	9,69	2,6	6,0	4,7
59,99	9,71	2,6	6,0	4,7
60,02	9,73	2,6	6,0	4,7
60,04	9,75	2,6	6,0	4,7
60,07	9,77	2,6	6,0	4,7
60,09	9,79	2,6	6,0	4,7
60,12	9,80	2,6	6,0	4,7
60,14	9,83	2,6	6,0	4,7
60,17	9,85	2,6	6,0	4,7
60,19	9,86	2,6	6,0	4,7
60,21	9,88	2,6	6,0	4,7
60,24	9,89	2,6	6,0	4,7
60,26	9,91	2,6	6,0	4,7
60,29	9,94	2,6	6,0	4,7
60,31	9,95	2,6	6,0	4,7
60,34	9,96	2,6	6,0	4,7
60,36	9,98	2,6	6,0	4,7
60,39	10,00	2,6	6,0	4,7
60,41	10,03	2,6	6,0	4,7
60,43	10,05	2,6	6,0	4,7
60,46	10,07	2,6	6,0	4,7
60,48	10,09	2,6	6,0	4,7
60,51	10,10	2,6	6,0	4,7
60,53	10,12	2,6	6,0	4,7
60,56	10,14	2,6	6,0	4,7
60,58	10,15	2,6	6,0	4,7
60,61	10,17	2,6	6,0	4,7
60,63	10,18	2,6	6,0	4,7
60,65	10,21	2,6	6,0	4,7
60,68	10,22	2,6	6,0	4,7
60,70	10,24	2,6	6,0	4,7
60,73	10,27	2,6	6,0	4,7
60,75	10,27	2,6	6,0	4,7
60,78	10,28	2,6	6,0	4,7
60,80	10,31	2,6	6,0	4,7
60,83	10,32	2,6	6,0	4,7
60,85	10,35	2,6	6,0	4,7
60,87	10,37	2,6	6,0	4,7
60,90	10,39	2,6	6,0	4,7
60,92	10,40	2,6	6,0	4,7
60,95	10,42	2,6	6,0	4,7
60,97	10,44	2,6	6,0	4,7
61,00	10,46	2,6	6,0	4,7
61,02	10,47	2,6	6,0	4,7
61,05	10,49	2,6	6,0	4,7
61,07	10,50	2,6	6,0	4,7
61,09	10,53	2,6	6,0	4,7
61,12	10,54	2,6	6,0	4,7
61,14	10,56	2,6	6,0	4,7
61,17	10,58	2,6	6,0	4,7
61,19	10,60	2,6	6,0	4,7
61,22	10,61	2,6	6,0	4,7
61,24	10,63	2,6	6,0	4,7
61,26	10,65	2,6	6,0	4,7
61,29	10,68	2,6	6,0	4,7
61,31	10,69	2,6	6,0	4,7
61,34	10,72	2,6	6,0	4,7
61,36	10,73	2,6	6,0	4,7
61,39	10,74	2,6	6,0	4,7
61,41	10,77	2,6	6,0	4,7
61,44	10,79	2,6	6,0	4,7
61,46	10,80	2,6	6,0	4,7
61,48	10,82	2,6	6,0	4,7
61,51	10,82	2,6	6,0	4,7
61,53	10,84	2,6	6,0	4,7
61,56	10,86	2,6	6,0	4,7
61,58	10,88	2,6	6,0	4,7
61,61	10,90	2,6	6,0	4,7
61,63	10,91	2,6	6,0	4,7
61,66	10,92	2,6	6,0	4,7
61,68	10,94	2,6	6,0	4,7
61,70	10,96	2,6	6,0	4,7
61,73	10,98	2,6	6,0	4,7
61,75	11,00	2,6	6,0	4,7
61,78	11,02	2,6	6,0	4,7
61,80	11,02	2,6	6,0	4,7
61,83	11,05	2,6	6,0	4,7
61,85	11,07	2,6	6,0	4,7
61,88	11,08	2,6	6,0	4,7
61,90	11,09	2,6	6,0	4,7
61,92	11,10	2,6	6,0	4,7
61,95	11,11	2,6	6,0	4,7
61,97	11,13	2,6	6,0	4,7
62,00	11,15	2,6	6,0	4,7
62,02	11,17	2,6	6,0	4,7
62,05	11,18	2,6	6,0	4,7
62,07	11,19	2,6	6,0	4,7
62,10	11,21	2,6	6,0	4,7
62,12	11,23	2,6	6,0	4,7
62,14	11,25	2,6	6,0	4,7
62,17	11,27	2,6	6,0	4,7
62,19	11,28	2,6	6,0	4,7
62,22	11,29	2,6	6,0	4,7
62,24	11,30	2,6	6,0	4,7
62,27	11,32	2,6	6,0	4,7
62,29	11,35	2,6	6,0	4,7
62,31	11,35	2,6	6,0	4,7
62,34	11,37	2,6	6,0	4,7
62,36	11,37	2,6	6,0	4,7
62,39	11,38	2,6	6,0	4,7
62,41	11,40	2,6	6,0	4,7
62,44	11,43	2,6	6,0	4,7
62,46	11,45	2,6	6,0	4,7
62,49	11,45	2,6	6,0	4,7
62,51	11,46	2,6	6,0	4,7
62,53	11,49	2,6	6,0	4,7
62,56	11,50	2,6	6,0	4,7
62,58	11,52	2,6	6,0	4,7
62,61	11,54	2,6	6,0	4,7
62,63	11,55	2,6	6,0	4,7
62,66	11,56	2,6	6,0	4,7
62,68	11,57	2,6	6,0	4,7
62,71	11,59	2,6	6,0	4,7
62,73	11,61	2,6	6,0	4,7
62,75	11,61	2,6	6,0	4,7
62,78	11,62	2,6	6,0	4,7
62,80	11,63	2,6	6,0	4,7
62,83	11,65	2,6	6,0	4,7
62,85	11,67	2,6	6,0	4,7
62,88	11,69	2,6	6,0	4,7
62,90	11,70	2,6	6,0	4,7
62,93	11,71	2,6	6,0	4,7
62,95	11,72	2,6	6,0	4,7
62,97	11,74	2,6	6,0	4,7
63,00	11,76	2,6	6,0	4,7
63,02	11,77	2,6	6,0	4,7
63,05	11,78	2,6	6,0	4,7
63,07	11,79	2,6	6,0	4,7
63,10	11,80	2,6	6,0	4,7
63,12	11,81	2,6	6,0	4,7
63,15	11,83	2,6	6,0	4,7
63,17	11,84	2,6	6,0	4,7
63,19	11,85	2,6	6,0	4,7
63,22	11,86	2,6	6,0	4,7
63,24	11,87	2,6	6,0	4,7
63,27	11,90	2,6	6,0	4,7
63,29	11,91	2,6	6,0	4,7
63,32	11,94	2,6	6,0	4,7
63,34	11,95	2,6	6,0	4,7
63,36	11,95	2,6	6,0	4,7
63,39	11,97	2,6	6,0	4,7
63,41	11,98	2,6	6,0	4,7
63,44	11,99	2,6	6,0	4,7
63,46	12,00	2,6	6,0	4,7
63,49	12,00	2,6	6,0	4,7
63,51	12,01	2,6	6,0	4,7
63,54	12,02	2,6	6,0	4,7
63,56	12,03	2,6	6,0	4,7
63,58	12,05	2,6	6,0	4,7
63,61	12,06	2,6	6,0	4,7
63,63	12,06	2,6	6,0	4,7
63,66	12,07	2,6	6,0	4,7
63,68	12,08	2,6	6,0	4,7
63,71	12,11	2,6	6,0	4,7
63,73	12,12	2,6	6,0	4,7
63,76	12,14	2,6	6,0	4,7
63,78	12,14	2,6	6,0	4,7
63,80	12,14	2,6	6,0	4,7
63,83	12,16	2,6	6,0	4,7
63,85	12,17	2,6	6,0	4,7
63,88	12,17	2,6	6,0	4,7
63,90	12,18	2,6	6,0	4,7
63,93	12,18	2,6	6,0	4,7
63,95	12,19	2,6	6,0	4,7
63,98	12,19	2,6	6,0	4,7
64,00	12,21	2,6	6,0	4,7
64,02	12,22	2,6	6,0	4,7
64,05	12,22	2,6	6,0	4,7
64,07	12,22	2,6	6,0	4,7
64,10	12,23	2,6	6,0	4,7
64,12	12,24	2,6	6,0	4,7
64,15	12,25	2,6	6,0	4,7
64,17	12,26	2,6	6,0	4,7
64,20	12,27	2,6	6,0	4,7
64,22	12,26	2,6	6,0	4,7
64,24	12,26	2,6	6,0	4,7
64,27	12,28	2,6	6,0	4,7
64,29	12,28	2,6	6,0	4,7
64,32	12,28	2,6	6,0	4,7
64,34	12,28	2,6	6,0	4,7
64,37	12,28	2,6	6,0	4,7
64,39	12,28	2,6	6,0	4,7
64,41	12,29	2,6	6,0	4,7
64,44	12,30	2,6	6,0	4,7
64,46	12,30	2,6	6,0	4,7
64,49	12,30	2,6	6,0	4,7
64,51	12,29	2,6	6,0	4,7
64,54	12,30	2,6	6,0	4,7
64,56	12,30	2,6	6,0	4,7
64,59	12,31	2,6	6,0	4,7
64,61	12,31	2,6	6,0	4,7
64,63	12,31	2,6	6,0	4,7
64,66	12,31	2,6	6,0	4,7
64,68	12,31	2,6	6,0	4,7
64,71	12,32	2,6	6,0	4,7
64,73	12,32	2,6	6,0	4,7
64,76	12,32	2,6	6,0	4,7
64,78	12,32	2,6	6,0	4,7
64,81	12,32	2,6	6,0	4,7
64,83	12,32	2,6	6,0	4,7
64,85	12,32	2,6	6,0	4,7
64,88	12,33	2,6	6,0	4,7
64,90	12,33	2,6	6,0	4,7
64,93	12,33	2,6	6,0	4,7
64,95	12,33	2,6	6,0	4,7
64,98	12,33	2,6	6,0	4,7
65,00	12,34	2,6	6,0	4,7
65,03	12,35	2,6	6,0	4,7
65,05	12,35	2,6	6,0	4,7
65,07	12,35	2,6	6,0	4,7
65,10	12,34	2,6	6,0	4,7
65,12	12,35	2,6	6,0	4,7
65,15	12,35	2,6	6,0	4,7
65,17	12,36	2,6	6,0	4,7
65,20	12,35	2,6	6,0	4,7
65,22	12,35	2,6	6,0	4,7
65,25	12,35	2,6	6,0	4,7
65,27	12,36	2,6	6,0	4,7
65,29	12,37	2,6	6,0	4,7
65,32	12,37	2,6	6,0	4,7
65,34	12,37	2,6	6,0	4,7
65,37	12,36	2,6	6,0	4,7
65,39	12,37	2,6	6,0	4,7
65,42	12,37	2,6	6,0	4,7
65,44	12,38	2,6	6,0	4,7
65,47	12,39	2,6	6,0	4,7
65,49	12,39	2,6	6,0	4,7
65,51	12,38	2,6	6,0	4,7
65,54	12,38	2,6	6,0	4,7
65,56	12,39	2,6	6,0	4,7
65,59	12,39	2,6	6,0	4,7
65,61	12,37	2,6	6,0	4,7
65,64	12,38	2,6	6,0	4,7
65,66	12,38	2,6	6,0	4,7
65,68	12,38	2,6	6,0	4,7
65,71	12,38	2,6	6,0	4,7
65,73	12,39	2,6	6,0	4,7
65,76	12,39	2,6	6,0	4,7
65,78	12,38	2,6	6,0	4,7
65,81	12,38	2,6	6,0	4,7
65,83	12,39	2,6	6,0	4,7
65,86	12,39	2,6	6,0	4,7
65,88	12,39	2,6	6,0	4,7
65,90	12,38	2,6	6,0	4,7
65,93	12,38	2,6	6,0	4,7
65,95	12,37	2,6	6,0	4,7
65,98	12,37	2,6	6,0	4,7
66,00	12,37	2,6	6,0	4,7
66,03	12,37	2,6	6,0	4,7
66,05	12,37	2,6	6,0	4,7
66,08	12,36	2,6	6,0	4,7
66,10	12,36	2,6	6,0	4,7
66,12	12,36	2,6	6,0	4,7
66,15	12,36	2,6	6,0	4,7
66,17	12,37	2,6	6,0	4,7
66,20	12,37	2,6	6,0	4,7
66,22	12,36	2,6	6,0	4,7
66,25	12,35	2,6	6,0	4,7
66,27	12,36	2,6	6,0	4,7
66,30	12,35	2,6	6,0	4,7
66,32	12,35	2,6	6,0	4,7
66,34	12,34	2,6	6,0	4,7
66,37	12,34	2,6	6,0	4,7
66,39	12,33	2,6	6,0	4,7
66,42	12,32	2,6	6,0	4,7
66,44	12,33	2,6	6,0	4,7
66,47	12,33	2,6	6,0	4,7
66,49	12,32	2,6	6,0	4,7
66,52	12,32	2,6	6,0	4,7
66,54	12,31	2,6	6,0	4,7
66,56	12,33	2,6	6,0	4,7
66,59	12,33	2,6	6,0	4,7
66,61	12,33	2,6	6,0	4,7
66,64	12,33	2,6	6,0	4,7
66,66	12,32	2,6	6,0	4,7
66,69	12,32	2,6	6,0	4,7
66,71	12,32	2,6	6,0	4,7
66,73	12,32	2,6	6,0	4,7
66,76	12,32	2,6	6,0	4,7
66,78	12,31	2,6	6,0	4,7
66,81	12,30	2,6	6,0	4,7
66,83	12,29	2,6	6,0	4,7
66,86	12,30	2,6	6,0	4,7
66,88	12,30	2,6	6,0	4,7
66,91	12,29	2,6	6,0	4,7
66,93	12,29	2,6	6,0	4,7
66,95	12,29	2,6	6,0	4,7
66,98	12,29	2,6	6,0	4,7
67,00	12,30	2,6	6,0	4,7
67,03	12,30	2,6	6,0	4,7
67,05	12,30	2,6	6,0	4,7
67,08	12,30	2,6	6,0	4,7
67,10	12,29	2,6	6,0	4,7
67,13	12,30	2,6	6,0	4,7
67,15	12,29	2,6	6,0	4,7
67,17	12,28	2,6	6,0	4,7
67,20	12,28	2,6	6,0	4,7
67,22	12,27	2,6	6,0	4,7
67,25	12,26	2,6	6,0	4,7
67,27	12,26	2,6	6,0	4,7
67,30	12,26	2,6	6,0	4,7
67,32	12,26	2,6	6,0	4,7
67,35	12,24	2,6	6,0	4,7
67,37	12,24	2,6	6,0	4,7
67,39	12,24	2,6	6,0	4,7
67,42	12,24	2,6	6,0	4,7
67,44	12,25	2,6	6,0	4,7
67,47	12,24	2,6	6,0	4,7
67,49	12,24	2,6	6,0	4,7
67,52	12,23	2,6	6,0	4,7
67,54	12,22	2,6	6,0	4,7
67,57	12,23	2,6	6,0	4,7
67,59	12,22	2,6	6,0	4,7
67,61	12,22	2,6	6,0	4,7
67,64	12,21	2,6	6,0	4,7
67,66	12,20	2,6	6,0	4,7
67,69	12,20	2,6	6,0	4,7
67,71	12,19	2,6	6,0	4,7
67,74	12,20	2,6	6,0	4,7
67,76	12,19	2,6	6,0	4,7
67,78	12,18	2,6	6,0	4,7
67,81	12,17	2,6	6,0	4,7
67,83	12,18	2,6	6,0	4,7
67,86	12,18	2,6	6,0	4,7
67,88	12,18	2,6	6,0	4,7
67,91	12,17	2,6	6,0	4,7
67,93	12,17	2,6	6,0	4,7
67,96	12,16	2,6	6,0	4,7
67,98	12,15	2,6	6,0	4,7
68,00	12,16	2,6	6,0	4,7
68,03	12,15	2,6	6,0	4,7
68,05	12,14	2,6	6,0	4,7
68,08	12,14	2,6	6,0	4,7
68,10	12,13	2,6	6,0	4,7
68,13	12,13	2,6	6,0	4,7
68,15	12,13	2,6	6,0	4,7
68,18	12,13	2,6	6,0	4,7
68,20	12,13	2,6	6,0	4,7
68,22	12,12	2,6	6,0	4,7
68,25	12,12	2,6	6,0	4,7
68,27	12,12	2,6	6,0	4,7
68,30	12,13	2,6	6,0	4,7
68,32	12,12	2,6	6,0	4,7
68,35	12,12	2,6	6,0	4,7
68,37	12,11	2,6	6,0	4,7
68,40	12,11	2,6	6,0	4,7
68,42	12,11	2,6	6,0	4,7
68,44	12,10	2,6	6,0	4,7
68,47	12,10	2,6	6,0	4,7
68,49	12,10	2,6	6,0	4,7
68,52	12,09	2,6	6,0	4,7
68,54	12,10	2,6	6,0	4,7
68,57	12,09	2,6	6,0	4,7
68,59	12,10	2,6	6,0	4,7
68,62	12,10	2,6	6,0	4,7
68,64	12,09	2,6	6,0	4,7
68,66	12,09	2,6	6,0	4,7
68,69	12,09	2,6	6,0	4,7
68,71	12,09	2,6	6,0	4,7
68,74	12,10	2,6	6,0	4,7
68,76	12,09	2,6	6,0	4,7
68,79	12,09	2,6	6,0	4,7
68,81	12,08	2,6	6,0	4,7
68,83	12,08	2,6	6,0	4,7
68,86	12,08	2,6	6,0	4,7
68,88	12,08	2,6	6,0	4,7
68,91	12,07	2,6	6,0	4,7
68,93	12,08	2,6	6,0	4,7
68,96	12,07	2,6	6,0	4,7
68,98	12,08	2,6	6,0	4,7
69,01	12,07	2,6	6,0	4,7
69,03	12,08	2,6	6,0	4,7
69,05	12,08	2,6	6,0	4,7
69,08	12,07	2,6	6,0	4,7
69,10	12,07	2,6	6,0	4,7
69,13	12,07	2,6	6,0	4,7
69,15	12,07	2,6	6,0	4,7
69,18	12,08	2,6	6,0	4,7
69,20	12,07	2,6	6,0	4,7
69,23	12,07	2,6	6,0	4,7
69,25	12,06	2,6	6,0	4,7
69,27	12,06	2,6	6,0	4,7
69,30	12,07	2,6	6,0	4,7
69,32	12,07	2,6	6,0	4,7
69,35	12,06	2,6	6,0	4,7
69,37	12,06	2,6	6,0	4,7
69,40	12,06	2,6	6,0	4,7
69,42	12,07	2,6	6,0	4,7
69,45	12,07	2,6	6,0	4,7
69,47	12,08	2,6	6,0	4,7
69,49	12,08	2,6	6,0	4,7
69,52	12,07	2,6	6,0	4,7
69,54	12,06	2,6	6,0	4,7
69,57	12,07	2,6	6,0	4,7
69,59	12,07	2,6	6,0	4,7
69,62	12,07	2,6	6,0	4,7
69,64	12,06	2,6	6,0	4,7
69,67	12,06	2,6	6,0	4,7
69,69	12,06	2,6	6,0	4,7
69,71	12,05	2,6	6,0	4,7
69,74	12,06	2,6	6,0	4,7
69,76	12,06	2,6	6,0	4,7
69,79	12,05	2,6	6,0	4,7
69,81	12,06	2,6	6,0	4,7
69,84	12,06	2,6	6,0	4,7
69,86	12,07	2,6	6,0	4,7
69,89	12,07	2,6	6,0	4,7
69,91	12,07	2,6	6,0	4,7
69,93	12,06	2,6	6,0	4,7
69,96	12,06	2,6	6,0	4,7
69,98	12,07	2,6	6,0	4,7
70,01	12,07	2,6	6,0	4,7
70,03	12,07	2,6	6,0	4,7
70,06	12,07	2,6	6,0	4,7
70,08	12,06	2,6	6,0	4,7
70,10	12,06	2,6	6,0	4,7
70,13	12,06	2,6	6,0	4,7
70,15	12,08	2,6	6,0	4,7
70,18	12,07	2,6	6,0	4,7
70,20	12,07	2,6	6,0	4,7
70,23	12,07	2,6	6,0	4,7
70,25	12,08	2,6	6,0	4,7
70,28	12,08	2,6	6,0	4,7
70,30	12,10	2,6	6,0	4,7
70,32	12,10	2,6	6,0	4,7
70,35	12,10	2,6	6,0	4,7
70,37	12,10	2,6	6,0	4,7
70,40	12,10	2,6	6,0	4,7
70,42	12,11	2,6	6,0	4,7
70,45	12,11	2,6	6,0	4,7
70,47	12,11	2,6	6,0	4,7
70,50	12,12	2,6	6,0	4,7
70,52	12,11	2,6	6,0	4,7
70,54	12,12	2,6	6,0	4,7
70,57	12,12	2,6	6,0	4,7
70,59	12,13	2,6	6,0	4,7
70,62	12,14	2,6	6,0	4,7
70,64	12,13	2,6	6,0	4,7
70,67	12,14	2,6	6,0	4,7
70,69	12,15	2,6	6,0	4,7
70,72	12,15	2,6	6,0	4,7
70,74	12,16	2,6	6,0	4,7
70,76	12,16	2,6	6,0	4,7
70,79	12,17	2,6	6,0	4,7
70,81	12,16	2,6	6,0	4,7
70,84	12,16	2,6	6,0	4,7
70,86	12,18	2,6	6,0	4,7
70,89	12,18	2,6	6,0	4,7
70,91	12,18	2,6	6,0	4,7
70,94	12,18	2,6	6,0	4,7
70,96	12,19	2,6	6,0	4,7
70,98	12,19	2,6	6,0	4,7
71,01	12,20	2,6	6,0	4,7
71,03	12,21	2,6	6,0	4,7
71,06	12,21	2,6	6,0	4,7
71,08	12,21	2,6	6,0	4,7
71,11	12,21	2,6	6,0	4,7
71,13	12,23	2,6	6,0	4,7
71,15	12,24	2,6	6,0	4,7
71,18	12,25	2,6	6,0	4,7
71,20	12,25	2,6	6,0	4,7
71,23	12,25	2,6	6,0	4,7
71,25	12,25	2,6	6,0	4,7
71,28	12,25	2,6	6,0	4,7
71,30	12,26	2,6	6,0	4,7
71,33	12,27	2,6	6,0	4,7
71,35	12,27	2,6	6,0	4,7
71,37	12,27	2,6	6,0	4,7
71,40	12,27	2,6	6,0	4,7
71,42	12,28	2,6	6,0	4,7
71,45	12,29	2,6	6,0	4,7
71,47	12,31	2,6	6,0	4,7
71,50	12,30	2,6	6,0	4,7
71,52	12,31	2,6	6,0	4,7
71,55	12,32	2,6	6,0	4,7
71,57	12,33	2,6	6,0	4,7
71,59	12,34	2,6	6,0	4,7
71,62	12,35	2,6	6,0	4,7
71,64	12,36	2,6	6,0	4,7
71,67	12,36	2,6	6,0	4,7
71,69	12,36	2,6	6,0	4,7
71,72	12,37	2,6	6,0	4,7
71,74	12,38	2,6	6,0	4,7
71,77	12,38	2,6	6,0	4,7
71,79	12,39	2,6	6,0	4,7
71,81	12,40	2,6	6,0	4,7
71,84	12,41	2,6	6,0	4,7
71,86	12,42	2,6	6,0	4,7
71,89	12,44	2,6	6,0	4,7
71,91	12,44	2,6	6,0	4,7
71,94	12,44	2,6	6,0	4,7
71,96	12,45	2,6	6,0	4,7
71,99	12,47	2,6	6,0	4,7
72,01	12,48	2,6	6,0	4,7
72,03	12,49	2,6	6,0	4,7
72,06	12,50	2,6	6,0	4,7
72,08	12,50	2,6	6,0	4,7
72,11	12,51	2,6	6,0	4,7
72,13	12,52	2,6	6,0	4,7
72,16	12,53	2,6	6,0	4,7
72,18	12,55	2,6	6,0	4,7
72,20	12,54	2,6	6,0	4,7
72,23	12,56	2,6	6,0	4,7
72,25	12,56	2,6	6,0	4,7
72,28	12,58	2,6	6,0	4,7
72,30	12,59	2,6	6,0	4,7
72,33	12,61	2,6	6,0	4,7
72,35	12,62	2,6	6,0	4,7
72,38	12,61	2,6	6,0	4,7
72,40	12,62	2,6	6,0	4,7
72,42	12,64	2,6	6,0	4,7
72,45	12,65	2,6	6,0	4,7
72,47	12,67	2,6	6,0	4,7
72,50	12,67	2,6	6,0	4,7
72,52	12,68	2,6	6,0	4,7
72,55	12,68	2,6	6,0	4,7
72,57	12,69	2,6	6,0	4,7
72,60	12,71	2,6	6,0	4,7
72,62	12,72	2,6	6,0	4,7
72,64	12,73	2,6	6,0	4,7
72,67	12,74	2,6	6,0	4,7
72,69	12,74	2,6	6,0	4,7
72,72	12,76	2,6	6,0	4,7
72,74	12,77	2,6	6,0	4,7
72,77	12,79	2,6	6,0	4,7
72,79	12,79	2,6	6,0	4,7
72,82	12,80	2,6	6,0	4,7
72,84	12,81	2,6	6,0	4,7
72,86	12,83	2,6	6,0	4,7
72,89	12,84	2,6	6,0	4,7
72,91	12,85	2,6	6,0	4,7
72,94	12,85	2,6	6,0	4,7
72,96	12,86	2,6	6,0	4,7
72,99	12,88	2,6	6,0	4,7
73,01	12,90	2,6	6,0	4,7
73,04	12,91	2,6	6,0	4,7
73,06	12,92	2,6	6,0	4,7
73,08	12,93	2,6	6,0	4,7
73,11	12,95	2,6	6,0	4,7
73,13	12,96	2,6	6,0	4,7
73,16	12,99	2,6	6,0	4,7
73,18	13,00	2,6	6,0	4,7
73,21	13,01	2,6	6,0	4,7
73,23	13,02	2,6	6,0	4,7
73,25	13,03	2,6	6,0	4,7
73,28	13,05	2,6	6,0	4,7
73,30	13,08	2,6	6,0	4,7
73,33	13,09	2,6	6,0	4,7
73,35	13,11	2,6	6,0	4,7
73,38	13,11	2,6	6,0	4,7
73,40	13,13	2,6	6,0	4,7
73,43	13,14	2,6	6,0	4,7
73,45	13,16	2,6	6,0	4,7
73,47	13,17	2,6	6,0	4,7
73,50	13,18	2,6	6,0	4,7
73,52	13,20	2,6	6,0	4,7
73,55	13,22	2,6	6,0	4,7
73,57	13,23	2,6	6,0	4,7
73,60	13,25	2,6	6,0	4,7
73,62	13,26	2,6	6,0	4,7
73,65	13,28	2,6	6,0	4,7
73,67	13,28	2,6	6,0	4,7
73,69	13,29	2,6	6,0	4,7
73,72	13,32	2,6	6,0	4,7
73,74	13,34	2,6	6,0	4,7
73,77	13,34	2,6	6,0	4,7
73,79	13,35	2,6	6,0	4,7
73,82	13,37	2,6	6,0	4,7
73,84	13,39	2,6	6,0	4,7
73,87	13,41	2,6	6,0	4,7
73,89	13,43	2,6	6,0	4,7
73,91	13,45	2,6	6,0	4,7
73,94	13,45	2,6	6,0	4,7
73,96	13,47	2,6	6,0	4,7
73,99	13,50	2,6	6,0	4,7
74,01	13,51	2,6	6,0	4,7
74,04	13,53	2,6	6,0	4,7
74,06	13,54	2,6	6,0	4,7
74,09	13,56	2,6	6,0	4,7
74,11	13,56	2,6	6,0	4,7
74,13	13,58	2,6	6,0	4,7
74,16	13,61	2,6	6,0	4,7
74,18	13,62	2,6	6,0	4,7
74,21	13,63	2,6	6,0	4,7
74,23	13,65	2,6	6,0	4,7
74,26	13,67	2,6	6,0	4,7
74,28	13,70	2,6	6,0	4,7
74,31	13,72	2,6	6,0	4,7
74,33	13,75	2,6	6,0	4,7
74,35	13,76	2,6	6,0	4,7
74,38	13,77	2,6	6,0	4,7
74,40	13,80	2,6	6,0	4,7
74,43	13,82	2,6	6,0	4,7
74,45	13,84	2,6	6,0	4,7
74,48	13,86	2,6	6,0	4,7
74,50	13,86	2,6	6,0	4,7
74,52	13,88	2,6	6,0	4,7
74,55	13,90	2,6	6,0	4,7
74,57	13,92	2,6	6,0	4,7
74,60	13,94	2,6	6,0	4,7
74,62	13,96	2,6	6,0	4,7
74,65	13,97	2,6	6,0	4,7
74,67	14,00	2,6	6,0	4,7
74,70	14,02	2,6	6,0	4,7
74,72	14,06	2,6	6,0	4,7
74,74	14,08	2,6	6,0	4,7
74,77	14,10	2,6	6,0	4,7
74,79	14,11	2,6	6,0	4,7
74,82	14,13	2,6	6,0	4,7
74,84	14,16	2,6	6,0	4,7
74,87	14,18	2,6	6,0	4,7
74,89	14,19	2,6	6,0	4,7
74,92	14,21	2,6	6,0	4,7
74,94	14,22	2,6	6,0	4,7
74,96	14,24	2,6	6,0	4,7
74,99	14,26	2,6	6,0	4,7
75,01	14,29	2,6	6,0	4,7
75,04	14,30	2,6	6,0	4,7
75,06	14,33	2,6	6,0	4,7
75,09	14,35	2,6	6,0	4,7
75,11	14,37	2,6	6,0	4,7
75,14	14,40	2,6	6,0	4,7
75,16	14,43	2,6	6,0	4,7
75,18	14,45	2,6	6,0	4,7
75,21	14,46	2,6	6,0	4,7
75,23	14,47	2,6	6,0	4,7
75,26	14,49	2,6	6,0	4,7
75,28	14,52	2,6	6,0	4,7
75,31	14,54	2,6	6,0	4,7
75,33	14,55	2,6	6,0	4,7
75,36	14,58	2,6	6,0	4,7
75,38	14,59	2,6	6,0	4,7
75,40	14,61	2,6	6,0	4,7
75,43	14,63	2,6	6,0	4,7
75,45	14,66	2,6	6,0	4,7
75,48	14,68	2,6	6,0	4,7
75,50	14,70	2,6	6,0	4,7
75,53	14,72	2,6	6,0	4,7
75,55	14,76	2,6	6,0	4,7
75,57	14,78	2,6	6,0	4,7
75,60	14,80	2,6	6,0	4,7
75,62	14,82	2,6	6,0	4,7
75,65	14,84	2,6	6,0	4,7
75,67	14,85	2,6	6,0	4,7
75,70	14,88	2,6	6,0	4,7
75,72	14,91	2,6	6,0	4,7
75,75	14,93	2,6	6,0	4,7
75,77	14,94	2,6	6,0	4,7
75,79	14,97	2,6	6,0	4,7
75,82	14,99	2,6	6,0	4,7
75,84	15,01	2,6	6,0	4,7
75,87	15,04	2,6	6,0	4,7
75,89	15,07	2,6	6,0	4,7
75,92	15,09	2,6	6,0	4,7
75,94	15,11	2,6	6,0	4,7
75,97	15,14	2,6	6,0	4,7
75,99	15,17	2,6	6,0	4,7
76,01	15,20	2,6	6,0	4,7
76,04	15,22	2,6	6,0	4,7
76,06	15,25	2,6	6,0	4,7
76,09	15,26	2,6	6,0	4,7
76,11	15,28	2,6	6,0	4,7
76,14	15,32	2,6	6,0	4,7
76,16	15,35	2,6	6,0	4,7
76,19	15,36	2,6	6,0	4,7
76,21	15,38	2,6	6,0	4,7
76,23	15,41	2,6	6,0	4,7
76,26	15,43	2,6	6,0	4,7
76,28	15,46	2,6	6,0	4,7
76,31	15,48	2,6	6,0	4,7
76,33	15,51	2,6	6,0	4,7
76,36	15,53	2,6	6,0	4,7
76,38	15,56	2,6	6,0	4,7
76,41	15,59	2,6	6,0	4,7
76,43	15,61	2,6	6,0	4,7
76,45	15,64	2,6	6,0	4,7
76,48	15,66	2,6	6,0	4,7
76,50	15,68	2,6	6,0	4,7
76,53	15,70	2,6	6,0	4,7
76,55	15,73	2,6	6,0	4,7
76,58	15,76	2,6	6,0	4,7
76,60	15,78	2,6	6,0	4,7
76,62	15,80	2,6	6,0	4,7
76,65	15,83	2,6	6,0	4,7
76,67	15,85	2,6	6,0	4,7
76,70	15,88	2,6	6,0	4,7
76,72	15,90	2,6	6,0	4,7
76,75	15,94	2,6	6,0	4,7
76,77	15,96	2,6	6,0	4,7
76,80	15,99	2,6	6,0	4,7
76,82	16,01	2,6	6,0	4,7
76,84	16,05	2,6	6,0	4,7
76,87	16,07	2,6	6,0	4,7
76,89	16,10	2,6	6,0	4,7
76,92	16,12	2,6	6,0	4,7
76,94	16,15	2,6	6,0	4,7
76,97	16,17	2,6	6,0	4,7
76,99	16,19	2,6	6,0	4,7
77,02	16,23	2,6	6,0	4,7
77,04	16,25	2,6	6,0	4,7
77,06	16,27	2,6	6,0	4,7
77,09	16,30	2,6	6,0	4,7
77,11	16,32	2,6	6,0	4,7
77,14	16,36	2,6	6,0	4,7
77,16	16,39	2,6	6,0	4,7
77,19	16,42	2,6	6,0	4,7
77,21	16,44	2,6	6,0	4,7
77,24	16,46	2,6	6,0	4,7
77,26	16,50	2,6	6,0	4,7
77,28	16,53	2,6	6,0	4,7
77,31	16,56	2,6	6,0	4,7
77,33	16,59	2,6	6,0	4,7
77,36	16,60	2,6	6,0	4,7
77,38	16,63	2,6	6,0	4,7
77,41	16,64	2,6	6,0	4,7
77,43	16,68	2,6	6,0	4,7
77,46	16,71	2,6	6,0	4,7
77,48	16,73	2,6	6,0	4,7
77,50	16,75	2,6	6,0	4,7
77,53	16,79	2,6	6,0	4,7
77,55	16,82	2,6	6,0	4,7
77,58	16,85	2,6	6,0	4,7
77,60	16,88	2,6	6,0	4,7
77,63	16,91	2,6	6,0	4,7
77,65	16,93	2,6	6,0	4,7
77,68	16,96	2,6	6,0	4,7
77,70	17,00	2,6	6,0	4,7
77,72	17,02	2,6	6,0	4,7
77,75	17,04	2,6	6,0	4,7
77,77	17,07	2,6	6,0	4,7
77,80	17,09	2,6	6,0	4,7
77,82	17,11	2,6	6,0	4,7
77,85	17,14	2,6	6,0	4,7
77,87	17,16	2,6	6,0	4,7
77,89	17,20	2,6	6,0	4,7
77,92	17,22	2,6	6,0	4,7
77,94	17,24	2,6	6,0	4,7
77,97	17,28	2,6	6,0	4,7
77,99	17,30	2,6	6,0	4,7
78,02	17,35	2,6	6,0	4,7
78,04	17,37	2,6	6,0	4,7
78,07	17,40	2,6	6,0	4,7
78,09	17,42	2,6	6,0	4,7
78,11	17,45	2,6	6,0	4,7
78,14	17,49	2,6	6,0	4,7
78,16	17,51	2,6	6,0	4,7
78,19	17,53	2,6	6,0	4,7
78,21	17,56	2,6	6,0	4,7
78,24	17,58	2,6	6,0	4,7
78,26	17,61	2,6	6,0	4,7
78,29	17,63	2,6	6,0	4,7
78,31	17,67	2,6	6,0	4,7
78,33	17,70	2,6	6,0	4,7
78,36	17,73	2,6	6,0	4,7
78,38	17,75	2,6	6,0	4,7
78,41	17,79	2,6	6,0	4,7
78,43	17,83	2,6	6,0	4,7
78,46	17,86	2,6	6,0	4,7
78,48	17,89	2,6	6,0	4,7
78,51	17,91	2,6	6,0	4,7
78,53	17,94	2,6	6,0	4,7
78,55	17,97	2,6	6,0	4,7
78,58	18,01	2,6	6,0	4,7
78,60	18,04	2,6	6,0	4,7
78,63	18,06	2,6	6,0	4,7
78,65	18,08	2,6	6,0	4,7
78,68	18,11	2,6	6,0	4,7
78,70	18,14	2,6	6,0	4,7
78,73	18,17	2,6	6,0	4,7
78,75	18,21	2,6	6,0	4,7
78,77	18,24	2,6	6,0	4,7
78,80	18,26	2,6	6,0	4,7
78,82	18,30	2,6	6,0	4,7
78,85	18,33	2,6	6,0	4,7
78,87	18,36	2,6	6,0	4,7
78,90	18,39	2,6	6,0	4,7
78,92	18,41	2,6	6,0	4,7
78,94	18,44	2,6	6,0	4,7
78,97	18,46	2,6	6,0	4,7
78,99	18,51	2,6	6,0	4,7
79,02	18,54	2,6	6,0	4,7
79,04	18,56	2,6	6,0	4,7
79,07	18,58	2,6	6,0	4,7
79,09	18,61	2,6	6,0	4,7
79,12	18,64	2,6	6,0	4,7
79,14	18,67	2,6	6,0	4,7
79,16	18,71	2,6	6,0	4,7
79,19	18,74	2,6	6,0	4,7
79,21	18,75	2,6	6,0	4,7
79,24	18,78	2,6	6,0	4,7
79,26	18,82	2,6	6,0	4,7
79,29	18,84	2,6	6,0	4,7
79,31	18,87	2,6	6,0	4,7
79,34	18,89	2,6	6,0	4,7
79,36	18,92	2,6	6,0	4,7
79,38	18,94	2,6	6,0	4,7
79,41	18,97	2,6	6,0	4,7
79,43	19,00	2,6	6,0	4,7
79,46	19,03	2,6	6,0	4,7
79,48	19,06	2,6	6,0	4,7
79,51	19,08	2,6	6,0	4,7
79,53	19,11	2,6	6,0	4,7
79,56	19,15	2,6	6,0	4,7
79,58	19,18	2,6	6,0	4,7
79,60	19,21	2,6	6,0	4,7
79,63	19,25	2,6	6,0	4,7
79,65	19,27	2,6	6,0	4,7
79,68	19,30	2,6	6,0	4,7
79,70	19,34	2,6	6,0	4,7
79,73	19,37	2,6	6,0	4,7
79,75	19,40	2,6	6,0	4,7
79,78	19,41	2,6	6,0	4,7
79,80	19,44	2,6	6,0	4,7
79,82	19,47	2,6	6,0	4,7
79,85	19,49	2,6	6,0	4,7
79,87	19,53	2,6	6,0	4,7
79,90	19,57	2,6	6,0	4,7
79,92	19,59	2,6	6,0	4,7
79,95	19,62	2,6	6,0	4,7
79,97	19,65	2,6	6,0	4,7
79,99	19,69	2,6	6,0	4,7
80,02	19,72	2,6	6,0	4,7
80,04	19,76	2,6	6,0	4,7
80,07	19,78	2,6	6,0	4,7
80,09	19,81	2,6	6,0	4,7
80,12	19,84	2,6	6,0	4,7
80,14	19,88	2,6	6,0	4,7
80,17	19,91	2,6	6,0	4,7
80,19	19,93	2,6	6,0	4,7
80,21	19,95	2,6	6,0	4,7
80,24	19,98	2,6	6,0	4,7
80,26	20,00	2,6	6,0	4,7
80,29	20,04	2,6	6,0	4,7
80,31	20,07	2,6	6,0	4,7
80,34	20,09	2,6	6,0	4,7
80,36	20,11	2,6	6,0	4,7
80,39	20,15	2,6	6,0	4,7
80,41	20,17	2,6	6,0	4,7
80,43	20,21	2,6	6,0	4,7
80,46	20,24	2,6	6,0	4,7
80,48	20,27	2,6	6,0	4,7
80,51	20,28	2,6	6,0	4,7
80,53	20,31	2,6	6,0	4,7
80,56	20,34	2,6	6,0	4,7
80,58	20,37	2,6	6,0	4,7
80,61	20,39	2,6	6,0	4,7
80,63	20,42	2,6	6,0	4,7
80,65	20,44	2,6	6,0	4,7
80,68	20,47	2,6	6,0	4,7
80,70	20,49	2,6	6,0	4,7
80,73	20,53	2,6	6,0	4,7
80,75	20,56	2,6	6,0	4,7
80,78	20,57	2,6	6,0	4,7
80,80	20,60	2,6	6,0	4,7
80,83	20,63	2,6	6,0	4,7
80,85	20,65	2,6	6,0	4,7
80,87	20,68	2,6	6,0	4,7
80,90	20,71	2,6	6,0	4,7
80,92	20,74	2,6	6,0	4,7
80,95	20,76	2,6	6,0	4,7
80,97	20,79	2,6	6,0	4,7
81,00	20,82	2,6	6,0	4,7
81,02	20,85	2,6	6,0	4,7
81,04	20,87	2,6	6,0	4,7
81,07	20,89	2,6	6,0	4,7
81,09	20,91	2,6	6,0	4,7
81,12	20,94	2,6	6,0	4,7
81,14	20,96	2,6	6,0	4,7
81,17	21,00	2,6	6,0	4,7
81,19	21,03	2,6	6,0	4,7
81,22	21,04	2,6	6,0	4,7
81,24	21,06	2,6	6,0	4,7
81,26	21,10	2,6	6,0	4,7
81,29	21,12	2,6	6,0	4,7
81,31	21,15	2,6	6,0	4,7
81,34	21,17	2,6	6,0	4,7
81,36	21,20	2,6	6,0	4,7
81,39	21,22	2,6	6,0	4,7
81,41	21,24	2,6	6,0	4,7
81,44	21,28	2,6	6,0	4,7
81,46	21,30	2,6	6,0	4,7
81,48	21,32	2,6	6,0	4,7
81,51	21,34	2,6	6,0	4,7
81,53	21,36	2,6	6,0	4,7
81,56	21,38	2,6	6,0	4,7
81,58	21,41	2,6	6,0	4,7
81,61	21,45	2,6	6,0	4,7
81,63	21,47	2,6	6,0	4,7
81,66	21,49	2,6	6,0	4,7
81,68	21,52	2,6	6,0	4,7
81,70	21,55	2,6	6,0	4,7
81,73	21,58	2,6	6,0	4,7
81,75	21,60	2,6	6,0	4,7
81,78	21,63	2,6	6,0	4,7
81,80	21,64	2,6	6,0	4,7
81,83	21,67	2,6	6,0	4,7
81,85	21,70	2,6	6,0	4,7
81,88	21,73	2,6	6,0	4,7
81,90	21,75	2,6	6,0	4,7
81,92	21,77	2,6	6,0	4,7
81,95	21,80	2,6	6,0	4,7
81,97	21,81	2,6	6,0	4,7
82,00	21,84	2,6	6,0	4,7
82,02	21,87	2,6	6,0	4,7
82,05	21,90	2,6	6,0	4,7
82,07	21,91	2,6	6,0	4,7
82,10	21,94	2,6	6,0	4,7
82,12	21,96	2,6	6,0	4,7
82,14	21,99	2,6	6,0	4,7
82,17	22,01	2,6	6,0	4,7
82,19	22,03	2,6	6,0	4,7
82,22	22,05	2,6	6,0	4,7
82,24	22,07	2,6	6,0	4,7
82,27	22,09	2,6	6,0	4,7
82,29	22,12	2,6	6,0	4,7
82,31	22,15	2,6	6,0	4,7
82,34	22,16	2,6	6,0	4,7
82,36	22,19	2,6	6,0	4,7
82,39	22,21	2,6	6,0	4,7
82,41	22,24	2,6	6,0	4,7
82,44	22,25	2,6	6,0	4,7
82,46	22,28	2,6	6,0	4,7
82,49	22,31	2,6	6,0	4,7
82,51	22,33	2,6	6,0	4,7
82,53	22,35	2,6	6,0	4,7
82,56	22,38	2,6	6,0	4,7
82,58	22,41	2,6	6,0	4,7
82,61	22,43	2,6	6,0	4,7
82,63	22,45	2,6	6,0	4,7
82,66	22,46	2,6	6,0	4,7
82,68	22,48	2,6	6,0	4,7
82,71	22,51	2,6	6,0	4,7
82,73	22,54	2,6	6,0	4,7
82,75	22,57	2,6	6,0	4,7
82,78	22,60	2,6	6,0	4,7
82,80	22,61	2,6	6,0	4,7
82,83	22,64	2,6	6,0	4,7
82,85	22,68	2,6	6,0	4,7
82,88	22,70	2,6	6,0	4,7
82,90	22,73	2,6	6,0	4,7
82,93	22,76	2,6	6,0	4,7
82,95	22,78	2,6	6,0	4,7
82,97	22,80	2,6	6,0	4,7
83,00	22,83	2,6	6,0	4,7
83,02	22,84	2,6	6,0	4,7
83,05	22,87	2,6	6,0	4,7
83,07	22,87	2,6	6,0	4,7
83,10	22,90	2,6	6,0	4,7
83,12	22,91	2,6	6,0	4,7
83,15	22,93	2,6	6,0	4,7
83,17	22,96	2,6	6,0	4,7
83,19	22,98	2,6	6,0	4,7
83,22	22,99	2,6	6,0	4,7
83,24	23,03	2,6	6,0	4,7
83,27	23,05	2,6	6,0	4,7
83,29	23,08	2,6	6,0	4,7
83,32	23,09	2,6	6,0	4,7
83,34	23,12	2,6	6,0	4,7
83,36	23,13	2,6	6,0	4,7
83,39	23,15	2,6	6,0	4,7
83,41	23,18	2,6	6,0	4,7
83,44	23,20	2,6	6,0	4,7
83,46	23,21	2,6	6,0	4,7
83,49	23,23	2,6	6,0	4,7
83,51	23,23	2,6	6,0	4,7
83,54	23,25	2,6	6,0	4,7
83,56	23,27	2,6	6,0	4,7
83,58	23,30	2,6	6,0	4,7
83,61	23,32	2,6	6,0	4,7
83,63	23,34	2,6	6,0	4,7
83,66	23,35	2,6	6,0	4,7
83,68	23,38	2,6	6,0	4,7
83,71	23,40	2,6	6,0	4,7
83,73	23,43	2,6	6,0	4,7
83,76	23,45	2,6	6,0	4,7
83,78	23,47	2,6	6,0	4,7
83,80	23,48	2,6	6,0	4,7
83,83	23,50	2,6	6,0	4,7
83,85	23,52	2,6	6,0	4,7
83,88	23,54	2,6	6,0	4,7
83,90	23,55	2,6	6,0	4,7
83,93	23,58	2,6	6,0	4,7
83,95	23,58	2,6	6,0	4,7
83,98	23,61	2,6	6,0	4,7
84,00	23,62	2,6	6,0	4,7
84,02	23,65	2,6	6,0	4,7
84,05	23,68	2,6	6,0	4,7
84,07	23,69	2,6	6,0	4,7
84,10	23,70	2,6	6,0	4,7
84,12	23,73	2,6	6,0	4,7
84,15	23,75	2,6	6,0	4,7
84,17	23,76	2,6	6,0	4,7
84,20	23,78	2,6	6,0	4,7
84,22	23,80	2,6	6,0	4,7
84,24	23,82	2,6	6,0	4,7
84,27	23,83	2,6	6,0	4,7
84,29	23,86	2,6	6,0	4,7
84,32	23,88	2,6	6,0	4,7
84,34	23,89	2,6	6,0	4,7
84,37	23,90	2,6	6,0	4,7
84,39	23,92	2,6	6,0	4,7
84,41	23,93	2,6	6,0	4,7
84,44	23,95	2,6	6,0	4,7
84,46	23,98	2,6	6,0	4,7
84,49	23,99	2,6	6,0	4,7
84,51	24,00	2,6	6,0	4,7
84,54	24,02	2,6	6,0	4,7
84,56	24,05	2,6	6,0	4,7
84,59	24,07	2,6	6,0	4,7
84,61	24,09	2,6	6,0	4,7
84,63	24,10	2,6	6,0	4,7
84,66	24,12	2,6	6,0	4,7
84,68	24,13	2,6	6,0	4,7
84,71	24,16	2,6	6,0	4,7
84,73	24,18	2,6	6,0	4,7
84,76	24,19	2,6	6,0	4,7
84,78	24,21	2,6	6,0	4,7
84,81	24,22	2,6	6,0	4,7
84,83	24,23	2,6	6,0	4,7
84,85	24,24	2,6	6,0	4,7
84,88	24,27	2,6	6,0	4,7
84,90	24,29	2,6	6,0	4,7
84,93	24,30	2,6	6,0	4,7
84,95	24,31	2,6	6,0	4,7
84,98	24,34	2,6	6,0	4,7
85,00	24,36	2,6	6,0	4,7
85,03	24,39	2,6	6,0	4,7
85,05	24,41	2,6	6,0	4,7
85,07	24,43	2,6	6,0	4,7
85,10	24,44	2,6	6,0	4,7
85,12	24,46	2,6	6,0	4,7
85,15	24,49	2,6	6,0	4,7
85,17	24,50	2,6	6,0	4,7
85,20	24,51	2,6	6,0	4,7
85,22	24,53	2,6	6,0	4,7
85,25	24,54	2,6	6,0	4,7
85,27	24,56	2,6	6,0	4,7
85,29	24,58	2,6	6,0	4,7
85,32	24,61	2,6	6,0	4,7
85,34	24,63	2,6	6,0	4,7
85,37	24,64	2,6	6,0	4,7
85,39	24,66	2,6	6,0	4,7
85,42	24,68	2,6	6,0	4,7
85,44	24,70	2,6	6,0	4,7
85,47	24,72	2,6	6,0	4,7
85,49	24,74	2,6	6,0	4,7
85,51	24,76	2,6	6,0	4,7
85,54	24,77	2,6	6,0	4,7
85,56	24,78	2,6	6,0	4,7
85,59	24,81	2,6	6,0	4,7
85,61	24,83	2,6	6,0	4,7
85,64	24,83	2,6	6,0	4,7
85,66	24,84	2,6	6,0	4,7
85,68	24,86	2,6	6,0	4,7
85,71	24,88	2,6	6,0	4,7
85,73	24,90	2,6	6,0	4,7
85,76	24,92	2,6	6,0	4,7
85,78	24,94	2,6	6,0	4,7
85,81	24,95	2,6	6,0	4,7
85,83	24,96	2,6	6,0	4,7
85,86	24,98	2,6	6,0	4,7
85,88	25,00	2,6	6,0	4,7
85,90	25,02	2,6	6,0	4,7
85,93	25,02	2,6	6,0	4,7
85,95	25,04	2,6	6,0	4,7
85,98	25,04	2,6	6,0	4,7
86,00	25,06	2,6	6,0	4,7
86,03	25,09	2,6	6,0	4,7
86,05	25,10	2,6	6,0	4,7
86,08	25,12	2,6	6,0	4,7
86,10	25,13	2,6	6,0	4,7
86,12	25,14	2,6	6,0	4,7
86,15	25,17	2,6	6,0	4,7
86,17	25,19	2,6	6,0	4,7
86,20	25,21	2,6	6,0	4,7
86,22	25,22	2,6	6,0	4,7
86,25	25,23	2,6	6,0	4,7
86,27	25,25	2,6	6,0	4,7
86,30	25,26	2,6	6,0	4,7
86,32	25,28	2,6	6,0	4,7
86,34	25,29	2,6	6,0	4,7
86,37	25,28	2,6	6,0	4,7
86,39	25,30	2,6	6,0	4,7
86,42	25,31	2,6	6,0	4,7
86,44	25,33	2,6	6,0	4,7
86,47	25,35	2,6	6,0	4,7
86,49	25,35	2,6	6,0	4,7
86,52	25,36	2,6	6,0	4,7
86,54	25,39	2,6	6,0	4,7
86,56	25,40	2,6	6,0	4,7
86,59	25,44	2,6	6,0	4,7
86,61	25,44	2,6	6,0	4,7
86,64	25,46	2,6	6,0	4,7
86,66	25,47	2,6	6,0	4,7
86,69	25,48	2,6	6,0	4,7
86,71	25,50	2,6	6,0	4,7
86,73	25,52	2,6	6,0	4,7
86,76	25,53	2,6	6,0	4,7
86,78	25,54	2,6	6,0	4,7
86,81	25,54	2,6	6,0	4,7
86,83	25,56	2,6	6,0	4,7
86,86	25,58	2,6	6,0	4,7
86,88	25,60	2,6	6,0	4,7
86,91	25,62	2,6	6,0	4,7
86,93	25,63	2,6	6,0	4,7
86,95	25,64	2,6	6,0	4,7
86,98	25,68	2,6	6,0	4,7
87,00	25,69	2,6	6,0	4,7
87,03	25,72	2,6	6,0	4,7
87,05	25,74	2,6	6,0	4,7
87,08	25,75	2,6	6,0	4,7
87,10	25,76	2,6	6,0	4,7
87,13	25,77	2,6	6,0	4,7
87,15	25,80	2,6	6,0	4,7
87,17	25,82	2,6	6,0	4,7
87,20	25,82	2,6	6,0	4,7
87,22	25,84	2,6	6,0	4,7
87,25	25,85	2,6	6,0	4,7
87,27	25,87	2,6	6,0	4,7
87,30	25,89	2,6	6,0	4,7
87,32	25,92	2,6	6,0	4,7
87,35	25,94	2,6	6,0	4,7
87,37	25,95	2,6	6,0	4,7
87,39	25,96	2,6	6,0	4,7
87,42	25,99	2,6	6,0	4,7
87,44	26,02	2,6	6,0	4,7
87,47	26,03	2,6	6,0	4,7
87,49	26,05	2,6	6,0	4,7
87,52	26,06	2,6	6,0	4,7
87,54	26,07	2,6	6,0	4,7
87,57	26,09	2,6	6,0	4,7
87,59	26,11	2,6	6,0	4,7
87,61	26,13	2,6	6,0	4,7
87,64	26,13	2,6	6,0	4,7
87,66	26,15	2,6	6,0	4,7
87,69	26,16	2,6	6,0	4,7
87,71	26,19	2,6	6,0	4,7
87,74	26,21	2,6	6,0	4,7
87,76	26,23	2,6	6,0	4,7
87,78	26,24	2,6	6,0	4,7
87,81	26,26	2,6	6,0	4,7
87,83	26,28	2,6	6,0	4,7
87,86	26,30	2,6	6,0	4,7
87,88	26,31	2,6	6,0	4,7
87,91	26,33	2,6	6,0	4,7
87,93	26,34	2,6	6,0	4,7
87,96	26,35	2,6	6,0	4,7
87,98	26,37	2,6	6,0	4,7
88,00	26,39	2,6	6,0	4,7
88,03	26,41	2,6	6,0	4,7
88,05	26,42	2,6	6,0	4,7
88,08	26,43	2,6	6,0	4,7
88,10	26,45	2,6	6,0	4,7
88,13	26,47	2,6	6,0	4,7
88,15	26,49	2,6	6,0	4,7
88,18	26,52	2,6	6,0	4,7
88,20	26,53	2,6	6,0	4,7
88,22	26,54	2,6	6,0	4,7
88,25	26,55	2,6	6,0	4,7
88,27	26,58	2,6	6,0	4,7
88,30	26,58	2,6	6,0	4,7
88,32	26,60	2,6	6,0	4,7
88,35	26,62	2,6	6,0	4,7
88,37	26,64	2,6	6,0	4,7
88,40	26,64	2,6	6,0	4,7
88,42	26,66	2,6	6,0	4,7
88,44	26,69	2,6	6,0	4,7
88,47	26,70	2,6	6,0	4,7
88,49	26,71	2,6	6,0	4,7
88,52	26,72	2,6	6,0	4,7
88,54	26,74	2,6	6,0	4,7
88,57	26,76	2,6	6,0	4,7
88,59	26,77	2,6	6,0	4,7
88,62	26,80	2,6	6,0	4,7
88,64	26,81	2,6	6,0	4,7
88,66	26,82	2,6	6,0	4,7
88,69	26,83	2,6	6,0	4,7
88,71	26,86	2,6	6,0	4,7
88,74	26,88	2,6	6,0	4,7
88,76	26,89	2,6	6,0	4,7
88,79	26,89	2,6	6,0	4,7
88,81	26,91	2,6	6,0	4,7
88,83	26,92	2,6	6,0	4,7
88,86	26,94	2,6	6,0	4,7
88,88	26,97	2,6	6,0	4,7
88,91	27,00	2,6	6,0	4,7
88,93	27,00	2,6	6,0	4,7
88,96	27,01	2,6	6,0	4,7
88,98	27,03	2,6	6,0	4,7
89,01	27,06	2,6	6,0	4,7
89,03	27,08	2,6	6,0	4,7
89,05	27,11	2,6	6,0	4,7
89,08	27,13	2,6	6,0	4,7
89,10	27,14	2,6	6,0	4,7
89,13	27,16	2,6	6,0	4,7
89,15	27,19	2,6	6,0	4,7
89,18	27,20	2,6	6,0	4,7
89,20	27,22	2,6	6,0	4,7
89,23	27,22	2,6	6,0	4,7
89,25	27,25	2,6	6,0	4,7
89,27	27,26	2,6	6,0	4,7
89,30	27,29	2,6	6,0	4,7
89,32	27,31	2,6	6,0	4,7
89,35	27,33	2,6	6,0	4,7
89,37	27,35	2,6	6,0	4,7
89,40	27,37	2,6	6,0	4,7
89,42	27,39	2,6	6,0	4,7
89,45	27,43	2,6	6,0	4,7
89,47	27,45	2,6	6,0	4,7
89,49	27,48	2,6	6,0	4,7
89,52	27,49	2,6	6,0	4,7
89,54	27,51	2,6	6,0	4,7
89,57	27,53	2,6	6,0	4,7
89,59	27,56	2,6	6,0	4,7
89,62	27,57	2,6	6,0	4,7
89,64	27,59	2,6	6,0	4,7
89,67	27,59	2,6	6,0	4,7
89,69	27,62	2,6	6,0	4,7
89,71	27,66	2,6	6,0	4,7
89,74	27,70	2,6	6,0	4,7
89,76	27,72	2,6	6,0	4,7
89,79	27,74	2,6	6,0	4,7
89,81	27,78	2,6	6,0	4,7
89,84	27,82	2,6	6,0	4,7
89,86	27,84	2,6	6,0	4,7
89,89	27,88	2,6	6,0	4,7
89,91	27,91	2,6	6,0	4,7
89,93	27,93	2,6	6,0	4,7
89,96	27,94	2,6	6,0	4,7
89,98	27,97	2,6	6,0	4,7
