Voltage U1	Corriente IA	Voltage U2	Voltage U3	Voltage UH
U1/V	IA/nA	U2/V	U3/V	UH/V

0,02	0,05	4,5	6,0	5,0
0,04	0,05	4,5	6,0	5,0
0,07	0,05	4,5	6,0	5,0
0,09	0,05	4,5	6,0	5,0
0,12	0,06	4,5	6,0	5,0
0,14	0,07	4,5	6,0	5,0
0,17	0,07	4,5	6,0	5,0
0,19	0,07	4,5	6,0	5,0
0,21	0,08	4,5	6,0	5,0
0,24	0,08	4,5	6,0	5,0
0,26	0,08	4,5	6,0	5,0
0,29	0,08	4,5	6,0	5,0
0,31	0,09	4,5	6,0	5,0
0,34	0,09	4,5	6,0	5,0
0,36	0,09	4,5	6,0	5,0
0,39	0,09	4,5	6,0	5,0
0,41	0,09	4,5	6,0	5,0
0,43	0,09	4,5	6,0	5,0
0,46	0,10	4,5	6,0	5,0
0,48	0,10	4,5	6,0	5,0
0,51	0,10	4,5	6,0	5,0
0,53	0,10	4,5	6,0	5,0
0,56	0,09	4,5	6,0	5,0
0,58	0,10	4,5	6,0	5,0
0,61	0,10	4,5	6,0	5,0
0,63	0,12	4,5	6,0	5,0
0,65	0,12	4,5	6,0	5,0
0,68	0,12	4,5	6,0	5,0
0,70	0,12	4,5	6,0	5,0
0,73	0,13	4,5	6,0	5,0
0,75	0,14	4,5	6,0	5,0
0,78	0,14	4,5	6,0	5,0
0,80	0,13	4,5	6,0	5,0
0,83	0,14	4,5	6,0	5,0
0,85	0,14	4,5	6,0	5,0
0,87	0,14	4,5	6,0	5,0
0,90	0,16	4,5	6,0	5,0
0,92	0,16	4,5	6,0	5,0
0,95	0,16	4,5	6,0	5,0
0,97	0,16	4,5	6,0	5,0
1,00	0,17	4,5	6,0	5,0
1,02	0,18	4,5	6,0	5,0
1,05	0,18	4,5	6,0	5,0
1,07	0,19	4,5	6,0	5,0
1,09	0,19	4,5	6,0	5,0
1,12	0,20	4,5	6,0	5,0
1,14	0,20	4,5	6,0	5,0
1,17	0,21	4,5	6,0	5,0
1,19	0,21	4,5	6,0	5,0
1,22	0,21	4,5	6,0	5,0
1,24	0,21	4,5	6,0	5,0
1,26	0,22	4,5	6,0	5,0
1,29	0,22	4,5	6,0	5,0
1,31	0,23	4,5	6,0	5,0
1,34	0,24	4,5	6,0	5,0
1,36	0,24	4,5	6,0	5,0
1,39	0,24	4,5	6,0	5,0
1,41	0,25	4,5	6,0	5,0
1,44	0,25	4,5	6,0	5,0
1,46	0,27	4,5	6,0	5,0
1,48	0,27	4,5	6,0	5,0
1,51	0,28	4,5	6,0	5,0
1,53	0,28	4,5	6,0	5,0
1,56	0,28	4,5	6,0	5,0
1,58	0,30	4,5	6,0	5,0
1,61	0,29	4,5	6,0	5,0
1,63	0,29	4,5	6,0	5,0
1,66	0,29	4,5	6,0	5,0
1,68	0,29	4,5	6,0	5,0
1,70	0,30	4,5	6,0	5,0
1,73	0,30	4,5	6,0	5,0
1,75	0,31	4,5	6,0	5,0
1,78	0,31	4,5	6,0	5,0
1,80	0,31	4,5	6,0	5,0
1,83	0,31	4,5	6,0	5,0
1,85	0,33	4,5	6,0	5,0
1,88	0,33	4,5	6,0	5,0
1,90	0,34	4,5	6,0	5,0
1,92	0,34	4,5	6,0	5,0
1,95	0,34	4,5	6,0	5,0
1,97	0,34	4,5	6,0	5,0
2,00	0,34	4,5	6,0	5,0
2,02	0,35	4,5	6,0	5,0
2,05	0,36	4,5	6,0	5,0
2,07	0,35	4,5	6,0	5,0
2,10	0,35	4,5	6,0	5,0
2,12	0,35	4,5	6,0	5,0
2,14	0,36	4,5	6,0	5,0
2,17	0,37	4,5	6,0	5,0
2,19	0,38	4,5	6,0	5,0
2,22	0,38	4,5	6,0	5,0
2,24	0,38	4,5	6,0	5,0
2,27	0,38	4,5	6,0	5,0
2,29	0,40	4,5	6,0	5,0
2,31	0,40	4,5	6,0	5,0
2,34	0,40	4,5	6,0	5,0
2,36	0,40	4,5	6,0	5,0
2,39	0,41	4,5	6,0	5,0
2,41	0,40	4,5	6,0	5,0
2,44	0,42	4,5	6,0	5,0
2,46	0,42	4,5	6,0	5,0
2,49	0,42	4,5	6,0	5,0
2,51	0,42	4,5	6,0	5,0
2,53	0,42	4,5	6,0	5,0
2,56	0,43	4,5	6,0	5,0
2,58	0,43	4,5	6,0	5,0
2,61	0,45	4,5	6,0	5,0
2,63	0,45	4,5	6,0	5,0
2,66	0,45	4,5	6,0	5,0
2,68	0,46	4,5	6,0	5,0
2,71	0,46	4,5	6,0	5,0
2,73	0,47	4,5	6,0	5,0
2,75	0,47	4,5	6,0	5,0
2,78	0,47	4,5	6,0	5,0
2,80	0,47	4,5	6,0	5,0
2,83	0,47	4,5	6,0	5,0
2,85	0,47	4,5	6,0	5,0
2,88	0,48	4,5	6,0	5,0
2,90	0,48	4,5	6,0	5,0
2,93	0,48	4,5	6,0	5,0
2,95	0,48	4,5	6,0	5,0
2,97	0,49	4,5	6,0	5,0
3,00	0,50	4,5	6,0	5,0
3,02	0,50	4,5	6,0	5,0
3,05	0,51	4,5	6,0	5,0
3,07	0,51	4,5	6,0	5,0
3,10	0,51	4,5	6,0	5,0
3,12	0,52	4,5	6,0	5,0
3,15	0,52	4,5	6,0	5,0
3,17	0,52	4,5	6,0	5,0
3,19	0,53	4,5	6,0	5,0
3,22	0,52	4,5	6,0	5,0
3,24	0,53	4,5	6,0	5,0
3,27	0,52	4,5	6,0	5,0
3,29	0,52	4,5	6,0	5,0
3,32	0,54	4,5	6,0	5,0
3,34	0,54	4,5	6,0	5,0
3,36	0,53	4,5	6,0	5,0
3,39	0,54	4,5	6,0	5,0
3,41	0,54	4,5	6,0	5,0
3,44	0,55	4,5	6,0	5,0
3,46	0,55	4,5	6,0	5,0
3,49	0,57	4,5	6,0	5,0
3,51	0,57	4,5	6,0	5,0
3,54	0,56	4,5	6,0	5,0
3,56	0,57	4,5	6,0	5,0
3,58	0,57	4,5	6,0	5,0
3,61	0,58	4,5	6,0	5,0
3,63	0,58	4,5	6,0	5,0
3,66	0,58	4,5	6,0	5,0
3,68	0,58	4,5	6,0	5,0
3,71	0,58	4,5	6,0	5,0
3,73	0,58	4,5	6,0	5,0
3,76	0,59	4,5	6,0	5,0
3,78	0,60	4,5	6,0	5,0
3,80	0,59	4,5	6,0	5,0
3,83	0,60	4,5	6,0	5,0
3,85	0,60	4,5	6,0	5,0
3,88	0,61	4,5	6,0	5,0
3,90	0,61	4,5	6,0	5,0
3,93	0,62	4,5	6,0	5,0
3,95	0,62	4,5	6,0	5,0
3,98	0,61	4,5	6,0	5,0
4,00	0,62	4,5	6,0	5,0
4,02	0,63	4,5	6,0	5,0
4,05	0,62	4,5	6,0	5,0
4,07	0,63	4,5	6,0	5,0
4,10	0,62	4,5	6,0	5,0
4,12	0,63	4,5	6,0	5,0
4,15	0,63	4,5	6,0	5,0
4,17	0,64	4,5	6,0	5,0
4,20	0,64	4,5	6,0	5,0
4,22	0,63	4,5	6,0	5,0
4,24	0,63	4,5	6,0	5,0
4,27	0,63	4,5	6,0	5,0
4,29	0,64	4,5	6,0	5,0
4,32	0,65	4,5	6,0	5,0
4,34	0,66	4,5	6,0	5,0
4,37	0,66	4,5	6,0	5,0
4,39	0,66	4,5	6,0	5,0
4,42	0,67	4,5	6,0	5,0
4,44	0,67	4,5	6,0	5,0
4,46	0,67	4,5	6,0	5,0
4,49	0,67	4,5	6,0	5,0
4,51	0,68	4,5	6,0	5,0
4,54	0,67	4,5	6,0	5,0
4,56	0,67	4,5	6,0	5,0
4,59	0,68	4,5	6,0	5,0
4,61	0,68	4,5	6,0	5,0
4,63	0,69	4,5	6,0	5,0
4,66	0,68	4,5	6,0	5,0
4,68	0,68	4,5	6,0	5,0
4,71	0,69	4,5	6,0	5,0
4,73	0,69	4,5	6,0	5,0
4,76	0,71	4,5	6,0	5,0
4,78	0,71	4,5	6,0	5,0
4,81	0,71	4,5	6,0	5,0
4,83	0,70	4,5	6,0	5,0
4,85	0,71	4,5	6,0	5,0
4,88	0,72	4,5	6,0	5,0
4,90	0,72	4,5	6,0	5,0
4,93	0,71	4,5	6,0	5,0
4,95	0,71	4,5	6,0	5,0
4,98	0,71	4,5	6,0	5,0
5,00	0,71	4,5	6,0	5,0
5,03	0,71	4,5	6,0	5,0
5,05	0,72	4,5	6,0	5,0
5,07	0,72	4,5	6,0	5,0
5,10	0,71	4,5	6,0	5,0
5,12	0,72	4,5	6,0	5,0
5,15	0,73	4,5	6,0	5,0
5,17	0,73	4,5	6,0	5,0
5,20	0,74	4,5	6,0	5,0
5,22	0,74	4,5	6,0	5,0
5,25	0,74	4,5	6,0	5,0
5,27	0,74	4,5	6,0	5,0
5,29	0,74	4,5	6,0	5,0
5,32	0,75	4,5	6,0	5,0
5,34	0,75	4,5	6,0	5,0
5,37	0,73	4,5	6,0	5,0
5,39	0,74	4,5	6,0	5,0
5,42	0,74	4,5	6,0	5,0
5,44	0,75	4,5	6,0	5,0
5,47	0,76	4,5	6,0	5,0
5,49	0,76	4,5	6,0	5,0
5,51	0,76	4,5	6,0	5,0
5,54	0,76	4,5	6,0	5,0
5,56	0,77	4,5	6,0	5,0
5,59	0,77	4,5	6,0	5,0
5,61	0,78	4,5	6,0	5,0
5,64	0,78	4,5	6,0	5,0
5,66	0,78	4,5	6,0	5,0
5,68	0,78	4,5	6,0	5,0
5,71	0,78	4,5	6,0	5,0
5,73	0,79	4,5	6,0	5,0
5,76	0,79	4,5	6,0	5,0
5,78	0,79	4,5	6,0	5,0
5,81	0,79	4,5	6,0	5,0
5,83	0,79	4,5	6,0	5,0
5,86	0,80	4,5	6,0	5,0
5,88	0,80	4,5	6,0	5,0
5,90	0,81	4,5	6,0	5,0
5,93	0,81	4,5	6,0	5,0
5,95	0,81	4,5	6,0	5,0
5,98	0,82	4,5	6,0	5,0
6,00	0,82	4,5	6,0	5,0
6,03	0,82	4,5	6,0	5,0
6,05	0,82	4,5	6,0	5,0
6,08	0,82	4,5	6,0	5,0
6,10	0,82	4,5	6,0	5,0
6,12	0,82	4,5	6,0	5,0
6,15	0,82	4,5	6,0	5,0
6,17	0,83	4,5	6,0	5,0
6,20	0,83	4,5	6,0	5,0
6,22	0,82	4,5	6,0	5,0
6,25	0,82	4,5	6,0	5,0
6,27	0,82	4,5	6,0	5,0
6,30	0,83	4,5	6,0	5,0
6,32	0,84	4,5	6,0	5,0
6,34	0,84	4,5	6,0	5,0
6,37	0,85	4,5	6,0	5,0
6,39	0,84	4,5	6,0	5,0
6,42	0,84	4,5	6,0	5,0
6,44	0,85	4,5	6,0	5,0
6,47	0,85	4,5	6,0	5,0
6,49	0,86	4,5	6,0	5,0
6,52	0,85	4,5	6,0	5,0
6,54	0,86	4,5	6,0	5,0
6,56	0,85	4,5	6,0	5,0
6,59	0,86	4,5	6,0	5,0
6,61	0,87	4,5	6,0	5,0
6,64	0,86	4,5	6,0	5,0
6,66	0,86	4,5	6,0	5,0
6,69	0,87	4,5	6,0	5,0
6,71	0,87	4,5	6,0	5,0
6,73	0,88	4,5	6,0	5,0
6,76	0,88	4,5	6,0	5,0
6,78	0,89	4,5	6,0	5,0
6,81	0,88	4,5	6,0	5,0
6,83	0,88	4,5	6,0	5,0
6,86	0,89	4,5	6,0	5,0
6,88	0,90	4,5	6,0	5,0
6,91	0,89	4,5	6,0	5,0
6,93	0,90	4,5	6,0	5,0
6,95	0,89	4,5	6,0	5,0
6,98	0,90	4,5	6,0	5,0
7,00	0,89	4,5	6,0	5,0
7,03	0,90	4,5	6,0	5,0
7,05	0,91	4,5	6,0	5,0
7,08	0,90	4,5	6,0	5,0
7,10	0,90	4,5	6,0	5,0
7,13	0,91	4,5	6,0	5,0
7,15	0,91	4,5	6,0	5,0
7,17	0,92	4,5	6,0	5,0
7,20	0,92	4,5	6,0	5,0
7,22	0,92	4,5	6,0	5,0
7,25	0,92	4,5	6,0	5,0
7,27	0,92	4,5	6,0	5,0
7,30	0,93	4,5	6,0	5,0
7,32	0,93	4,5	6,0	5,0
7,35	0,93	4,5	6,0	5,0
7,37	0,93	4,5	6,0	5,0
7,39	0,92	4,5	6,0	5,0
7,42	0,93	4,5	6,0	5,0
7,44	0,93	4,5	6,0	5,0
7,47	0,94	4,5	6,0	5,0
7,49	0,94	4,5	6,0	5,0
7,52	0,93	4,5	6,0	5,0
7,54	0,94	4,5	6,0	5,0
7,57	0,94	4,5	6,0	5,0
7,59	0,95	4,5	6,0	5,0
7,61	0,96	4,5	6,0	5,0
7,64	0,96	4,5	6,0	5,0
7,66	0,96	4,5	6,0	5,0
7,69	0,96	4,5	6,0	5,0
7,71	0,96	4,5	6,0	5,0
7,74	0,96	4,5	6,0	5,0
7,76	0,97	4,5	6,0	5,0
7,78	0,96	4,5	6,0	5,0
7,81	0,96	4,5	6,0	5,0
7,83	0,96	4,5	6,0	5,0
7,86	0,96	4,5	6,0	5,0
7,88	0,97	4,5	6,0	5,0
7,91	0,97	4,5	6,0	5,0
7,93	0,97	4,5	6,0	5,0
7,96	0,97	4,5	6,0	5,0
7,98	0,97	4,5	6,0	5,0
8,00	0,98	4,5	6,0	5,0
8,03	0,99	4,5	6,0	5,0
8,05	1,00	4,5	6,0	5,0
8,08	1,00	4,5	6,0	5,0
8,10	1,00	4,5	6,0	5,0
8,13	0,99	4,5	6,0	5,0
8,15	0,99	4,5	6,0	5,0
8,18	1,00	4,5	6,0	5,0
8,20	0,99	4,5	6,0	5,0
8,22	0,99	4,5	6,0	5,0
8,25	0,98	4,5	6,0	5,0
8,27	0,99	4,5	6,0	5,0
8,30	0,99	4,5	6,0	5,0
8,32	1,00	4,5	6,0	5,0
8,35	1,01	4,5	6,0	5,0
8,37	1,00	4,5	6,0	5,0
8,40	1,00	4,5	6,0	5,0
8,42	1,01	4,5	6,0	5,0
8,44	1,01	4,5	6,0	5,0
8,47	1,01	4,5	6,0	5,0
8,49	1,02	4,5	6,0	5,0
8,52	1,02	4,5	6,0	5,0
8,54	1,01	4,5	6,0	5,0
8,57	1,01	4,5	6,0	5,0
8,59	1,02	4,5	6,0	5,0
8,62	1,02	4,5	6,0	5,0
8,64	1,02	4,5	6,0	5,0
8,66	1,01	4,5	6,0	5,0
8,69	1,02	4,5	6,0	5,0
8,71	1,02	4,5	6,0	5,0
8,74	1,02	4,5	6,0	5,0
8,76	1,03	4,5	6,0	5,0
8,79	1,03	4,5	6,0	5,0
8,81	1,03	4,5	6,0	5,0
8,84	1,02	4,5	6,0	5,0
8,86	1,03	4,5	6,0	5,0
8,88	1,04	4,5	6,0	5,0
8,91	1,04	4,5	6,0	5,0
8,93	1,03	4,5	6,0	5,0
8,96	1,03	4,5	6,0	5,0
8,98	1,03	4,5	6,0	5,0
9,01	1,03	4,5	6,0	5,0
9,03	1,04	4,5	6,0	5,0
9,05	1,04	4,5	6,0	5,0
9,08	1,04	4,5	6,0	5,0
9,10	1,04	4,5	6,0	5,0
9,13	1,04	4,5	6,0	5,0
9,15	1,05	4,5	6,0	5,0
9,18	1,05	4,5	6,0	5,0
9,20	1,06	4,5	6,0	5,0
9,23	1,06	4,5	6,0	5,0
9,25	1,05	4,5	6,0	5,0
9,27	1,06	4,5	6,0	5,0
9,30	1,06	4,5	6,0	5,0
9,32	1,06	4,5	6,0	5,0
9,35	1,07	4,5	6,0	5,0
9,37	1,06	4,5	6,0	5,0
9,40	1,06	4,5	6,0	5,0
9,42	1,05	4,5	6,0	5,0
9,45	1,06	4,5	6,0	5,0
9,47	1,06	4,5	6,0	5,0
9,49	1,06	4,5	6,0	5,0
9,52	1,06	4,5	6,0	5,0
9,54	1,06	4,5	6,0	5,0
9,57	1,06	4,5	6,0	5,0
9,59	1,08	4,5	6,0	5,0
9,62	1,08	4,5	6,0	5,0
9,64	1,08	4,5	6,0	5,0
9,67	1,08	4,5	6,0	5,0
9,69	1,08	4,5	6,0	5,0
9,71	1,08	4,5	6,0	5,0
9,74	1,09	4,5	6,0	5,0
9,76	1,08	4,5	6,0	5,0
9,79	1,09	4,5	6,0	5,0
9,81	1,08	4,5	6,0	5,0
9,84	1,08	4,5	6,0	5,0
9,86	1,08	4,5	6,0	5,0
9,89	1,09	4,5	6,0	5,0
9,91	1,10	4,5	6,0	5,0
9,93	1,08	4,5	6,0	5,0
9,96	1,08	4,5	6,0	5,0
9,98	1,09	4,5	6,0	5,0
10,01	1,09	4,5	6,0	5,0
10,03	1,11	4,5	6,0	5,0
10,06	1,11	4,5	6,0	5,0
10,08	1,11	4,5	6,0	5,0
10,10	1,10	4,5	6,0	5,0
10,13	1,10	4,5	6,0	5,0
10,15	1,11	4,5	6,0	5,0
10,18	1,11	4,5	6,0	5,0
10,20	1,11	4,5	6,0	5,0
10,23	1,11	4,5	6,0	5,0
10,25	1,11	4,5	6,0	5,0
10,28	1,11	4,5	6,0	5,0
10,30	1,11	4,5	6,0	5,0
10,32	1,12	4,5	6,0	5,0
10,35	1,12	4,5	6,0	5,0
10,37	1,11	4,5	6,0	5,0
10,40	1,11	4,5	6,0	5,0
10,42	1,12	4,5	6,0	5,0
10,45	1,12	4,5	6,0	5,0
10,47	1,13	4,5	6,0	5,0
10,50	1,13	4,5	6,0	5,0
10,52	1,12	4,5	6,0	5,0
10,54	1,13	4,5	6,0	5,0
10,57	1,12	4,5	6,0	5,0
10,59	1,12	4,5	6,0	5,0
10,62	1,13	4,5	6,0	5,0
10,64	1,12	4,5	6,0	5,0
10,67	1,12	4,5	6,0	5,0
10,69	1,12	4,5	6,0	5,0
10,72	1,12	4,5	6,0	5,0
10,74	1,12	4,5	6,0	5,0
10,76	1,13	4,5	6,0	5,0
10,79	1,13	4,5	6,0	5,0
10,81	1,13	4,5	6,0	5,0
10,84	1,13	4,5	6,0	5,0
10,86	1,13	4,5	6,0	5,0
10,89	1,14	4,5	6,0	5,0
10,91	1,14	4,5	6,0	5,0
10,94	1,14	4,5	6,0	5,0
10,96	1,14	4,5	6,0	5,0
10,98	1,14	4,5	6,0	5,0
11,01	1,14	4,5	6,0	5,0
11,03	1,14	4,5	6,0	5,0
11,06	1,14	4,5	6,0	5,0
11,08	1,14	4,5	6,0	5,0
11,11	1,14	4,5	6,0	5,0
11,13	1,14	4,5	6,0	5,0
11,15	1,14	4,5	6,0	5,0
11,18	1,15	4,5	6,0	5,0
11,20	1,15	4,5	6,0	5,0
11,23	1,15	4,5	6,0	5,0
11,25	1,14	4,5	6,0	5,0
11,28	1,15	4,5	6,0	5,0
11,30	1,15	4,5	6,0	5,0
11,33	1,16	4,5	6,0	5,0
11,35	1,16	4,5	6,0	5,0
11,37	1,16	4,5	6,0	5,0
11,40	1,15	4,5	6,0	5,0
11,42	1,15	4,5	6,0	5,0
11,45	1,16	4,5	6,0	5,0
11,47	1,16	4,5	6,0	5,0
11,50	1,15	4,5	6,0	5,0
11,52	1,16	4,5	6,0	5,0
11,55	1,16	4,5	6,0	5,0
11,57	1,16	4,5	6,0	5,0
11,59	1,16	4,5	6,0	5,0
11,62	1,17	4,5	6,0	5,0
11,64	1,18	4,5	6,0	5,0
11,67	1,16	4,5	6,0	5,0
11,69	1,16	4,5	6,0	5,0
11,72	1,17	4,5	6,0	5,0
11,74	1,17	4,5	6,0	5,0
11,77	1,18	4,5	6,0	5,0
11,79	1,18	4,5	6,0	5,0
11,81	1,18	4,5	6,0	5,0
11,84	1,17	4,5	6,0	5,0
11,86	1,17	4,5	6,0	5,0
11,89	1,18	4,5	6,0	5,0
11,91	1,18	4,5	6,0	5,0
11,94	1,17	4,5	6,0	5,0
11,96	1,17	4,5	6,0	5,0
11,99	1,18	4,5	6,0	5,0
12,01	1,18	4,5	6,0	5,0
12,03	1,18	4,5	6,0	5,0
12,06	1,19	4,5	6,0	5,0
12,08	1,19	4,5	6,0	5,0
12,11	1,18	4,5	6,0	5,0
12,13	1,17	4,5	6,0	5,0
12,16	1,18	4,5	6,0	5,0
12,18	1,18	4,5	6,0	5,0
12,21	1,19	4,5	6,0	5,0
12,23	1,18	4,5	6,0	5,0
12,25	1,18	4,5	6,0	5,0
12,28	1,17	4,5	6,0	5,0
12,30	1,17	4,5	6,0	5,0
12,33	1,18	4,5	6,0	5,0
12,35	1,18	4,5	6,0	5,0
12,38	1,17	4,5	6,0	5,0
12,40	1,17	4,5	6,0	5,0
12,42	1,17	4,5	6,0	5,0
12,45	1,18	4,5	6,0	5,0
12,47	1,19	4,5	6,0	5,0
12,50	1,20	4,5	6,0	5,0
12,52	1,20	4,5	6,0	5,0
12,55	1,19	4,5	6,0	5,0
12,57	1,19	4,5	6,0	5,0
12,60	1,19	4,5	6,0	5,0
12,62	1,20	4,5	6,0	5,0
12,64	1,20	4,5	6,0	5,0
12,67	1,19	4,5	6,0	5,0
12,69	1,20	4,5	6,0	5,0
12,72	1,19	4,5	6,0	5,0
12,74	1,20	4,5	6,0	5,0
12,77	1,19	4,5	6,0	5,0
12,79	1,20	4,5	6,0	5,0
12,82	1,19	4,5	6,0	5,0
12,84	1,20	4,5	6,0	5,0
12,86	1,20	4,5	6,0	5,0
12,89	1,21	4,5	6,0	5,0
12,91	1,22	4,5	6,0	5,0
12,94	1,22	4,5	6,0	5,0
12,96	1,21	4,5	6,0	5,0
12,99	1,22	4,5	6,0	5,0
13,01	1,22	4,5	6,0	5,0
13,04	1,22	4,5	6,0	5,0
13,06	1,22	4,5	6,0	5,0
13,08	1,22	4,5	6,0	5,0
13,11	1,21	4,5	6,0	5,0
13,13	1,21	4,5	6,0	5,0
13,16	1,21	4,5	6,0	5,0
13,18	1,21	4,5	6,0	5,0
13,21	1,22	4,5	6,0	5,0
13,23	1,20	4,5	6,0	5,0
13,26	1,20	4,5	6,0	5,0
13,28	1,21	4,5	6,0	5,0
13,30	1,21	4,5	6,0	5,0
13,33	1,21	4,5	6,0	5,0
13,35	1,21	4,5	6,0	5,0
13,38	1,22	4,5	6,0	5,0
13,40	1,20	4,5	6,0	5,0
13,43	1,20	4,5	6,0	5,0
13,45	1,20	4,5	6,0	5,0
13,47	1,19	4,5	6,0	5,0
13,50	1,18	4,5	6,0	5,0
13,52	1,18	4,5	6,0	5,0
13,55	1,17	4,5	6,0	5,0
13,57	1,16	4,5	6,0	5,0
13,60	1,15	4,5	6,0	5,0
13,62	1,15	4,5	6,0	5,0
13,65	1,14	4,5	6,0	5,0
13,67	1,13	4,5	6,0	5,0
13,69	1,12	4,5	6,0	5,0
13,72	1,13	4,5	6,0	5,0
13,74	1,12	4,5	6,0	5,0
13,77	1,12	4,5	6,0	5,0
13,79	1,11	4,5	6,0	5,0
13,82	1,10	4,5	6,0	5,0
13,84	1,08	4,5	6,0	5,0
13,87	1,06	4,5	6,0	5,0
13,89	1,06	4,5	6,0	5,0
13,91	1,05	4,5	6,0	5,0
13,94	1,03	4,5	6,0	5,0
13,96	1,02	4,5	6,0	5,0
13,99	1,01	4,5	6,0	5,0
14,01	1,00	4,5	6,0	5,0
14,04	0,99	4,5	6,0	5,0
14,06	0,99	4,5	6,0	5,0
14,09	0,97	4,5	6,0	5,0
14,11	0,96	4,5	6,0	5,0
14,13	0,95	4,5	6,0	5,0
14,16	0,94	4,5	6,0	5,0
14,18	0,94	4,5	6,0	5,0
14,21	0,93	4,5	6,0	5,0
14,23	0,92	4,5	6,0	5,0
14,26	0,91	4,5	6,0	5,0
14,28	0,89	4,5	6,0	5,0
14,31	0,88	4,5	6,0	5,0
14,33	0,87	4,5	6,0	5,0
14,35	0,85	4,5	6,0	5,0
14,38	0,84	4,5	6,0	5,0
14,40	0,83	4,5	6,0	5,0
14,43	0,82	4,5	6,0	5,0
14,45	0,81	4,5	6,0	5,0
14,48	0,80	4,5	6,0	5,0
14,50	0,79	4,5	6,0	5,0
14,52	0,77	4,5	6,0	5,0
14,55	0,76	4,5	6,0	5,0
14,57	0,76	4,5	6,0	5,0
14,60	0,75	4,5	6,0	5,0
14,62	0,73	4,5	6,0	5,0
14,65	0,72	4,5	6,0	5,0
14,67	0,71	4,5	6,0	5,0
14,70	0,69	4,5	6,0	5,0
14,72	0,68	4,5	6,0	5,0
14,74	0,67	4,5	6,0	5,0
14,77	0,66	4,5	6,0	5,0
14,79	0,64	4,5	6,0	5,0
14,82	0,63	4,5	6,0	5,0
14,84	0,62	4,5	6,0	5,0
14,87	0,61	4,5	6,0	5,0
14,89	0,59	4,5	6,0	5,0
14,92	0,58	4,5	6,0	5,0
14,94	0,57	4,5	6,0	5,0
14,96	0,55	4,5	6,0	5,0
14,99	0,54	4,5	6,0	5,0
15,01	0,53	4,5	6,0	5,0
15,04	0,52	4,5	6,0	5,0
15,06	0,51	4,5	6,0	5,0
15,09	0,49	4,5	6,0	5,0
15,11	0,48	4,5	6,0	5,0
15,14	0,46	4,5	6,0	5,0
15,16	0,45	4,5	6,0	5,0
15,18	0,44	4,5	6,0	5,0
15,21	0,42	4,5	6,0	5,0
15,23	0,41	4,5	6,0	5,0
15,26	0,40	4,5	6,0	5,0
15,28	0,38	4,5	6,0	5,0
15,31	0,38	4,5	6,0	5,0
15,33	0,37	4,5	6,0	5,0
15,36	0,36	4,5	6,0	5,0
15,38	0,35	4,5	6,0	5,0
15,40	0,33	4,5	6,0	5,0
15,43	0,32	4,5	6,0	5,0
15,45	0,32	4,5	6,0	5,0
15,48	0,31	4,5	6,0	5,0
15,50	0,30	4,5	6,0	5,0
15,53	0,29	4,5	6,0	5,0
15,55	0,28	4,5	6,0	5,0
15,57	0,27	4,5	6,0	5,0
15,60	0,26	4,5	6,0	5,0
15,62	0,26	4,5	6,0	5,0
15,65	0,25	4,5	6,0	5,0
15,67	0,23	4,5	6,0	5,0
15,70	0,23	4,5	6,0	5,0
15,72	0,22	4,5	6,0	5,0
15,75	0,22	4,5	6,0	5,0
15,77	0,22	4,5	6,0	5,0
15,79	0,22	4,5	6,0	5,0
15,82	0,21	4,5	6,0	5,0
15,84	0,20	4,5	6,0	5,0
15,87	0,20	4,5	6,0	5,0
15,89	0,20	4,5	6,0	5,0
15,92	0,19	4,5	6,0	5,0
15,94	0,19	4,5	6,0	5,0
15,97	0,17	4,5	6,0	5,0
15,99	0,17	4,5	6,0	5,0
16,01	0,17	4,5	6,0	5,0
16,04	0,17	4,5	6,0	5,0
16,06	0,16	4,5	6,0	5,0
16,09	0,15	4,5	6,0	5,0
16,11	0,15	4,5	6,0	5,0
16,14	0,15	4,5	6,0	5,0
16,16	0,14	4,5	6,0	5,0
16,19	0,15	4,5	6,0	5,0
16,21	0,15	4,5	6,0	5,0
16,23	0,13	4,5	6,0	5,0
16,26	0,13	4,5	6,0	5,0
16,28	0,13	4,5	6,0	5,0
16,31	0,13	4,5	6,0	5,0
16,33	0,13	4,5	6,0	5,0
16,36	0,12	4,5	6,0	5,0
16,38	0,12	4,5	6,0	5,0
16,41	0,10	4,5	6,0	5,0
16,43	0,10	4,5	6,0	5,0
16,45	0,10	4,5	6,0	5,0
16,48	0,10	4,5	6,0	5,0
16,50	0,10	4,5	6,0	5,0
16,53	0,09	4,5	6,0	5,0
16,55	0,09	4,5	6,0	5,0
16,58	0,09	4,5	6,0	5,0
16,60	0,08	4,5	6,0	5,0
16,63	0,08	4,5	6,0	5,0
16,65	0,08	4,5	6,0	5,0
16,67	0,08	4,5	6,0	5,0
16,70	0,07	4,5	6,0	5,0
16,72	0,07	4,5	6,0	5,0
16,75	0,07	4,5	6,0	5,0
16,77	0,07	4,5	6,0	5,0
16,80	0,07	4,5	6,0	5,0
16,82	0,07	4,5	6,0	5,0
16,84	0,07	4,5	6,0	5,0
16,87	0,06	4,5	6,0	5,0
16,89	0,06	4,5	6,0	5,0
16,92	0,07	4,5	6,0	5,0
16,94	0,07	4,5	6,0	5,0
16,97	0,07	4,5	6,0	5,0
16,99	0,07	4,5	6,0	5,0
17,02	0,07	4,5	6,0	5,0
17,04	0,07	4,5	6,0	5,0
17,06	0,07	4,5	6,0	5,0
17,09	0,07	4,5	6,0	5,0
17,11	0,07	4,5	6,0	5,0
17,14	0,07	4,5	6,0	5,0
17,16	0,07	4,5	6,0	5,0
17,19	0,09	4,5	6,0	5,0
17,21	0,09	4,5	6,0	5,0
17,24	0,09	4,5	6,0	5,0
17,26	0,09	4,5	6,0	5,0
17,28	0,09	4,5	6,0	5,0
17,31	0,09	4,5	6,0	5,0
17,33	0,09	4,5	6,0	5,0
17,36	0,10	4,5	6,0	5,0
17,38	0,10	4,5	6,0	5,0
17,41	0,10	4,5	6,0	5,0
17,43	0,10	4,5	6,0	5,0
17,46	0,11	4,5	6,0	5,0
17,48	0,11	4,5	6,0	5,0
17,50	0,11	4,5	6,0	5,0
17,53	0,12	4,5	6,0	5,0
17,55	0,12	4,5	6,0	5,0
17,58	0,12	4,5	6,0	5,0
17,60	0,12	4,5	6,0	5,0
17,63	0,13	4,5	6,0	5,0
17,65	0,14	4,5	6,0	5,0
17,68	0,14	4,5	6,0	5,0
17,70	0,15	4,5	6,0	5,0
17,72	0,16	4,5	6,0	5,0
17,75	0,16	4,5	6,0	5,0
17,77	0,18	4,5	6,0	5,0
17,80	0,18	4,5	6,0	5,0
17,82	0,19	4,5	6,0	5,0
17,85	0,19	4,5	6,0	5,0
17,87	0,21	4,5	6,0	5,0
17,89	0,22	4,5	6,0	5,0
17,92	0,24	4,5	6,0	5,0
17,94	0,25	4,5	6,0	5,0
17,97	0,26	4,5	6,0	5,0
17,99	0,28	4,5	6,0	5,0
18,02	0,29	4,5	6,0	5,0
18,04	0,31	4,5	6,0	5,0
18,07	0,33	4,5	6,0	5,0
18,09	0,34	4,5	6,0	5,0
18,11	0,36	4,5	6,0	5,0
18,14	0,38	4,5	6,0	5,0
18,16	0,40	4,5	6,0	5,0
18,19	0,42	4,5	6,0	5,0
18,21	0,44	4,5	6,0	5,0
18,24	0,46	4,5	6,0	5,0
18,26	0,47	4,5	6,0	5,0
18,29	0,49	4,5	6,0	5,0
18,31	0,52	4,5	6,0	5,0
18,33	0,54	4,5	6,0	5,0
18,36	0,56	4,5	6,0	5,0
18,38	0,57	4,5	6,0	5,0
18,41	0,60	4,5	6,0	5,0
18,43	0,60	4,5	6,0	5,0
18,46	0,63	4,5	6,0	5,0
18,48	0,66	4,5	6,0	5,0
18,51	0,68	4,5	6,0	5,0
18,53	0,69	4,5	6,0	5,0
18,55	0,71	4,5	6,0	5,0
18,58	0,73	4,5	6,0	5,0
18,60	0,75	4,5	6,0	5,0
18,63	0,77	4,5	6,0	5,0
18,65	0,80	4,5	6,0	5,0
18,68	0,82	4,5	6,0	5,0
18,70	0,83	4,5	6,0	5,0
18,73	0,84	4,5	6,0	5,0
18,75	0,88	4,5	6,0	5,0
18,77	0,89	4,5	6,0	5,0
18,80	0,91	4,5	6,0	5,0
18,82	0,93	4,5	6,0	5,0
18,85	0,94	4,5	6,0	5,0
18,87	0,96	4,5	6,0	5,0
18,90	0,97	4,5	6,0	5,0
18,92	1,00	4,5	6,0	5,0
18,94	1,01	4,5	6,0	5,0
18,97	1,02	4,5	6,0	5,0
18,99	1,05	4,5	6,0	5,0
19,02	1,07	4,5	6,0	5,0
19,04	1,10	4,5	6,0	5,0
19,07	1,12	4,5	6,0	5,0
19,09	1,14	4,5	6,0	5,0
19,12	1,15	4,5	6,0	5,0
19,14	1,17	4,5	6,0	5,0
19,16	1,19	4,5	6,0	5,0
19,19	1,21	4,5	6,0	5,0
19,21	1,23	4,5	6,0	5,0
19,24	1,24	4,5	6,0	5,0
19,26	1,25	4,5	6,0	5,0
19,29	1,27	4,5	6,0	5,0
19,31	1,28	4,5	6,0	5,0
19,34	1,31	4,5	6,0	5,0
19,36	1,32	4,5	6,0	5,0
19,38	1,34	4,5	6,0	5,0
19,41	1,36	4,5	6,0	5,0
19,43	1,38	4,5	6,0	5,0
19,46	1,40	4,5	6,0	5,0
19,48	1,43	4,5	6,0	5,0
19,51	1,45	4,5	6,0	5,0
19,53	1,46	4,5	6,0	5,0
19,56	1,48	4,5	6,0	5,0
19,58	1,49	4,5	6,0	5,0
19,60	1,51	4,5	6,0	5,0
19,63	1,53	4,5	6,0	5,0
19,65	1,54	4,5	6,0	5,0
19,68	1,56	4,5	6,0	5,0
19,70	1,57	4,5	6,0	5,0
19,73	1,59	4,5	6,0	5,0
19,75	1,60	4,5	6,0	5,0
19,78	1,63	4,5	6,0	5,0
19,80	1,65	4,5	6,0	5,0
19,82	1,66	4,5	6,0	5,0
19,85	1,68	4,5	6,0	5,0
19,87	1,71	4,5	6,0	5,0
19,90	1,73	4,5	6,0	5,0
19,92	1,75	4,5	6,0	5,0
19,95	1,76	4,5	6,0	5,0
19,97	1,78	4,5	6,0	5,0
19,99	1,78	4,5	6,0	5,0
20,02	1,80	4,5	6,0	5,0
20,04	1,83	4,5	6,0	5,0
20,07	1,84	4,5	6,0	5,0
20,09	1,86	4,5	6,0	5,0
20,12	1,87	4,5	6,0	5,0
20,14	1,89	4,5	6,0	5,0
20,17	1,91	4,5	6,0	5,0
20,19	1,93	4,5	6,0	5,0
20,21	1,95	4,5	6,0	5,0
20,24	1,97	4,5	6,0	5,0
20,26	1,98	4,5	6,0	5,0
20,29	2,00	4,5	6,0	5,0
20,31	2,02	4,5	6,0	5,0
20,34	2,04	4,5	6,0	5,0
20,36	2,06	4,5	6,0	5,0
20,39	2,07	4,5	6,0	5,0
20,41	2,08	4,5	6,0	5,0
20,43	2,09	4,5	6,0	5,0
20,46	2,11	4,5	6,0	5,0
20,48	2,14	4,5	6,0	5,0
20,51	2,15	4,5	6,0	5,0
20,53	2,16	4,5	6,0	5,0
20,56	2,18	4,5	6,0	5,0
20,58	2,19	4,5	6,0	5,0
20,61	2,21	4,5	6,0	5,0
20,63	2,22	4,5	6,0	5,0
20,65	2,24	4,5	6,0	5,0
20,68	2,25	4,5	6,0	5,0
20,70	2,27	4,5	6,0	5,0
20,73	2,29	4,5	6,0	5,0
20,75	2,30	4,5	6,0	5,0
20,78	2,32	4,5	6,0	5,0
20,80	2,33	4,5	6,0	5,0
20,83	2,35	4,5	6,0	5,0
20,85	2,35	4,5	6,0	5,0
20,87	2,37	4,5	6,0	5,0
20,90	2,39	4,5	6,0	5,0
20,92	2,41	4,5	6,0	5,0
20,95	2,42	4,5	6,0	5,0
20,97	2,44	4,5	6,0	5,0
21,00	2,45	4,5	6,0	5,0
21,02	2,47	4,5	6,0	5,0
21,05	2,48	4,5	6,0	5,0
21,07	2,50	4,5	6,0	5,0
21,09	2,51	4,5	6,0	5,0
21,12	2,53	4,5	6,0	5,0
21,14	2,54	4,5	6,0	5,0
21,17	2,56	4,5	6,0	5,0
21,19	2,57	4,5	6,0	5,0
21,22	2,59	4,5	6,0	5,0
21,24	2,60	4,5	6,0	5,0
21,26	2,62	4,5	6,0	5,0
21,29	2,63	4,5	6,0	5,0
21,31	2,64	4,5	6,0	5,0
21,34	2,66	4,5	6,0	5,0
21,36	2,67	4,5	6,0	5,0
21,39	2,68	4,5	6,0	5,0
21,41	2,69	4,5	6,0	5,0
21,44	2,71	4,5	6,0	5,0
21,46	2,73	4,5	6,0	5,0
21,48	2,74	4,5	6,0	5,0
21,51	2,76	4,5	6,0	5,0
21,53	2,78	4,5	6,0	5,0
21,56	2,78	4,5	6,0	5,0
21,58	2,80	4,5	6,0	5,0
21,61	2,82	4,5	6,0	5,0
21,63	2,83	4,5	6,0	5,0
21,66	2,84	4,5	6,0	5,0
21,68	2,85	4,5	6,0	5,0
21,70	2,86	4,5	6,0	5,0
21,73	2,85	4,5	6,0	5,0
21,75	2,87	4,5	6,0	5,0
21,78	2,89	4,5	6,0	5,0
21,80	2,90	4,5	6,0	5,0
21,83	2,91	4,5	6,0	5,0
21,85	2,92	4,5	6,0	5,0
21,88	2,93	4,5	6,0	5,0
21,90	2,96	4,5	6,0	5,0
21,92	2,97	4,5	6,0	5,0
21,95	2,99	4,5	6,0	5,0
21,97	2,99	4,5	6,0	5,0
22,00	3,00	4,5	6,0	5,0
22,02	3,02	4,5	6,0	5,0
22,05	3,04	4,5	6,0	5,0
22,07	3,04	4,5	6,0	5,0
22,10	3,05	4,5	6,0	5,0
22,12	3,06	4,5	6,0	5,0
22,14	3,06	4,5	6,0	5,0
22,17	3,08	4,5	6,0	5,0
22,19	3,09	4,5	6,0	5,0
22,22	3,10	4,5	6,0	5,0
22,24	3,11	4,5	6,0	5,0
22,27	3,12	4,5	6,0	5,0
22,29	3,14	4,5	6,0	5,0
22,31	3,15	4,5	6,0	5,0
22,34	3,17	4,5	6,0	5,0
22,36	3,18	4,5	6,0	5,0
22,39	3,20	4,5	6,0	5,0
22,41	3,20	4,5	6,0	5,0
22,44	3,21	4,5	6,0	5,0
22,46	3,23	4,5	6,0	5,0
22,49	3,24	4,5	6,0	5,0
22,51	3,24	4,5	6,0	5,0
22,53	3,25	4,5	6,0	5,0
22,56	3,25	4,5	6,0	5,0
22,58	3,26	4,5	6,0	5,0
22,61	3,27	4,5	6,0	5,0
22,63	3,29	4,5	6,0	5,0
22,66	3,29	4,5	6,0	5,0
22,68	3,30	4,5	6,0	5,0
22,71	3,32	4,5	6,0	5,0
22,73	3,33	4,5	6,0	5,0
22,75	3,34	4,5	6,0	5,0
22,78	3,36	4,5	6,0	5,0
22,80	3,37	4,5	6,0	5,0
22,83	3,37	4,5	6,0	5,0
22,85	3,37	4,5	6,0	5,0
22,88	3,38	4,5	6,0	5,0
22,90	3,40	4,5	6,0	5,0
22,93	3,41	4,5	6,0	5,0
22,95	3,41	4,5	6,0	5,0
22,97	3,42	4,5	6,0	5,0
23,00	3,42	4,5	6,0	5,0
23,02	3,43	4,5	6,0	5,0
23,05	3,44	4,5	6,0	5,0
23,07	3,46	4,5	6,0	5,0
23,10	3,46	4,5	6,0	5,0
23,12	3,47	4,5	6,0	5,0
23,15	3,48	4,5	6,0	5,0
23,17	3,50	4,5	6,0	5,0
23,19	3,51	4,5	6,0	5,0
23,22	3,52	4,5	6,0	5,0
23,24	3,53	4,5	6,0	5,0
23,27	3,54	4,5	6,0	5,0
23,29	3,54	4,5	6,0	5,0
23,32	3,55	4,5	6,0	5,0
23,34	3,57	4,5	6,0	5,0
23,36	3,58	4,5	6,0	5,0
23,39	3,58	4,5	6,0	5,0
23,41	3,58	4,5	6,0	5,0
23,44	3,60	4,5	6,0	5,0
23,46	3,61	4,5	6,0	5,0
23,49	3,62	4,5	6,0	5,0
23,51	3,63	4,5	6,0	5,0
23,54	3,63	4,5	6,0	5,0
23,56	3,64	4,5	6,0	5,0
23,58	3,66	4,5	6,0	5,0
23,61	3,67	4,5	6,0	5,0
23,63	3,68	4,5	6,0	5,0
23,66	3,69	4,5	6,0	5,0
23,68	3,70	4,5	6,0	5,0
23,71	3,70	4,5	6,0	5,0
23,73	3,71	4,5	6,0	5,0
23,76	3,72	4,5	6,0	5,0
23,78	3,74	4,5	6,0	5,0
23,80	3,74	4,5	6,0	5,0
23,83	3,74	4,5	6,0	5,0
23,85	3,75	4,5	6,0	5,0
23,88	3,76	4,5	6,0	5,0
23,90	3,77	4,5	6,0	5,0
23,93	3,78	4,5	6,0	5,0
23,95	3,79	4,5	6,0	5,0
23,98	3,79	4,5	6,0	5,0
24,00	3,80	4,5	6,0	5,0
24,02	3,81	4,5	6,0	5,0
24,05	3,82	4,5	6,0	5,0
24,07	3,83	4,5	6,0	5,0
24,10	3,83	4,5	6,0	5,0
24,12	3,82	4,5	6,0	5,0
24,15	3,83	4,5	6,0	5,0
24,17	3,84	4,5	6,0	5,0
24,20	3,85	4,5	6,0	5,0
24,22	3,86	4,5	6,0	5,0
24,24	3,86	4,5	6,0	5,0
24,27	3,87	4,5	6,0	5,0
24,29	3,87	4,5	6,0	5,0
24,32	3,88	4,5	6,0	5,0
24,34	3,90	4,5	6,0	5,0
24,37	3,90	4,5	6,0	5,0
24,39	3,90	4,5	6,0	5,0
24,42	3,91	4,5	6,0	5,0
24,44	3,92	4,5	6,0	5,0
24,46	3,93	4,5	6,0	5,0
24,49	3,94	4,5	6,0	5,0
24,51	3,95	4,5	6,0	5,0
24,54	3,94	4,5	6,0	5,0
24,56	3,95	4,5	6,0	5,0
24,59	3,95	4,5	6,0	5,0
24,61	3,96	4,5	6,0	5,0
24,63	3,98	4,5	6,0	5,0
24,66	3,98	4,5	6,0	5,0
24,68	3,98	4,5	6,0	5,0
24,71	3,99	4,5	6,0	5,0
24,73	4,01	4,5	6,0	5,0
24,76	4,01	4,5	6,0	5,0
24,78	4,02	4,5	6,0	5,0
24,81	4,02	4,5	6,0	5,0
24,83	4,02	4,5	6,0	5,0
24,85	4,02	4,5	6,0	5,0
24,88	4,04	4,5	6,0	5,0
24,90	4,05	4,5	6,0	5,0
24,93	4,05	4,5	6,0	5,0
24,95	4,05	4,5	6,0	5,0
24,98	4,06	4,5	6,0	5,0
25,00	4,06	4,5	6,0	5,0
25,03	4,07	4,5	6,0	5,0
25,05	4,08	4,5	6,0	5,0
25,07	4,09	4,5	6,0	5,0
25,10	4,09	4,5	6,0	5,0
25,12	4,09	4,5	6,0	5,0
25,15	4,11	4,5	6,0	5,0
25,17	4,11	4,5	6,0	5,0
25,20	4,12	4,5	6,0	5,0
25,22	4,12	4,5	6,0	5,0
25,25	4,13	4,5	6,0	5,0
25,27	4,12	4,5	6,0	5,0
25,29	4,13	4,5	6,0	5,0
25,32	4,14	4,5	6,0	5,0
25,34	4,15	4,5	6,0	5,0
25,37	4,15	4,5	6,0	5,0
25,39	4,15	4,5	6,0	5,0
25,42	4,16	4,5	6,0	5,0
25,44	4,17	4,5	6,0	5,0
25,47	4,17	4,5	6,0	5,0
25,49	4,18	4,5	6,0	5,0
25,51	4,19	4,5	6,0	5,0
25,54	4,19	4,5	6,0	5,0
25,56	4,20	4,5	6,0	5,0
25,59	4,21	4,5	6,0	5,0
25,61	4,21	4,5	6,0	5,0
25,64	4,22	4,5	6,0	5,0
25,66	4,21	4,5	6,0	5,0
25,68	4,21	4,5	6,0	5,0
25,71	4,21	4,5	6,0	5,0
25,73	4,22	4,5	6,0	5,0
25,76	4,23	4,5	6,0	5,0
25,78	4,23	4,5	6,0	5,0
25,81	4,23	4,5	6,0	5,0
25,83	4,24	4,5	6,0	5,0
25,86	4,23	4,5	6,0	5,0
25,88	4,25	4,5	6,0	5,0
25,90	4,24	4,5	6,0	5,0
25,93	4,26	4,5	6,0	5,0
25,95	4,26	4,5	6,0	5,0
25,98	4,26	4,5	6,0	5,0
26,00	4,26	4,5	6,0	5,0
26,03	4,27	4,5	6,0	5,0
26,05	4,28	4,5	6,0	5,0
26,08	4,28	4,5	6,0	5,0
26,10	4,27	4,5	6,0	5,0
26,12	4,27	4,5	6,0	5,0
26,15	4,27	4,5	6,0	5,0
26,17	4,27	4,5	6,0	5,0
26,20	4,28	4,5	6,0	5,0
26,22	4,28	4,5	6,0	5,0
26,25	4,28	4,5	6,0	5,0
26,27	4,29	4,5	6,0	5,0
26,30	4,29	4,5	6,0	5,0
26,32	4,29	4,5	6,0	5,0
26,34	4,30	4,5	6,0	5,0
26,37	4,31	4,5	6,0	5,0
26,39	4,30	4,5	6,0	5,0
26,42	4,30	4,5	6,0	5,0
26,44	4,31	4,5	6,0	5,0
26,47	4,32	4,5	6,0	5,0
26,49	4,31	4,5	6,0	5,0
26,52	4,32	4,5	6,0	5,0
26,54	4,32	4,5	6,0	5,0
26,56	4,32	4,5	6,0	5,0
26,59	4,32	4,5	6,0	5,0
26,61	4,34	4,5	6,0	5,0
26,64	4,34	4,5	6,0	5,0
26,66	4,34	4,5	6,0	5,0
26,69	4,34	4,5	6,0	5,0
26,71	4,35	4,5	6,0	5,0
26,73	4,35	4,5	6,0	5,0
26,76	4,36	4,5	6,0	5,0
26,78	4,36	4,5	6,0	5,0
26,81	4,37	4,5	6,0	5,0
26,83	4,37	4,5	6,0	5,0
26,86	4,36	4,5	6,0	5,0
26,88	4,37	4,5	6,0	5,0
26,91	4,38	4,5	6,0	5,0
26,93	4,38	4,5	6,0	5,0
26,95	4,37	4,5	6,0	5,0
26,98	4,37	4,5	6,0	5,0
27,00	4,37	4,5	6,0	5,0
27,03	4,37	4,5	6,0	5,0
27,05	4,38	4,5	6,0	5,0
27,08	4,38	4,5	6,0	5,0
27,10	4,38	4,5	6,0	5,0
27,13	4,38	4,5	6,0	5,0
27,15	4,38	4,5	6,0	5,0
27,17	4,38	4,5	6,0	5,0
27,20	4,39	4,5	6,0	5,0
27,22	4,38	4,5	6,0	5,0
27,25	4,39	4,5	6,0	5,0
27,27	4,39	4,5	6,0	5,0
27,30	4,39	4,5	6,0	5,0
27,32	4,40	4,5	6,0	5,0
27,35	4,40	4,5	6,0	5,0
27,37	4,39	4,5	6,0	5,0
27,39	4,39	4,5	6,0	5,0
27,42	4,38	4,5	6,0	5,0
27,44	4,39	4,5	6,0	5,0
27,47	4,39	4,5	6,0	5,0
27,49	4,40	4,5	6,0	5,0
27,52	4,40	4,5	6,0	5,0
27,54	4,40	4,5	6,0	5,0
27,57	4,40	4,5	6,0	5,0
27,59	4,41	4,5	6,0	5,0
27,61	4,42	4,5	6,0	5,0
27,64	4,42	4,5	6,0	5,0
27,66	4,43	4,5	6,0	5,0
27,69	4,42	4,5	6,0	5,0
27,71	4,42	4,5	6,0	5,0
27,74	4,43	4,5	6,0	5,0
27,76	4,43	4,5	6,0	5,0
27,78	4,43	4,5	6,0	5,0
27,81	4,43	4,5	6,0	5,0
27,83	4,43	4,5	6,0	5,0
27,86	4,42	4,5	6,0	5,0
27,88	4,42	4,5	6,0	5,0
27,91	4,43	4,5	6,0	5,0
27,93	4,44	4,5	6,0	5,0
27,96	4,43	4,5	6,0	5,0
27,98	4,43	4,5	6,0	5,0
28,00	4,44	4,5	6,0	5,0
28,03	4,45	4,5	6,0	5,0
28,05	4,44	4,5	6,0	5,0
28,08	4,44	4,5	6,0	5,0
28,10	4,44	4,5	6,0	5,0
28,13	4,43	4,5	6,0	5,0
28,15	4,43	4,5	6,0	5,0
28,18	4,44	4,5	6,0	5,0
28,20	4,44	4,5	6,0	5,0
28,22	4,43	4,5	6,0	5,0
28,25	4,43	4,5	6,0	5,0
28,27	4,43	4,5	6,0	5,0
28,30	4,43	4,5	6,0	5,0
28,32	4,42	4,5	6,0	5,0
28,35	4,44	4,5	6,0	5,0
28,37	4,44	4,5	6,0	5,0
28,40	4,43	4,5	6,0	5,0
28,42	4,43	4,5	6,0	5,0
28,44	4,44	4,5	6,0	5,0
28,47	4,44	4,5	6,0	5,0
28,49	4,44	4,5	6,0	5,0
28,52	4,43	4,5	6,0	5,0
28,54	4,43	4,5	6,0	5,0
28,57	4,42	4,5	6,0	5,0
28,59	4,42	4,5	6,0	5,0
28,62	4,43	4,5	6,0	5,0
28,64	4,42	4,5	6,0	5,0
28,66	4,42	4,5	6,0	5,0
28,69	4,42	4,5	6,0	5,0
28,71	4,42	4,5	6,0	5,0
28,74	4,43	4,5	6,0	5,0
28,76	4,43	4,5	6,0	5,0
28,79	4,44	4,5	6,0	5,0
28,81	4,45	4,5	6,0	5,0
28,84	4,44	4,5	6,0	5,0
28,86	4,44	4,5	6,0	5,0
28,88	4,45	4,5	6,0	5,0
28,91	4,45	4,5	6,0	5,0
28,93	4,45	4,5	6,0	5,0
28,96	4,43	4,5	6,0	5,0
28,98	4,43	4,5	6,0	5,0
29,01	4,42	4,5	6,0	5,0
29,03	4,42	4,5	6,0	5,0
29,05	4,43	4,5	6,0	5,0
29,08	4,43	4,5	6,0	5,0
29,10	4,42	4,5	6,0	5,0
29,13	4,43	4,5	6,0	5,0
29,15	4,42	4,5	6,0	5,0
29,18	4,43	4,5	6,0	5,0
29,20	4,43	4,5	6,0	5,0
29,23	4,44	4,5	6,0	5,0
29,25	4,44	4,5	6,0	5,0
29,27	4,43	4,5	6,0	5,0
29,30	4,43	4,5	6,0	5,0
29,32	4,44	4,5	6,0	5,0
29,35	4,43	4,5	6,0	5,0
29,37	4,43	4,5	6,0	5,0
29,40	4,42	4,5	6,0	5,0
29,42	4,41	4,5	6,0	5,0
29,45	4,42	4,5	6,0	5,0
29,47	4,42	4,5	6,0	5,0
29,49	4,42	4,5	6,0	5,0
29,52	4,42	4,5	6,0	5,0
29,54	4,41	4,5	6,0	5,0
29,57	4,42	4,5	6,0	5,0
29,59	4,42	4,5	6,0	5,0
29,62	4,42	4,5	6,0	5,0
29,64	4,42	4,5	6,0	5,0
29,67	4,42	4,5	6,0	5,0
29,69	4,42	4,5	6,0	5,0
29,71	4,42	4,5	6,0	5,0
29,74	4,42	4,5	6,0	5,0
29,76	4,43	4,5	6,0	5,0
29,79	4,41	4,5	6,0	5,0
29,81	4,41	4,5	6,0	5,0
29,84	4,39	4,5	6,0	5,0
29,86	4,40	4,5	6,0	5,0
29,89	4,40	4,5	6,0	5,0
29,91	4,40	4,5	6,0	5,0
29,93	4,41	4,5	6,0	5,0
29,96	4,39	4,5	6,0	5,0
29,98	4,39	4,5	6,0	5,0
30,01	4,39	4,5	6,0	5,0
30,03	4,39	4,5	6,0	5,0
30,06	4,39	4,5	6,0	5,0
30,08	4,38	4,5	6,0	5,0
30,10	4,37	4,5	6,0	5,0
30,13	4,36	4,5	6,0	5,0
30,15	4,35	4,5	6,0	5,0
30,18	4,35	4,5	6,0	5,0
30,20	4,34	4,5	6,0	5,0
30,23	4,33	4,5	6,0	5,0
30,25	4,32	4,5	6,0	5,0
30,28	4,30	4,5	6,0	5,0
30,30	4,29	4,5	6,0	5,0
30,32	4,28	4,5	6,0	5,0
30,35	4,28	4,5	6,0	5,0
30,37	4,26	4,5	6,0	5,0
30,40	4,24	4,5	6,0	5,0
30,42	4,22	4,5	6,0	5,0
30,45	4,22	4,5	6,0	5,0
30,47	4,20	4,5	6,0	5,0
30,50	4,18	4,5	6,0	5,0
30,52	4,16	4,5	6,0	5,0
30,54	4,14	4,5	6,0	5,0
30,57	4,11	4,5	6,0	5,0
30,59	4,09	4,5	6,0	5,0
30,62	4,07	4,5	6,0	5,0
30,64	4,05	4,5	6,0	5,0
30,67	4,01	4,5	6,0	5,0
30,69	3,99	4,5	6,0	5,0
30,72	3,96	4,5	6,0	5,0
30,74	3,93	4,5	6,0	5,0
30,76	3,90	4,5	6,0	5,0
30,79	3,88	4,5	6,0	5,0
30,81	3,85	4,5	6,0	5,0
30,84	3,81	4,5	6,0	5,0
30,86	3,79	4,5	6,0	5,0
30,89	3,76	4,5	6,0	5,0
30,91	3,73	4,5	6,0	5,0
30,94	3,70	4,5	6,0	5,0
30,96	3,67	4,5	6,0	5,0
30,98	3,63	4,5	6,0	5,0
31,01	3,60	4,5	6,0	5,0
31,03	3,58	4,5	6,0	5,0
31,06	3,54	4,5	6,0	5,0
31,08	3,51	4,5	6,0	5,0
31,11	3,47	4,5	6,0	5,0
31,13	3,44	4,5	6,0	5,0
31,15	3,40	4,5	6,0	5,0
31,18	3,37	4,5	6,0	5,0
31,20	3,34	4,5	6,0	5,0
31,23	3,31	4,5	6,0	5,0
31,25	3,27	4,5	6,0	5,0
31,28	3,24	4,5	6,0	5,0
31,30	3,21	4,5	6,0	5,0
31,33	3,19	4,5	6,0	5,0
31,35	3,15	4,5	6,0	5,0
31,37	3,12	4,5	6,0	5,0
31,40	3,09	4,5	6,0	5,0
31,42	3,05	4,5	6,0	5,0
31,45	3,02	4,5	6,0	5,0
31,47	2,99	4,5	6,0	5,0
31,50	2,96	4,5	6,0	5,0
31,52	2,91	4,5	6,0	5,0
31,55	2,88	4,5	6,0	5,0
31,57	2,84	4,5	6,0	5,0
31,59	2,82	4,5	6,0	5,0
31,62	2,79	4,5	6,0	5,0
31,64	2,76	4,5	6,0	5,0
31,67	2,73	4,5	6,0	5,0
31,69	2,69	4,5	6,0	5,0
31,72	2,66	4,5	6,0	5,0
31,74	2,63	4,5	6,0	5,0
31,77	2,60	4,5	6,0	5,0
31,79	2,58	4,5	6,0	5,0
31,81	2,54	4,5	6,0	5,0
31,84	2,51	4,5	6,0	5,0
31,86	2,47	4,5	6,0	5,0
31,89	2,44	4,5	6,0	5,0
31,91	2,42	4,5	6,0	5,0
31,94	2,38	4,5	6,0	5,0
31,96	2,35	4,5	6,0	5,0
31,99	2,31	4,5	6,0	5,0
32,01	2,28	4,5	6,0	5,0
32,03	2,26	4,5	6,0	5,0
32,06	2,22	4,5	6,0	5,0
32,08	2,20	4,5	6,0	5,0
32,11	2,17	4,5	6,0	5,0
32,13	2,13	4,5	6,0	5,0
32,16	2,10	4,5	6,0	5,0
32,18	2,07	4,5	6,0	5,0
32,20	2,04	4,5	6,0	5,0
32,23	2,02	4,5	6,0	5,0
32,25	1,97	4,5	6,0	5,0
32,28	1,94	4,5	6,0	5,0
32,30	1,91	4,5	6,0	5,0
32,33	1,88	4,5	6,0	5,0
32,35	1,86	4,5	6,0	5,0
32,38	1,82	4,5	6,0	5,0
32,40	1,78	4,5	6,0	5,0
32,42	1,76	4,5	6,0	5,0
32,45	1,72	4,5	6,0	5,0
32,47	1,70	4,5	6,0	5,0
32,50	1,67	4,5	6,0	5,0
32,52	1,64	4,5	6,0	5,0
32,55	1,60	4,5	6,0	5,0
32,57	1,57	4,5	6,0	5,0
32,60	1,55	4,5	6,0	5,0
32,62	1,52	4,5	6,0	5,0
32,64	1,49	4,5	6,0	5,0
32,67	1,46	4,5	6,0	5,0
32,69	1,42	4,5	6,0	5,0
32,72	1,39	4,5	6,0	5,0
32,74	1,36	4,5	6,0	5,0
32,77	1,34	4,5	6,0	5,0
32,79	1,31	4,5	6,0	5,0
32,82	1,27	4,5	6,0	5,0
32,84	1,24	4,5	6,0	5,0
32,86	1,22	4,5	6,0	5,0
32,89	1,19	4,5	6,0	5,0
32,91	1,18	4,5	6,0	5,0
32,94	1,15	4,5	6,0	5,0
32,96	1,12	4,5	6,0	5,0
32,99	1,08	4,5	6,0	5,0
33,01	1,06	4,5	6,0	5,0
33,04	1,04	4,5	6,0	5,0
33,06	1,02	4,5	6,0	5,0
33,08	0,98	4,5	6,0	5,0
33,11	0,95	4,5	6,0	5,0
33,13	0,92	4,5	6,0	5,0
33,16	0,90	4,5	6,0	5,0
33,18	0,88	4,5	6,0	5,0
33,21	0,86	4,5	6,0	5,0
33,23	0,84	4,5	6,0	5,0
33,26	0,80	4,5	6,0	5,0
33,28	0,78	4,5	6,0	5,0
33,30	0,76	4,5	6,0	5,0
33,33	0,74	4,5	6,0	5,0
33,35	0,72	4,5	6,0	5,0
33,38	0,70	4,5	6,0	5,0
33,40	0,68	4,5	6,0	5,0
33,43	0,65	4,5	6,0	5,0
33,45	0,63	4,5	6,0	5,0
33,47	0,62	4,5	6,0	5,0
33,50	0,59	4,5	6,0	5,0
33,52	0,56	4,5	6,0	5,0
33,55	0,54	4,5	6,0	5,0
33,57	0,52	4,5	6,0	5,0
33,60	0,51	4,5	6,0	5,0
33,62	0,49	4,5	6,0	5,0
33,65	0,48	4,5	6,0	5,0
33,67	0,46	4,5	6,0	5,0
33,69	0,44	4,5	6,0	5,0
33,72	0,42	4,5	6,0	5,0
33,74	0,42	4,5	6,0	5,0
33,77	0,40	4,5	6,0	5,0
33,79	0,38	4,5	6,0	5,0
33,82	0,37	4,5	6,0	5,0
33,84	0,35	4,5	6,0	5,0
33,87	0,33	4,5	6,0	5,0
33,89	0,32	4,5	6,0	5,0
33,91	0,31	4,5	6,0	5,0
33,94	0,29	4,5	6,0	5,0
33,96	0,28	4,5	6,0	5,0
33,99	0,26	4,5	6,0	5,0
34,01	0,25	4,5	6,0	5,0
34,04	0,24	4,5	6,0	5,0
34,06	0,24	4,5	6,0	5,0
34,09	0,23	4,5	6,0	5,0
34,11	0,21	4,5	6,0	5,0
34,13	0,20	4,5	6,0	5,0
34,16	0,20	4,5	6,0	5,0
34,18	0,19	4,5	6,0	5,0
34,21	0,18	4,5	6,0	5,0
34,23	0,18	4,5	6,0	5,0
34,26	0,17	4,5	6,0	5,0
34,28	0,16	4,5	6,0	5,0
34,31	0,16	4,5	6,0	5,0
34,33	0,16	4,5	6,0	5,0
34,35	0,15	4,5	6,0	5,0
34,38	0,14	4,5	6,0	5,0
34,40	0,14	4,5	6,0	5,0
34,43	0,14	4,5	6,0	5,0
34,45	0,14	4,5	6,0	5,0
34,48	0,14	4,5	6,0	5,0
34,50	0,15	4,5	6,0	5,0
34,52	0,15	4,5	6,0	5,0
34,55	0,15	4,5	6,0	5,0
34,57	0,15	4,5	6,0	5,0
34,60	0,16	4,5	6,0	5,0
34,62	0,16	4,5	6,0	5,0
34,65	0,17	4,5	6,0	5,0
34,67	0,17	4,5	6,0	5,0
34,70	0,18	4,5	6,0	5,0
34,72	0,18	4,5	6,0	5,0
34,74	0,18	4,5	6,0	5,0
34,77	0,20	4,5	6,0	5,0
34,79	0,22	4,5	6,0	5,0
34,82	0,21	4,5	6,0	5,0
34,84	0,22	4,5	6,0	5,0
34,87	0,22	4,5	6,0	5,0
34,89	0,24	4,5	6,0	5,0
34,92	0,25	4,5	6,0	5,0
34,94	0,27	4,5	6,0	5,0
34,96	0,29	4,5	6,0	5,0
34,99	0,29	4,5	6,0	5,0
35,01	0,30	4,5	6,0	5,0
35,04	0,33	4,5	6,0	5,0
35,06	0,34	4,5	6,0	5,0
35,09	0,36	4,5	6,0	5,0
35,11	0,37	4,5	6,0	5,0
35,14	0,38	4,5	6,0	5,0
35,16	0,39	4,5	6,0	5,0
35,18	0,41	4,5	6,0	5,0
35,21	0,43	4,5	6,0	5,0
35,23	0,45	4,5	6,0	5,0
35,26	0,47	4,5	6,0	5,0
35,28	0,47	4,5	6,0	5,0
35,31	0,49	4,5	6,0	5,0
35,33	0,52	4,5	6,0	5,0
35,36	0,54	4,5	6,0	5,0
35,38	0,57	4,5	6,0	5,0
35,40	0,58	4,5	6,0	5,0
35,43	0,60	4,5	6,0	5,0
35,45	0,62	4,5	6,0	5,0
35,48	0,65	4,5	6,0	5,0
35,50	0,66	4,5	6,0	5,0
35,53	0,68	4,5	6,0	5,0
35,55	0,69	4,5	6,0	5,0
35,57	0,71	4,5	6,0	5,0
35,60	0,72	4,5	6,0	5,0
35,62	0,75	4,5	6,0	5,0
35,65	0,77	4,5	6,0	5,0
35,67	0,78	4,5	6,0	5,0
35,70	0,79	4,5	6,0	5,0
35,72	0,82	4,5	6,0	5,0
35,75	0,84	4,5	6,0	5,0
35,77	0,87	4,5	6,0	5,0
35,79	0,89	4,5	6,0	5,0
35,82	0,91	4,5	6,0	5,0
35,84	0,93	4,5	6,0	5,0
35,87	0,94	4,5	6,0	5,0
35,89	0,97	4,5	6,0	5,0
35,92	0,99	4,5	6,0	5,0
35,94	1,00	4,5	6,0	5,0
35,97	1,02	4,5	6,0	5,0
35,99	1,03	4,5	6,0	5,0
36,01	1,05	4,5	6,0	5,0
36,04	1,07	4,5	6,0	5,0
36,06	1,10	4,5	6,0	5,0
36,09	1,12	4,5	6,0	5,0
36,11	1,13	4,5	6,0	5,0
36,14	1,16	4,5	6,0	5,0
36,16	1,18	4,5	6,0	5,0
36,19	1,21	4,5	6,0	5,0
36,21	1,24	4,5	6,0	5,0
36,23	1,26	4,5	6,0	5,0
36,26	1,29	4,5	6,0	5,0
36,28	1,31	4,5	6,0	5,0
36,31	1,33	4,5	6,0	5,0
36,33	1,36	4,5	6,0	5,0
36,36	1,39	4,5	6,0	5,0
36,38	1,40	4,5	6,0	5,0
36,41	1,43	4,5	6,0	5,0
36,43	1,45	4,5	6,0	5,0
36,45	1,48	4,5	6,0	5,0
36,48	1,51	4,5	6,0	5,0
36,50	1,54	4,5	6,0	5,0
36,53	1,58	4,5	6,0	5,0
36,55	1,59	4,5	6,0	5,0
36,58	1,62	4,5	6,0	5,0
36,60	1,66	4,5	6,0	5,0
36,62	1,69	4,5	6,0	5,0
36,65	1,72	4,5	6,0	5,0
36,67	1,75	4,5	6,0	5,0
36,70	1,78	4,5	6,0	5,0
36,72	1,80	4,5	6,0	5,0
36,75	1,83	4,5	6,0	5,0
36,77	1,87	4,5	6,0	5,0
36,80	1,90	4,5	6,0	5,0
36,82	1,92	4,5	6,0	5,0
36,84	1,95	4,5	6,0	5,0
36,87	1,99	4,5	6,0	5,0
36,89	2,02	4,5	6,0	5,0
36,92	2,06	4,5	6,0	5,0
36,94	2,10	4,5	6,0	5,0
36,97	2,12	4,5	6,0	5,0
36,99	2,15	4,5	6,0	5,0
37,02	2,18	4,5	6,0	5,0
37,04	2,22	4,5	6,0	5,0
37,06	2,25	4,5	6,0	5,0
37,09	2,28	4,5	6,0	5,0
37,11	2,31	4,5	6,0	5,0
37,14	2,34	4,5	6,0	5,0
37,16	2,38	4,5	6,0	5,0
37,19	2,41	4,5	6,0	5,0
37,21	2,45	4,5	6,0	5,0
37,24	2,47	4,5	6,0	5,0
37,26	2,50	4,5	6,0	5,0
37,28	2,53	4,5	6,0	5,0
37,31	2,56	4,5	6,0	5,0
37,33	2,60	4,5	6,0	5,0
37,36	2,64	4,5	6,0	5,0
37,38	2,67	4,5	6,0	5,0
37,41	2,70	4,5	6,0	5,0
37,43	2,73	4,5	6,0	5,0
37,46	2,77	4,5	6,0	5,0
37,48	2,79	4,5	6,0	5,0
37,50	2,83	4,5	6,0	5,0
37,53	2,86	4,5	6,0	5,0
37,55	2,90	4,5	6,0	5,0
37,58	2,92	4,5	6,0	5,0
37,60	2,95	4,5	6,0	5,0
37,63	3,00	4,5	6,0	5,0
37,65	3,02	4,5	6,0	5,0
37,68	3,05	4,5	6,0	5,0
37,70	3,08	4,5	6,0	5,0
37,72	3,11	4,5	6,0	5,0
37,75	3,15	4,5	6,0	5,0
37,77	3,18	4,5	6,0	5,0
37,80	3,23	4,5	6,0	5,0
37,82	3,26	4,5	6,0	5,0
37,85	3,29	4,5	6,0	5,0
37,87	3,32	4,5	6,0	5,0
37,89	3,36	4,5	6,0	5,0
37,92	3,40	4,5	6,0	5,0
37,94	3,43	4,5	6,0	5,0
37,97	3,46	4,5	6,0	5,0
37,99	3,49	4,5	6,0	5,0
38,02	3,52	4,5	6,0	5,0
38,04	3,55	4,5	6,0	5,0
38,07	3,59	4,5	6,0	5,0
38,09	3,63	4,5	6,0	5,0
38,11	3,65	4,5	6,0	5,0
38,14	3,68	4,5	6,0	5,0
38,16	3,71	4,5	6,0	5,0
38,19	3,76	4,5	6,0	5,0
38,21	3,79	4,5	6,0	5,0
38,24	3,83	4,5	6,0	5,0
38,26	3,87	4,5	6,0	5,0
38,29	3,89	4,5	6,0	5,0
38,31	3,92	4,5	6,0	5,0
38,33	3,97	4,5	6,0	5,0
38,36	4,00	4,5	6,0	5,0
38,38	4,03	4,5	6,0	5,0
38,41	4,05	4,5	6,0	5,0
38,43	4,09	4,5	6,0	5,0
38,46	4,12	4,5	6,0	5,0
38,48	4,16	4,5	6,0	5,0
38,51	4,19	4,5	6,0	5,0
38,53	4,22	4,5	6,0	5,0
38,55	4,25	4,5	6,0	5,0
38,58	4,28	4,5	6,0	5,0
38,60	4,32	4,5	6,0	5,0
38,63	4,36	4,5	6,0	5,0
38,65	4,40	4,5	6,0	5,0
38,68	4,44	4,5	6,0	5,0
38,70	4,47	4,5	6,0	5,0
38,73	4,50	4,5	6,0	5,0
38,75	4,54	4,5	6,0	5,0
38,77	4,58	4,5	6,0	5,0
38,80	4,60	4,5	6,0	5,0
38,82	4,64	4,5	6,0	5,0
38,85	4,66	4,5	6,0	5,0
38,87	4,70	4,5	6,0	5,0
38,90	4,73	4,5	6,0	5,0
38,92	4,77	4,5	6,0	5,0
38,94	4,80	4,5	6,0	5,0
38,97	4,83	4,5	6,0	5,0
38,99	4,86	4,5	6,0	5,0
39,02	4,90	4,5	6,0	5,0
39,04	4,93	4,5	6,0	5,0
39,07	4,98	4,5	6,0	5,0
39,09	5,01	4,5	6,0	5,0
39,12	5,05	4,5	6,0	5,0
39,14	5,08	4,5	6,0	5,0
39,16	5,11	4,5	6,0	5,0
39,19	5,15	4,5	6,0	5,0
39,21	5,18	4,5	6,0	5,0
39,24	5,21	4,5	6,0	5,0
39,26	5,23	4,5	6,0	5,0
39,29	5,26	4,5	6,0	5,0
39,31	5,29	4,5	6,0	5,0
39,34	5,32	4,5	6,0	5,0
39,36	5,37	4,5	6,0	5,0
39,38	5,39	4,5	6,0	5,0
39,41	5,42	4,5	6,0	5,0
39,43	5,45	4,5	6,0	5,0
39,46	5,49	4,5	6,0	5,0
39,48	5,53	4,5	6,0	5,0
39,51	5,57	4,5	6,0	5,0
39,53	5,60	4,5	6,0	5,0
39,56	5,63	4,5	6,0	5,0
39,58	5,65	4,5	6,0	5,0
39,60	5,69	4,5	6,0	5,0
39,63	5,73	4,5	6,0	5,0
39,65	5,76	4,5	6,0	5,0
39,68	5,78	4,5	6,0	5,0
39,70	5,81	4,5	6,0	5,0
39,73	5,84	4,5	6,0	5,0
39,75	5,87	4,5	6,0	5,0
39,78	5,90	4,5	6,0	5,0
39,80	5,94	4,5	6,0	5,0
39,82	5,98	4,5	6,0	5,0
39,85	6,00	4,5	6,0	5,0
39,87	6,04	4,5	6,0	5,0
39,90	6,07	4,5	6,0	5,0
39,92	6,10	4,5	6,0	5,0
39,95	6,14	4,5	6,0	5,0
39,97	6,17	4,5	6,0	5,0
39,99	6,20	4,5	6,0	5,0
40,02	6,22	4,5	6,0	5,0
40,04	6,26	4,5	6,0	5,0
40,07	6,29	4,5	6,0	5,0
40,09	6,32	4,5	6,0	5,0
40,12	6,34	4,5	6,0	5,0
40,14	6,37	4,5	6,0	5,0
40,17	6,41	4,5	6,0	5,0
40,19	6,44	4,5	6,0	5,0
40,21	6,48	4,5	6,0	5,0
40,24	6,51	4,5	6,0	5,0
40,26	6,53	4,5	6,0	5,0
40,29	6,56	4,5	6,0	5,0
40,31	6,59	4,5	6,0	5,0
40,34	6,63	4,5	6,0	5,0
40,36	6,66	4,5	6,0	5,0
40,39	6,68	4,5	6,0	5,0
40,41	6,71	4,5	6,0	5,0
40,43	6,74	4,5	6,0	5,0
40,46	6,77	4,5	6,0	5,0
40,48	6,80	4,5	6,0	5,0
40,51	6,83	4,5	6,0	5,0
40,53	6,86	4,5	6,0	5,0
40,56	6,89	4,5	6,0	5,0
40,58	6,92	4,5	6,0	5,0
40,61	6,95	4,5	6,0	5,0
40,63	6,98	4,5	6,0	5,0
40,65	7,01	4,5	6,0	5,0
40,68	7,04	4,5	6,0	5,0
40,70	7,07	4,5	6,0	5,0
40,73	7,09	4,5	6,0	5,0
40,75	7,13	4,5	6,0	5,0
40,78	7,15	4,5	6,0	5,0
40,80	7,19	4,5	6,0	5,0
40,83	7,21	4,5	6,0	5,0
40,85	7,24	4,5	6,0	5,0
40,87	7,26	4,5	6,0	5,0
40,90	7,29	4,5	6,0	5,0
40,92	7,33	4,5	6,0	5,0
40,95	7,35	4,5	6,0	5,0
40,97	7,37	4,5	6,0	5,0
41,00	7,40	4,5	6,0	5,0
41,02	7,43	4,5	6,0	5,0
41,05	7,46	4,5	6,0	5,0
41,07	7,49	4,5	6,0	5,0
41,09	7,52	4,5	6,0	5,0
41,12	7,55	4,5	6,0	5,0
41,14	7,57	4,5	6,0	5,0
41,17	7,60	4,5	6,0	5,0
41,19	7,63	4,5	6,0	5,0
41,22	7,65	4,5	6,0	5,0
41,24	7,68	4,5	6,0	5,0
41,26	7,71	4,5	6,0	5,0
41,29	7,74	4,5	6,0	5,0
41,31	7,75	4,5	6,0	5,0
41,34	7,79	4,5	6,0	5,0
41,36	7,82	4,5	6,0	5,0
41,39	7,84	4,5	6,0	5,0
41,41	7,85	4,5	6,0	5,0
41,44	7,89	4,5	6,0	5,0
41,46	7,91	4,5	6,0	5,0
41,48	7,94	4,5	6,0	5,0
41,51	7,97	4,5	6,0	5,0
41,53	8,00	4,5	6,0	5,0
41,56	8,02	4,5	6,0	5,0
41,58	8,04	4,5	6,0	5,0
41,61	8,07	4,5	6,0	5,0
41,63	8,10	4,5	6,0	5,0
41,66	8,12	4,5	6,0	5,0
41,68	8,15	4,5	6,0	5,0
41,70	8,16	4,5	6,0	5,0
41,73	8,19	4,5	6,0	5,0
41,75	8,21	4,5	6,0	5,0
41,78	8,25	4,5	6,0	5,0
41,80	8,28	4,5	6,0	5,0
41,83	8,29	4,5	6,0	5,0
41,85	8,32	4,5	6,0	5,0
41,88	8,34	4,5	6,0	5,0
41,90	8,37	4,5	6,0	5,0
41,92	8,40	4,5	6,0	5,0
41,95	8,42	4,5	6,0	5,0
41,97	8,45	4,5	6,0	5,0
42,00	8,46	4,5	6,0	5,0
42,02	8,49	4,5	6,0	5,0
42,05	8,51	4,5	6,0	5,0
42,07	8,54	4,5	6,0	5,0
42,10	8,56	4,5	6,0	5,0
42,12	8,58	4,5	6,0	5,0
42,14	8,60	4,5	6,0	5,0
42,17	8,62	4,5	6,0	5,0
42,19	8,64	4,5	6,0	5,0
42,22	8,67	4,5	6,0	5,0
42,24	8,69	4,5	6,0	5,0
42,27	8,71	4,5	6,0	5,0
42,29	8,73	4,5	6,0	5,0
42,31	8,76	4,5	6,0	5,0
42,34	8,78	4,5	6,0	5,0
42,36	8,81	4,5	6,0	5,0
42,39	8,83	4,5	6,0	5,0
42,41	8,85	4,5	6,0	5,0
42,44	8,86	4,5	6,0	5,0
42,46	8,88	4,5	6,0	5,0
42,49	8,91	4,5	6,0	5,0
42,51	8,92	4,5	6,0	5,0
42,53	8,94	4,5	6,0	5,0
42,56	8,96	4,5	6,0	5,0
42,58	8,98	4,5	6,0	5,0
42,61	9,00	4,5	6,0	5,0
42,63	9,02	4,5	6,0	5,0
42,66	9,05	4,5	6,0	5,0
42,68	9,06	4,5	6,0	5,0
42,71	9,08	4,5	6,0	5,0
42,73	9,10	4,5	6,0	5,0
42,75	9,12	4,5	6,0	5,0
42,78	9,15	4,5	6,0	5,0
42,80	9,17	4,5	6,0	5,0
42,83	9,19	4,5	6,0	5,0
42,85	9,20	4,5	6,0	5,0
42,88	9,21	4,5	6,0	5,0
42,90	9,24	4,5	6,0	5,0
42,93	9,26	4,5	6,0	5,0
42,95	9,28	4,5	6,0	5,0
42,97	9,28	4,5	6,0	5,0
43,00	9,30	4,5	6,0	5,0
43,02	9,32	4,5	6,0	5,0
43,05	9,34	4,5	6,0	5,0
43,07	9,37	4,5	6,0	5,0
43,10	9,39	4,5	6,0	5,0
43,12	9,40	4,5	6,0	5,0
43,15	9,41	4,5	6,0	5,0
43,17	9,44	4,5	6,0	5,0
43,19	9,46	4,5	6,0	5,0
43,22	9,47	4,5	6,0	5,0
43,24	9,49	4,5	6,0	5,0
43,27	9,51	4,5	6,0	5,0
43,29	9,52	4,5	6,0	5,0
43,32	9,53	4,5	6,0	5,0
43,34	9,55	4,5	6,0	5,0
43,36	9,57	4,5	6,0	5,0
43,39	9,58	4,5	6,0	5,0
43,41	9,59	4,5	6,0	5,0
43,44	9,61	4,5	6,0	5,0
43,46	9,63	4,5	6,0	5,0
43,49	9,65	4,5	6,0	5,0
43,51	9,67	4,5	6,0	5,0
43,54	9,69	4,5	6,0	5,0
43,56	9,70	4,5	6,0	5,0
43,58	9,72	4,5	6,0	5,0
43,61	9,73	4,5	6,0	5,0
43,63	9,75	4,5	6,0	5,0
43,66	9,76	4,5	6,0	5,0
43,68	9,77	4,5	6,0	5,0
43,71	9,79	4,5	6,0	5,0
43,73	9,79	4,5	6,0	5,0
43,76	9,81	4,5	6,0	5,0
43,78	9,82	4,5	6,0	5,0
43,80	9,84	4,5	6,0	5,0
43,83	9,85	4,5	6,0	5,0
43,85	9,86	4,5	6,0	5,0
43,88	9,88	4,5	6,0	5,0
43,90	9,90	4,5	6,0	5,0
43,93	9,92	4,5	6,0	5,0
43,95	9,94	4,5	6,0	5,0
43,98	9,95	4,5	6,0	5,0
44,00	9,96	4,5	6,0	5,0
44,02	9,97	4,5	6,0	5,0
44,05	9,99	4,5	6,0	5,0
44,07	10,00	4,5	6,0	5,0
44,10	10,02	4,5	6,0	5,0
44,12	10,02	4,5	6,0	5,0
44,15	10,03	4,5	6,0	5,0
44,17	10,04	4,5	6,0	5,0
44,20	10,05	4,5	6,0	5,0
44,22	10,07	4,5	6,0	5,0
44,24	10,07	4,5	6,0	5,0
44,27	10,08	4,5	6,0	5,0
44,29	10,10	4,5	6,0	5,0
44,32	10,11	4,5	6,0	5,0
44,34	10,13	4,5	6,0	5,0
44,37	10,14	4,5	6,0	5,0
44,39	10,16	4,5	6,0	5,0
44,41	10,17	4,5	6,0	5,0
44,44	10,17	4,5	6,0	5,0
44,46	10,19	4,5	6,0	5,0
44,49	10,20	4,5	6,0	5,0
44,51	10,21	4,5	6,0	5,0
44,54	10,22	4,5	6,0	5,0
44,56	10,22	4,5	6,0	5,0
44,59	10,23	4,5	6,0	5,0
44,61	10,24	4,5	6,0	5,0
44,63	10,26	4,5	6,0	5,0
44,66	10,27	4,5	6,0	5,0
44,68	10,27	4,5	6,0	5,0
44,71	10,28	4,5	6,0	5,0
44,73	10,30	4,5	6,0	5,0
44,76	10,31	4,5	6,0	5,0
44,78	10,33	4,5	6,0	5,0
44,81	10,34	4,5	6,0	5,0
44,83	10,35	4,5	6,0	5,0
44,85	10,36	4,5	6,0	5,0
44,88	10,36	4,5	6,0	5,0
44,90	10,37	4,5	6,0	5,0
44,93	10,38	4,5	6,0	5,0
44,95	10,38	4,5	6,0	5,0
44,98	10,39	4,5	6,0	5,0
45,00	10,39	4,5	6,0	5,0
45,03	10,40	4,5	6,0	5,0
45,05	10,41	4,5	6,0	5,0
45,07	10,42	4,5	6,0	5,0
45,10	10,43	4,5	6,0	5,0
45,12	10,43	4,5	6,0	5,0
45,15	10,44	4,5	6,0	5,0
45,17	10,45	4,5	6,0	5,0
45,20	10,47	4,5	6,0	5,0
45,22	10,48	4,5	6,0	5,0
45,25	10,49	4,5	6,0	5,0
45,27	10,50	4,5	6,0	5,0
45,29	10,50	4,5	6,0	5,0
45,32	10,50	4,5	6,0	5,0
45,34	10,51	4,5	6,0	5,0
45,37	10,51	4,5	6,0	5,0
45,39	10,51	4,5	6,0	5,0
45,42	10,52	4,5	6,0	5,0
45,44	10,52	4,5	6,0	5,0
45,47	10,53	4,5	6,0	5,0
45,49	10,54	4,5	6,0	5,0
45,51	10,55	4,5	6,0	5,0
45,54	10,55	4,5	6,0	5,0
45,56	10,55	4,5	6,0	5,0
45,59	10,56	4,5	6,0	5,0
45,61	10,57	4,5	6,0	5,0
45,64	10,58	4,5	6,0	5,0
45,66	10,59	4,5	6,0	5,0
45,68	10,59	4,5	6,0	5,0
45,71	10,60	4,5	6,0	5,0
45,73	10,59	4,5	6,0	5,0
45,76	10,60	4,5	6,0	5,0
45,78	10,61	4,5	6,0	5,0
45,81	10,61	4,5	6,0	5,0
45,83	10,61	4,5	6,0	5,0
45,86	10,61	4,5	6,0	5,0
45,88	10,61	4,5	6,0	5,0
45,90	10,62	4,5	6,0	5,0
45,93	10,63	4,5	6,0	5,0
45,95	10,64	4,5	6,0	5,0
45,98	10,63	4,5	6,0	5,0
46,00	10,63	4,5	6,0	5,0
46,03	10,64	4,5	6,0	5,0
46,05	10,65	4,5	6,0	5,0
46,08	10,65	4,5	6,0	5,0
46,10	10,66	4,5	6,0	5,0
46,12	10,66	4,5	6,0	5,0
46,15	10,66	4,5	6,0	5,0
46,17	10,66	4,5	6,0	5,0
46,20	10,67	4,5	6,0	5,0
46,22	10,67	4,5	6,0	5,0
46,25	10,67	4,5	6,0	5,0
46,27	10,67	4,5	6,0	5,0
46,30	10,68	4,5	6,0	5,0
46,32	10,68	4,5	6,0	5,0
46,34	10,68	4,5	6,0	5,0
46,37	10,69	4,5	6,0	5,0
46,39	10,69	4,5	6,0	5,0
46,42	10,69	4,5	6,0	5,0
46,44	10,68	4,5	6,0	5,0
46,47	10,69	4,5	6,0	5,0
46,49	10,70	4,5	6,0	5,0
46,52	10,70	4,5	6,0	5,0
46,54	10,70	4,5	6,0	5,0
46,56	10,70	4,5	6,0	5,0
46,59	10,70	4,5	6,0	5,0
46,61	10,69	4,5	6,0	5,0
46,64	10,70	4,5	6,0	5,0
46,66	10,70	4,5	6,0	5,0
46,69	10,70	4,5	6,0	5,0
46,71	10,70	4,5	6,0	5,0
46,73	10,69	4,5	6,0	5,0
46,76	10,70	4,5	6,0	5,0
46,78	10,70	4,5	6,0	5,0
46,81	10,70	4,5	6,0	5,0
46,83	10,70	4,5	6,0	5,0
46,86	10,69	4,5	6,0	5,0
46,88	10,68	4,5	6,0	5,0
46,91	10,68	4,5	6,0	5,0
46,93	10,68	4,5	6,0	5,0
46,95	10,68	4,5	6,0	5,0
46,98	10,66	4,5	6,0	5,0
47,00	10,66	4,5	6,0	5,0
47,03	10,64	4,5	6,0	5,0
47,05	10,63	4,5	6,0	5,0
47,08	10,62	4,5	6,0	5,0
47,10	10,61	4,5	6,0	5,0
47,13	10,60	4,5	6,0	5,0
47,15	10,58	4,5	6,0	5,0
47,17	10,57	4,5	6,0	5,0
47,20	10,57	4,5	6,0	5,0
47,22	10,56	4,5	6,0	5,0
47,25	10,54	4,5	6,0	5,0
47,27	10,53	4,5	6,0	5,0
47,30	10,51	4,5	6,0	5,0
47,32	10,49	4,5	6,0	5,0
47,35	10,48	4,5	6,0	5,0
47,37	10,46	4,5	6,0	5,0
47,39	10,45	4,5	6,0	5,0
47,42	10,42	4,5	6,0	5,0
47,44	10,40	4,5	6,0	5,0
47,47	10,37	4,5	6,0	5,0
47,49	10,36	4,5	6,0	5,0
47,52	10,34	4,5	6,0	5,0
47,54	10,30	4,5	6,0	5,0
47,57	10,28	4,5	6,0	5,0
47,59	10,26	4,5	6,0	5,0
47,61	10,23	4,5	6,0	5,0
47,64	10,22	4,5	6,0	5,0
47,66	10,19	4,5	6,0	5,0
47,69	10,17	4,5	6,0	5,0
47,71	10,13	4,5	6,0	5,0
47,74	10,10	4,5	6,0	5,0
47,76	10,08	4,5	6,0	5,0
47,78	10,05	4,5	6,0	5,0
47,81	10,02	4,5	6,0	5,0
47,83	9,99	4,5	6,0	5,0
47,86	9,95	4,5	6,0	5,0
47,88	9,92	4,5	6,0	5,0
47,91	9,88	4,5	6,0	5,0
47,93	9,86	4,5	6,0	5,0
47,96	9,83	4,5	6,0	5,0
47,98	9,79	4,5	6,0	5,0
48,00	9,75	4,5	6,0	5,0
48,03	9,73	4,5	6,0	5,0
48,05	9,70	4,5	6,0	5,0
48,08	9,68	4,5	6,0	5,0
48,10	9,64	4,5	6,0	5,0
48,13	9,60	4,5	6,0	5,0
48,15	9,57	4,5	6,0	5,0
48,18	9,53	4,5	6,0	5,0
48,20	9,51	4,5	6,0	5,0
48,22	9,48	4,5	6,0	5,0
48,25	9,44	4,5	6,0	5,0
48,27	9,41	4,5	6,0	5,0
48,30	9,37	4,5	6,0	5,0
48,32	9,35	4,5	6,0	5,0
48,35	9,31	4,5	6,0	5,0
48,37	9,29	4,5	6,0	5,0
48,40	9,26	4,5	6,0	5,0
48,42	9,22	4,5	6,0	5,0
48,44	9,18	4,5	6,0	5,0
48,47	9,16	4,5	6,0	5,0
48,49	9,13	4,5	6,0	5,0
48,52	9,10	4,5	6,0	5,0
48,54	9,05	4,5	6,0	5,0
48,57	9,02	4,5	6,0	5,0
48,59	8,98	4,5	6,0	5,0
48,62	8,95	4,5	6,0	5,0
48,64	8,92	4,5	6,0	5,0
48,66	8,89	4,5	6,0	5,0
48,69	8,85	4,5	6,0	5,0
48,71	8,82	4,5	6,0	5,0
48,74	8,78	4,5	6,0	5,0
48,76	8,76	4,5	6,0	5,0
48,79	8,73	4,5	6,0	5,0
48,81	8,70	4,5	6,0	5,0
48,84	8,66	4,5	6,0	5,0
48,86	8,62	4,5	6,0	5,0
48,88	8,58	4,5	6,0	5,0
48,91	8,55	4,5	6,0	5,0
48,93	8,52	4,5	6,0	5,0
48,96	8,49	4,5	6,0	5,0
48,98	8,44	4,5	6,0	5,0
49,01	8,41	4,5	6,0	5,0
49,03	8,37	4,5	6,0	5,0
49,05	8,34	4,5	6,0	5,0
49,08	8,30	4,5	6,0	5,0
49,10	8,26	4,5	6,0	5,0
49,13	8,22	4,5	6,0	5,0
49,15	8,19	4,5	6,0	5,0
49,18	8,15	4,5	6,0	5,0
49,20	8,12	4,5	6,0	5,0
49,23	8,08	4,5	6,0	5,0
49,25	8,04	4,5	6,0	5,0
49,27	7,99	4,5	6,0	5,0
49,30	7,95	4,5	6,0	5,0
49,32	7,92	4,5	6,0	5,0
49,35	7,88	4,5	6,0	5,0
49,37	7,84	4,5	6,0	5,0
49,40	7,80	4,5	6,0	5,0
49,42	7,75	4,5	6,0	5,0
49,45	7,71	4,5	6,0	5,0
49,47	7,67	4,5	6,0	5,0
49,49	7,64	4,5	6,0	5,0
49,52	7,60	4,5	6,0	5,0
49,54	7,55	4,5	6,0	5,0
49,57	7,51	4,5	6,0	5,0
49,59	7,47	4,5	6,0	5,0
49,62	7,43	4,5	6,0	5,0
49,64	7,40	4,5	6,0	5,0
49,67	7,35	4,5	6,0	5,0
49,69	7,31	4,5	6,0	5,0
49,71	7,27	4,5	6,0	5,0
49,74	7,22	4,5	6,0	5,0
49,76	7,19	4,5	6,0	5,0
49,79	7,15	4,5	6,0	5,0
49,81	7,11	4,5	6,0	5,0
49,84	7,07	4,5	6,0	5,0
49,86	7,02	4,5	6,0	5,0
49,89	6,99	4,5	6,0	5,0
49,91	6,94	4,5	6,0	5,0
49,93	6,91	4,5	6,0	5,0
49,96	6,87	4,5	6,0	5,0
49,98	6,82	4,5	6,0	5,0
50,01	6,78	4,5	6,0	5,0
50,03	6,75	4,5	6,0	5,0
50,06	6,70	4,5	6,0	5,0
50,08	6,66	4,5	6,0	5,0
50,10	6,62	4,5	6,0	5,0
50,13	6,59	4,5	6,0	5,0
50,15	6,54	4,5	6,0	5,0
50,18	6,49	4,5	6,0	5,0
50,20	6,46	4,5	6,0	5,0
50,23	6,43	4,5	6,0	5,0
50,25	6,38	4,5	6,0	5,0
50,28	6,34	4,5	6,0	5,0
50,30	6,30	4,5	6,0	5,0
50,32	6,26	4,5	6,0	5,0
50,35	6,22	4,5	6,0	5,0
50,37	6,18	4,5	6,0	5,0
50,40	6,15	4,5	6,0	5,0
50,42	6,10	4,5	6,0	5,0
50,45	6,06	4,5	6,0	5,0
50,47	6,03	4,5	6,0	5,0
50,50	5,99	4,5	6,0	5,0
50,52	5,96	4,5	6,0	5,0
50,54	5,91	4,5	6,0	5,0
50,57	5,87	4,5	6,0	5,0
50,59	5,83	4,5	6,0	5,0
50,62	5,80	4,5	6,0	5,0
50,64	5,77	4,5	6,0	5,0
50,67	5,72	4,5	6,0	5,0
50,69	5,69	4,5	6,0	5,0
50,72	5,65	4,5	6,0	5,0
50,74	5,61	4,5	6,0	5,0
50,76	5,58	4,5	6,0	5,0
50,79	5,55	4,5	6,0	5,0
50,81	5,52	4,5	6,0	5,0
50,84	5,48	4,5	6,0	5,0
50,86	5,44	4,5	6,0	5,0
50,89	5,42	4,5	6,0	5,0
50,91	5,38	4,5	6,0	5,0
50,94	5,35	4,5	6,0	5,0
50,96	5,31	4,5	6,0	5,0
50,98	5,28	4,5	6,0	5,0
51,01	5,23	4,5	6,0	5,0
51,03	5,20	4,5	6,0	5,0
51,06	5,18	4,5	6,0	5,0
51,08	5,14	4,5	6,0	5,0
51,11	5,11	4,5	6,0	5,0
51,13	5,08	4,5	6,0	5,0
51,15	5,05	4,5	6,0	5,0
51,18	5,02	4,5	6,0	5,0
51,20	4,99	4,5	6,0	5,0
51,23	4,97	4,5	6,0	5,0
51,25	4,94	4,5	6,0	5,0
51,28	4,91	4,5	6,0	5,0
51,30	4,88	4,5	6,0	5,0
51,33	4,86	4,5	6,0	5,0
51,35	4,83	4,5	6,0	5,0
51,37	4,81	4,5	6,0	5,0
51,40	4,78	4,5	6,0	5,0
51,42	4,75	4,5	6,0	5,0
51,45	4,72	4,5	6,0	5,0
51,47	4,69	4,5	6,0	5,0
51,50	4,68	4,5	6,0	5,0
51,52	4,66	4,5	6,0	5,0
51,55	4,63	4,5	6,0	5,0
51,57	4,61	4,5	6,0	5,0
51,59	4,59	4,5	6,0	5,0
51,62	4,58	4,5	6,0	5,0
51,64	4,56	4,5	6,0	5,0
51,67	4,55	4,5	6,0	5,0
51,69	4,53	4,5	6,0	5,0
51,72	4,51	4,5	6,0	5,0
51,74	4,49	4,5	6,0	5,0
51,77	4,48	4,5	6,0	5,0
51,79	4,46	4,5	6,0	5,0
51,81	4,45	4,5	6,0	5,0
51,84	4,42	4,5	6,0	5,0
51,86	4,40	4,5	6,0	5,0
51,89	4,37	4,5	6,0	5,0
51,91	4,36	4,5	6,0	5,0
51,94	4,35	4,5	6,0	5,0
51,96	4,34	4,5	6,0	5,0
51,99	4,31	4,5	6,0	5,0
52,01	4,30	4,5	6,0	5,0
52,03	4,29	4,5	6,0	5,0
52,06	4,29	4,5	6,0	5,0
52,08	4,27	4,5	6,0	5,0
52,11	4,25	4,5	6,0	5,0
52,13	4,24	4,5	6,0	5,0
52,16	4,22	4,5	6,0	5,0
52,18	4,21	4,5	6,0	5,0
52,20	4,19	4,5	6,0	5,0
52,23	4,17	4,5	6,0	5,0
52,25	4,16	4,5	6,0	5,0
52,28	4,13	4,5	6,0	5,0
52,30	4,11	4,5	6,0	5,0
52,33	4,10	4,5	6,0	5,0
52,35	4,09	4,5	6,0	5,0
52,38	4,08	4,5	6,0	5,0
52,40	4,06	4,5	6,0	5,0
52,42	4,04	4,5	6,0	5,0
52,45	4,04	4,5	6,0	5,0
52,47	4,03	4,5	6,0	5,0
52,50	4,02	4,5	6,0	5,0
52,52	4,00	4,5	6,0	5,0
52,55	3,99	4,5	6,0	5,0
52,57	3,97	4,5	6,0	5,0
52,60	3,96	4,5	6,0	5,0
52,62	3,95	4,5	6,0	5,0
52,64	3,94	4,5	6,0	5,0
52,67	3,93	4,5	6,0	5,0
52,69	3,91	4,5	6,0	5,0
52,72	3,90	4,5	6,0	5,0
52,74	3,88	4,5	6,0	5,0
52,77	3,87	4,5	6,0	5,0
52,79	3,87	4,5	6,0	5,0
52,82	3,87	4,5	6,0	5,0
52,84	3,85	4,5	6,0	5,0
52,86	3,84	4,5	6,0	5,0
52,89	3,84	4,5	6,0	5,0
52,91	3,83	4,5	6,0	5,0
52,94	3,83	4,5	6,0	5,0
52,96	3,82	4,5	6,0	5,0
52,99	3,81	4,5	6,0	5,0
53,01	3,80	4,5	6,0	5,0
53,04	3,80	4,5	6,0	5,0
53,06	3,80	4,5	6,0	5,0
53,08	3,80	4,5	6,0	5,0
53,11	3,78	4,5	6,0	5,0
53,13	3,79	4,5	6,0	5,0
53,16	3,78	4,5	6,0	5,0
53,18	3,78	4,5	6,0	5,0
53,21	3,77	4,5	6,0	5,0
53,23	3,78	4,5	6,0	5,0
53,26	3,78	4,5	6,0	5,0
53,28	3,77	4,5	6,0	5,0
53,30	3,78	4,5	6,0	5,0
53,33	3,78	4,5	6,0	5,0
53,35	3,79	4,5	6,0	5,0
53,38	3,79	4,5	6,0	5,0
53,40	3,79	4,5	6,0	5,0
53,43	3,79	4,5	6,0	5,0
53,45	3,79	4,5	6,0	5,0
53,47	3,80	4,5	6,0	5,0
53,50	3,81	4,5	6,0	5,0
53,52	3,81	4,5	6,0	5,0
53,55	3,81	4,5	6,0	5,0
53,57	3,82	4,5	6,0	5,0
53,60	3,82	4,5	6,0	5,0
53,62	3,82	4,5	6,0	5,0
53,65	3,84	4,5	6,0	5,0
53,67	3,85	4,5	6,0	5,0
53,69	3,85	4,5	6,0	5,0
53,72	3,86	4,5	6,0	5,0
53,74	3,87	4,5	6,0	5,0
53,77	3,89	4,5	6,0	5,0
53,79	3,90	4,5	6,0	5,0
53,82	3,91	4,5	6,0	5,0
53,84	3,91	4,5	6,0	5,0
53,87	3,92	4,5	6,0	5,0
53,89	3,93	4,5	6,0	5,0
53,91	3,94	4,5	6,0	5,0
53,94	3,96	4,5	6,0	5,0
53,96	3,96	4,5	6,0	5,0
53,99	3,97	4,5	6,0	5,0
54,01	3,98	4,5	6,0	5,0
54,04	3,99	4,5	6,0	5,0
54,06	4,01	4,5	6,0	5,0
54,09	4,02	4,5	6,0	5,0
54,11	4,04	4,5	6,0	5,0
54,13	4,05	4,5	6,0	5,0
54,16	4,06	4,5	6,0	5,0
54,18	4,08	4,5	6,0	5,0
54,21	4,10	4,5	6,0	5,0
54,23	4,12	4,5	6,0	5,0
54,26	4,13	4,5	6,0	5,0
54,28	4,14	4,5	6,0	5,0
54,31	4,14	4,5	6,0	5,0
54,33	4,16	4,5	6,0	5,0
54,35	4,18	4,5	6,0	5,0
54,38	4,19	4,5	6,0	5,0
54,40	4,20	4,5	6,0	5,0
54,43	4,21	4,5	6,0	5,0
54,45	4,23	4,5	6,0	5,0
54,48	4,25	4,5	6,0	5,0
54,50	4,27	4,5	6,0	5,0
54,52	4,29	4,5	6,0	5,0
54,55	4,31	4,5	6,0	5,0
54,57	4,32	4,5	6,0	5,0
54,60	4,33	4,5	6,0	5,0
54,62	4,36	4,5	6,0	5,0
54,65	4,38	4,5	6,0	5,0
54,67	4,39	4,5	6,0	5,0
54,70	4,40	4,5	6,0	5,0
54,72	4,41	4,5	6,0	5,0
54,74	4,43	4,5	6,0	5,0
54,77	4,44	4,5	6,0	5,0
54,79	4,47	4,5	6,0	5,0
54,82	4,49	4,5	6,0	5,0
54,84	4,50	4,5	6,0	5,0
54,87	4,53	4,5	6,0	5,0
54,89	4,54	4,5	6,0	5,0
54,92	4,57	4,5	6,0	5,0
54,94	4,59	4,5	6,0	5,0
54,96	4,62	4,5	6,0	5,0
54,99	4,64	4,5	6,0	5,0
55,01	4,66	4,5	6,0	5,0
55,04	4,68	4,5	6,0	5,0
55,06	4,71	4,5	6,0	5,0
55,09	4,73	4,5	6,0	5,0
55,11	4,75	4,5	6,0	5,0
55,14	4,76	4,5	6,0	5,0
55,16	4,78	4,5	6,0	5,0
55,18	4,80	4,5	6,0	5,0
55,21	4,84	4,5	6,0	5,0
55,23	4,87	4,5	6,0	5,0
55,26	4,88	4,5	6,0	5,0
55,28	4,91	4,5	6,0	5,0
55,31	4,94	4,5	6,0	5,0
55,33	4,98	4,5	6,0	5,0
55,36	5,01	4,5	6,0	5,0
55,38	5,04	4,5	6,0	5,0
55,40	5,07	4,5	6,0	5,0
55,43	5,09	4,5	6,0	5,0
55,45	5,12	4,5	6,0	5,0
55,48	5,15	4,5	6,0	5,0
55,50	5,18	4,5	6,0	5,0
55,53	5,21	4,5	6,0	5,0
55,55	5,23	4,5	6,0	5,0
55,57	5,25	4,5	6,0	5,0
55,60	5,28	4,5	6,0	5,0
55,62	5,31	4,5	6,0	5,0
55,65	5,35	4,5	6,0	5,0
55,67	5,38	4,5	6,0	5,0
55,70	5,40	4,5	6,0	5,0
55,72	5,43	4,5	6,0	5,0
55,75	5,47	4,5	6,0	5,0
55,77	5,50	4,5	6,0	5,0
55,79	5,54	4,5	6,0	5,0
55,82	5,56	4,5	6,0	5,0
55,84	5,60	4,5	6,0	5,0
55,87	5,62	4,5	6,0	5,0
55,89	5,65	4,5	6,0	5,0
55,92	5,70	4,5	6,0	5,0
55,94	5,73	4,5	6,0	5,0
55,97	5,75	4,5	6,0	5,0
55,99	5,78	4,5	6,0	5,0
56,01	5,81	4,5	6,0	5,0
56,04	5,84	4,5	6,0	5,0
56,06	5,87	4,5	6,0	5,0
56,09	5,91	4,5	6,0	5,0
56,11	5,95	4,5	6,0	5,0
56,14	5,97	4,5	6,0	5,0
56,16	6,00	4,5	6,0	5,0
56,19	6,04	4,5	6,0	5,0
56,21	6,08	4,5	6,0	5,0
56,23	6,12	4,5	6,0	5,0
56,26	6,15	4,5	6,0	5,0
56,28	6,18	4,5	6,0	5,0
56,31	6,21	4,5	6,0	5,0
56,33	6,25	4,5	6,0	5,0
56,36	6,29	4,5	6,0	5,0
56,38	6,33	4,5	6,0	5,0
56,41	6,35	4,5	6,0	5,0
56,43	6,39	4,5	6,0	5,0
56,45	6,42	4,5	6,0	5,0
56,48	6,46	4,5	6,0	5,0
56,50	6,50	4,5	6,0	5,0
56,53	6,55	4,5	6,0	5,0
56,55	6,58	4,5	6,0	5,0
56,58	6,61	4,5	6,0	5,0
56,60	6,65	4,5	6,0	5,0
56,62	6,69	4,5	6,0	5,0
56,65	6,73	4,5	6,0	5,0
56,67	6,76	4,5	6,0	5,0
56,70	6,80	4,5	6,0	5,0
56,72	6,83	4,5	6,0	5,0
56,75	6,86	4,5	6,0	5,0
56,77	6,91	4,5	6,0	5,0
56,80	6,95	4,5	6,0	5,0
56,82	6,98	4,5	6,0	5,0
56,84	7,02	4,5	6,0	5,0
56,87	7,05	4,5	6,0	5,0
56,89	7,09	4,5	6,0	5,0
56,92	7,13	4,5	6,0	5,0
56,94	7,17	4,5	6,0	5,0
56,97	7,22	4,5	6,0	5,0
56,99	7,25	4,5	6,0	5,0
57,02	7,29	4,5	6,0	5,0
57,04	7,34	4,5	6,0	5,0
57,06	7,38	4,5	6,0	5,0
57,09	7,41	4,5	6,0	5,0
57,11	7,45	4,5	6,0	5,0
57,14	7,48	4,5	6,0	5,0
57,16	7,52	4,5	6,0	5,0
57,19	7,56	4,5	6,0	5,0
57,21	7,61	4,5	6,0	5,0
57,24	7,65	4,5	6,0	5,0
57,26	7,69	4,5	6,0	5,0
57,28	7,73	4,5	6,0	5,0
57,31	7,76	4,5	6,0	5,0
57,33	7,81	4,5	6,0	5,0
57,36	7,85	4,5	6,0	5,0
57,38	7,90	4,5	6,0	5,0
57,41	7,95	4,5	6,0	5,0
57,43	7,98	4,5	6,0	5,0
57,46	8,02	4,5	6,0	5,0
57,48	8,08	4,5	6,0	5,0
57,50	8,11	4,5	6,0	5,0
57,53	8,16	4,5	6,0	5,0
57,55	8,20	4,5	6,0	5,0
57,58	8,24	4,5	6,0	5,0
57,60	8,27	4,5	6,0	5,0
57,63	8,32	4,5	6,0	5,0
57,65	8,37	4,5	6,0	5,0
57,68	8,41	4,5	6,0	5,0
57,70	8,45	4,5	6,0	5,0
57,72	8,49	4,5	6,0	5,0
57,75	8,53	4,5	6,0	5,0
57,77	8,58	4,5	6,0	5,0
57,80	8,62	4,5	6,0	5,0
57,82	8,67	4,5	6,0	5,0
57,85	8,71	4,5	6,0	5,0
57,87	8,74	4,5	6,0	5,0
57,89	8,80	4,5	6,0	5,0
57,92	8,85	4,5	6,0	5,0
57,94	8,90	4,5	6,0	5,0
57,97	8,94	4,5	6,0	5,0
57,99	8,97	4,5	6,0	5,0
58,02	9,01	4,5	6,0	5,0
58,04	9,05	4,5	6,0	5,0
58,07	9,10	4,5	6,0	5,0
58,09	9,15	4,5	6,0	5,0
58,11	9,19	4,5	6,0	5,0
58,14	9,23	4,5	6,0	5,0
58,16	9,28	4,5	6,0	5,0
58,19	9,32	4,5	6,0	5,0
58,21	9,37	4,5	6,0	5,0
58,24	9,41	4,5	6,0	5,0
58,26	9,47	4,5	6,0	5,0
58,29	9,51	4,5	6,0	5,0
58,31	9,55	4,5	6,0	5,0
58,33	9,60	4,5	6,0	5,0
58,36	9,65	4,5	6,0	5,0
58,38	9,69	4,5	6,0	5,0
58,41	9,73	4,5	6,0	5,0
58,43	9,76	4,5	6,0	5,0
58,46	9,81	4,5	6,0	5,0
58,48	9,85	4,5	6,0	5,0
58,51	9,90	4,5	6,0	5,0
58,53	9,95	4,5	6,0	5,0
58,55	9,99	4,5	6,0	5,0
58,58	10,04	4,5	6,0	5,0
58,60	10,08	4,5	6,0	5,0
58,63	10,14	4,5	6,0	5,0
58,65	10,19	4,5	6,0	5,0
58,68	10,24	4,5	6,0	5,0
58,70	10,29	4,5	6,0	5,0
58,73	10,33	4,5	6,0	5,0
58,75	10,38	4,5	6,0	5,0
58,77	10,43	4,5	6,0	5,0
58,80	10,48	4,5	6,0	5,0
58,82	10,52	4,5	6,0	5,0
58,85	10,56	4,5	6,0	5,0
58,87	10,60	4,5	6,0	5,0
58,90	10,64	4,5	6,0	5,0
58,92	10,69	4,5	6,0	5,0
58,94	10,75	4,5	6,0	5,0
58,97	10,79	4,5	6,0	5,0
58,99	10,83	4,5	6,0	5,0
59,02	10,87	4,5	6,0	5,0
59,04	10,93	4,5	6,0	5,0
59,07	10,97	4,5	6,0	5,0
59,09	11,02	4,5	6,0	5,0
59,12	11,06	4,5	6,0	5,0
59,14	11,11	4,5	6,0	5,0
59,16	11,14	4,5	6,0	5,0
59,19	11,19	4,5	6,0	5,0
59,21	11,24	4,5	6,0	5,0
59,24	11,29	4,5	6,0	5,0
59,26	11,32	4,5	6,0	5,0
59,29	11,36	4,5	6,0	5,0
59,31	11,40	4,5	6,0	5,0
59,34	11,44	4,5	6,0	5,0
59,36	11,49	4,5	6,0	5,0
59,38	11,55	4,5	6,0	5,0
59,41	11,59	4,5	6,0	5,0
59,43	11,63	4,5	6,0	5,0
59,46	11,68	4,5	6,0	5,0
59,48	11,73	4,5	6,0	5,0
59,51	11,77	4,5	6,0	5,0
59,53	11,82	4,5	6,0	5,0
59,56	11,86	4,5	6,0	5,0
59,58	11,90	4,5	6,0	5,0
59,60	11,94	4,5	6,0	5,0
59,63	11,99	4,5	6,0	5,0
59,65	12,04	4,5	6,0	5,0
59,68	12,08	4,5	6,0	5,0
59,70	12,12	4,5	6,0	5,0
59,73	12,17	4,5	6,0	5,0
59,75	12,21	4,5	6,0	5,0
59,78	12,25	4,5	6,0	5,0
59,80	12,30	4,5	6,0	5,0
59,82	12,36	4,5	6,0	5,0
59,85	12,40	4,5	6,0	5,0
59,87	12,44	4,5	6,0	5,0
59,90	12,49	4,5	6,0	5,0
59,92	12,54	4,5	6,0	5,0
59,95	12,59	4,5	6,0	5,0
59,97	12,62	4,5	6,0	5,0
59,99	12,66	4,5	6,0	5,0
60,02	12,70	4,5	6,0	5,0
60,04	12,74	4,5	6,0	5,0
60,07	12,79	4,5	6,0	5,0
60,09	12,84	4,5	6,0	5,0
60,12	12,87	4,5	6,0	5,0
60,14	12,92	4,5	6,0	5,0
60,17	12,96	4,5	6,0	5,0
60,19	13,01	4,5	6,0	5,0
60,21	13,05	4,5	6,0	5,0
60,24	13,10	4,5	6,0	5,0
60,26	13,15	4,5	6,0	5,0
60,29	13,19	4,5	6,0	5,0
60,31	13,24	4,5	6,0	5,0
60,34	13,28	4,5	6,0	5,0
60,36	13,32	4,5	6,0	5,0
60,39	13,37	4,5	6,0	5,0
60,41	13,41	4,5	6,0	5,0
60,43	13,44	4,5	6,0	5,0
60,46	13,48	4,5	6,0	5,0
60,48	13,52	4,5	6,0	5,0
60,51	13,57	4,5	6,0	5,0
60,53	13,62	4,5	6,0	5,0
60,56	13,65	4,5	6,0	5,0
60,58	13,70	4,5	6,0	5,0
60,61	13,74	4,5	6,0	5,0
60,63	13,79	4,5	6,0	5,0
60,65	13,83	4,5	6,0	5,0
60,68	13,89	4,5	6,0	5,0
60,70	13,93	4,5	6,0	5,0
60,73	13,96	4,5	6,0	5,0
60,75	14,01	4,5	6,0	5,0
60,78	14,06	4,5	6,0	5,0
60,80	14,09	4,5	6,0	5,0
60,83	14,14	4,5	6,0	5,0
60,85	14,17	4,5	6,0	5,0
60,87	14,21	4,5	6,0	5,0
60,90	14,25	4,5	6,0	5,0
60,92	14,30	4,5	6,0	5,0
60,95	14,35	4,5	6,0	5,0
60,97	14,39	4,5	6,0	5,0
61,00	14,43	4,5	6,0	5,0
61,02	14,47	4,5	6,0	5,0
61,05	14,52	4,5	6,0	5,0
61,07	14,56	4,5	6,0	5,0
61,09	14,60	4,5	6,0	5,0
61,12	14,65	4,5	6,0	5,0
61,14	14,68	4,5	6,0	5,0
61,17	14,72	4,5	6,0	5,0
61,19	14,77	4,5	6,0	5,0
61,22	14,81	4,5	6,0	5,0
61,24	14,85	4,5	6,0	5,0
61,26	14,89	4,5	6,0	5,0
61,29	14,92	4,5	6,0	5,0
61,31	14,96	4,5	6,0	5,0
61,34	14,99	4,5	6,0	5,0
61,36	15,04	4,5	6,0	5,0
61,39	15,09	4,5	6,0	5,0
61,41	15,12	4,5	6,0	5,0
61,44	15,15	4,5	6,0	5,0
61,46	15,20	4,5	6,0	5,0
61,48	15,24	4,5	6,0	5,0
61,51	15,28	4,5	6,0	5,0
61,53	15,32	4,5	6,0	5,0
61,56	15,36	4,5	6,0	5,0
61,58	15,40	4,5	6,0	5,0
61,61	15,44	4,5	6,0	5,0
61,63	15,48	4,5	6,0	5,0
61,66	15,52	4,5	6,0	5,0
61,68	15,55	4,5	6,0	5,0
61,70	15,59	4,5	6,0	5,0
61,73	15,61	4,5	6,0	5,0
61,75	15,65	4,5	6,0	5,0
61,78	15,68	4,5	6,0	5,0
61,80	15,72	4,5	6,0	5,0
61,83	15,76	4,5	6,0	5,0
61,85	15,79	4,5	6,0	5,0
61,88	15,83	4,5	6,0	5,0
61,90	15,87	4,5	6,0	5,0
61,92	15,91	4,5	6,0	5,0
61,95	15,96	4,5	6,0	5,0
61,97	15,99	4,5	6,0	5,0
62,00	16,03	4,5	6,0	5,0
62,02	16,06	4,5	6,0	5,0
62,05	16,10	4,5	6,0	5,0
62,07	16,14	4,5	6,0	5,0
62,10	16,18	4,5	6,0	5,0
62,12	16,21	4,5	6,0	5,0
62,14	16,24	4,5	6,0	5,0
62,17	16,26	4,5	6,0	5,0
62,19	16,30	4,5	6,0	5,0
62,22	16,33	4,5	6,0	5,0
62,24	16,38	4,5	6,0	5,0
62,27	16,41	4,5	6,0	5,0
62,29	16,44	4,5	6,0	5,0
62,31	16,48	4,5	6,0	5,0
62,34	16,53	4,5	6,0	5,0
62,36	16,56	4,5	6,0	5,0
62,39	16,61	4,5	6,0	5,0
62,41	16,64	4,5	6,0	5,0
62,44	16,67	4,5	6,0	5,0
62,46	16,69	4,5	6,0	5,0
62,49	16,74	4,5	6,0	5,0
62,51	16,78	4,5	6,0	5,0
62,53	16,80	4,5	6,0	5,0
62,56	16,83	4,5	6,0	5,0
62,58	16,86	4,5	6,0	5,0
62,61	16,89	4,5	6,0	5,0
62,63	16,93	4,5	6,0	5,0
62,66	16,97	4,5	6,0	5,0
62,68	17,00	4,5	6,0	5,0
62,71	17,02	4,5	6,0	5,0
62,73	17,06	4,5	6,0	5,0
62,75	17,10	4,5	6,0	5,0
62,78	17,13	4,5	6,0	5,0
62,80	17,17	4,5	6,0	5,0
62,83	17,20	4,5	6,0	5,0
62,85	17,23	4,5	6,0	5,0
62,88	17,26	4,5	6,0	5,0
62,90	17,28	4,5	6,0	5,0
62,93	17,32	4,5	6,0	5,0
62,95	17,35	4,5	6,0	5,0
62,97	17,38	4,5	6,0	5,0
63,00	17,40	4,5	6,0	5,0
63,02	17,43	4,5	6,0	5,0
63,05	17,47	4,5	6,0	5,0
63,07	17,50	4,5	6,0	5,0
63,10	17,53	4,5	6,0	5,0
63,12	17,56	4,5	6,0	5,0
63,15	17,59	4,5	6,0	5,0
63,17	17,62	4,5	6,0	5,0
63,19	17,65	4,5	6,0	5,0
63,22	17,68	4,5	6,0	5,0
63,24	17,71	4,5	6,0	5,0
63,27	17,73	4,5	6,0	5,0
63,29	17,76	4,5	6,0	5,0
63,32	17,78	4,5	6,0	5,0
63,34	17,80	4,5	6,0	5,0
63,36	17,84	4,5	6,0	5,0
63,39	17,86	4,5	6,0	5,0
63,41	17,88	4,5	6,0	5,0
63,44	17,91	4,5	6,0	5,0
63,46	17,93	4,5	6,0	5,0
63,49	17,96	4,5	6,0	5,0
63,51	17,99	4,5	6,0	5,0
63,54	18,02	4,5	6,0	5,0
63,56	18,05	4,5	6,0	5,0
63,58	18,06	4,5	6,0	5,0
63,61	18,10	4,5	6,0	5,0
63,63	18,13	4,5	6,0	5,0
63,66	18,15	4,5	6,0	5,0
63,68	18,18	4,5	6,0	5,0
63,71	18,19	4,5	6,0	5,0
63,73	18,21	4,5	6,0	5,0
63,76	18,23	4,5	6,0	5,0
63,78	18,26	4,5	6,0	5,0
63,80	18,29	4,5	6,0	5,0
63,83	18,31	4,5	6,0	5,0
63,85	18,32	4,5	6,0	5,0
63,88	18,34	4,5	6,0	5,0
63,90	18,36	4,5	6,0	5,0
63,93	18,39	4,5	6,0	5,0
63,95	18,41	4,5	6,0	5,0
63,98	18,43	4,5	6,0	5,0
64,00	18,44	4,5	6,0	5,0
64,02	18,45	4,5	6,0	5,0
64,05	18,48	4,5	6,0	5,0
64,07	18,50	4,5	6,0	5,0
64,10	18,50	4,5	6,0	5,0
64,12	18,52	4,5	6,0	5,0
64,15	18,52	4,5	6,0	5,0
64,17	18,54	4,5	6,0	5,0
64,20	18,55	4,5	6,0	5,0
64,22	18,56	4,5	6,0	5,0
64,24	18,58	4,5	6,0	5,0
64,27	18,58	4,5	6,0	5,0
64,29	18,58	4,5	6,0	5,0
64,32	18,60	4,5	6,0	5,0
64,34	18,61	4,5	6,0	5,0
64,37	18,62	4,5	6,0	5,0
64,39	18,63	4,5	6,0	5,0
64,41	18,63	4,5	6,0	5,0
64,44	18,63	4,5	6,0	5,0
64,46	18,63	4,5	6,0	5,0
64,49	18,65	4,5	6,0	5,0
64,51	18,66	4,5	6,0	5,0
64,54	18,66	4,5	6,0	5,0
64,56	18,66	4,5	6,0	5,0
64,59	18,66	4,5	6,0	5,0
64,61	18,66	4,5	6,0	5,0
64,63	18,66	4,5	6,0	5,0
64,66	18,68	4,5	6,0	5,0
64,68	18,68	4,5	6,0	5,0
64,71	18,68	4,5	6,0	5,0
64,73	18,68	4,5	6,0	5,0
64,76	18,69	4,5	6,0	5,0
64,78	18,69	4,5	6,0	5,0
64,81	18,70	4,5	6,0	5,0
64,83	18,70	4,5	6,0	5,0
64,85	18,70	4,5	6,0	5,0
64,88	18,69	4,5	6,0	5,0
64,90	18,69	4,5	6,0	5,0
64,93	18,71	4,5	6,0	5,0
64,95	18,71	4,5	6,0	5,0
64,98	18,70	4,5	6,0	5,0
65,00	18,70	4,5	6,0	5,0
65,03	18,70	4,5	6,0	5,0
65,05	18,70	4,5	6,0	5,0
65,07	18,70	4,5	6,0	5,0
65,10	18,71	4,5	6,0	5,0
65,12	18,71	4,5	6,0	5,0
65,15	18,70	4,5	6,0	5,0
65,17	18,70	4,5	6,0	5,0
65,20	18,70	4,5	6,0	5,0
65,22	18,71	4,5	6,0	5,0
65,25	18,71	4,5	6,0	5,0
65,27	18,71	4,5	6,0	5,0
65,29	18,71	4,5	6,0	5,0
65,32	18,70	4,5	6,0	5,0
65,34	18,71	4,5	6,0	5,0
65,37	18,71	4,5	6,0	5,0
65,39	18,71	4,5	6,0	5,0
65,42	18,70	4,5	6,0	5,0
65,44	18,69	4,5	6,0	5,0
65,47	18,69	4,5	6,0	5,0
65,49	18,69	4,5	6,0	5,0
65,51	18,69	4,5	6,0	5,0
65,54	18,69	4,5	6,0	5,0
65,56	18,69	4,5	6,0	5,0
65,59	18,68	4,5	6,0	5,0
65,61	18,68	4,5	6,0	5,0
65,64	18,68	4,5	6,0	5,0
65,66	18,67	4,5	6,0	5,0
65,68	18,67	4,5	6,0	5,0
65,71	18,67	4,5	6,0	5,0
65,73	18,65	4,5	6,0	5,0
65,76	18,65	4,5	6,0	5,0
65,78	18,65	4,5	6,0	5,0
65,81	18,64	4,5	6,0	5,0
65,83	18,62	4,5	6,0	5,0
65,86	18,61	4,5	6,0	5,0
65,88	18,60	4,5	6,0	5,0
65,90	18,59	4,5	6,0	5,0
65,93	18,58	4,5	6,0	5,0
65,95	18,58	4,5	6,0	5,0
65,98	18,57	4,5	6,0	5,0
66,00	18,55	4,5	6,0	5,0
66,03	18,54	4,5	6,0	5,0
66,05	18,53	4,5	6,0	5,0
66,08	18,52	4,5	6,0	5,0
66,10	18,51	4,5	6,0	5,0
66,12	18,49	4,5	6,0	5,0
66,15	18,47	4,5	6,0	5,0
66,17	18,45	4,5	6,0	5,0
66,20	18,43	4,5	6,0	5,0
66,22	18,42	4,5	6,0	5,0
66,25	18,40	4,5	6,0	5,0
66,27	18,38	4,5	6,0	5,0
66,30	18,35	4,5	6,0	5,0
66,32	18,34	4,5	6,0	5,0
66,34	18,32	4,5	6,0	5,0
66,37	18,31	4,5	6,0	5,0
66,39	18,31	4,5	6,0	5,0
66,42	18,29	4,5	6,0	5,0
66,44	18,26	4,5	6,0	5,0
66,47	18,23	4,5	6,0	5,0
66,49	18,22	4,5	6,0	5,0
66,52	18,20	4,5	6,0	5,0
66,54	18,18	4,5	6,0	5,0
66,56	18,15	4,5	6,0	5,0
66,59	18,13	4,5	6,0	5,0
66,61	18,09	4,5	6,0	5,0
66,64	18,07	4,5	6,0	5,0
66,66	18,06	4,5	6,0	5,0
66,69	18,04	4,5	6,0	5,0
66,71	18,01	4,5	6,0	5,0
66,73	17,98	4,5	6,0	5,0
66,76	17,95	4,5	6,0	5,0
66,78	17,94	4,5	6,0	5,0
66,81	17,92	4,5	6,0	5,0
66,83	17,90	4,5	6,0	5,0
66,86	17,88	4,5	6,0	5,0
66,88	17,85	4,5	6,0	5,0
66,91	17,84	4,5	6,0	5,0
66,93	17,82	4,5	6,0	5,0
66,95	17,79	4,5	6,0	5,0
66,98	17,76	4,5	6,0	5,0
67,00	17,72	4,5	6,0	5,0
67,03	17,70	4,5	6,0	5,0
67,05	17,67	4,5	6,0	5,0
67,08	17,66	4,5	6,0	5,0
67,10	17,64	4,5	6,0	5,0
67,13	17,61	4,5	6,0	5,0
67,15	17,59	4,5	6,0	5,0
67,17	17,57	4,5	6,0	5,0
67,20	17,55	4,5	6,0	5,0
67,22	17,54	4,5	6,0	5,0
67,25	17,52	4,5	6,0	5,0
67,27	17,49	4,5	6,0	5,0
67,30	17,46	4,5	6,0	5,0
67,32	17,43	4,5	6,0	5,0
67,35	17,42	4,5	6,0	5,0
67,37	17,41	4,5	6,0	5,0
67,39	17,37	4,5	6,0	5,0
67,42	17,35	4,5	6,0	5,0
67,44	17,32	4,5	6,0	5,0
67,47	17,30	4,5	6,0	5,0
67,49	17,27	4,5	6,0	5,0
67,52	17,25	4,5	6,0	5,0
67,54	17,24	4,5	6,0	5,0
67,57	17,20	4,5	6,0	5,0
67,59	17,17	4,5	6,0	5,0
67,61	17,15	4,5	6,0	5,0
67,64	17,13	4,5	6,0	5,0
67,66	17,11	4,5	6,0	5,0
67,69	17,09	4,5	6,0	5,0
67,71	17,07	4,5	6,0	5,0
67,74	17,03	4,5	6,0	5,0
67,76	17,00	4,5	6,0	5,0
67,78	16,98	4,5	6,0	5,0
67,81	16,96	4,5	6,0	5,0
67,83	16,93	4,5	6,0	5,0
67,86	16,90	4,5	6,0	5,0
67,88	16,88	4,5	6,0	5,0
67,91	16,85	4,5	6,0	5,0
67,93	16,82	4,5	6,0	5,0
67,96	16,81	4,5	6,0	5,0
67,98	16,78	4,5	6,0	5,0
68,00	16,75	4,5	6,0	5,0
68,03	16,71	4,5	6,0	5,0
68,05	16,70	4,5	6,0	5,0
68,08	16,67	4,5	6,0	5,0
68,10	16,65	4,5	6,0	5,0
68,13	16,62	4,5	6,0	5,0
68,15	16,59	4,5	6,0	5,0
68,18	16,56	4,5	6,0	5,0
68,20	16,53	4,5	6,0	5,0
68,22	16,51	4,5	6,0	5,0
68,25	16,49	4,5	6,0	5,0
68,27	16,45	4,5	6,0	5,0
68,30	16,42	4,5	6,0	5,0
68,32	16,39	4,5	6,0	5,0
68,35	16,37	4,5	6,0	5,0
68,37	16,35	4,5	6,0	5,0
68,40	16,33	4,5	6,0	5,0
68,42	16,30	4,5	6,0	5,0
68,44	16,27	4,5	6,0	5,0
68,47	16,25	4,5	6,0	5,0
68,49	16,22	4,5	6,0	5,0
68,52	16,20	4,5	6,0	5,0
68,54	16,18	4,5	6,0	5,0
68,57	16,16	4,5	6,0	5,0
68,59	16,13	4,5	6,0	5,0
68,62	16,10	4,5	6,0	5,0
68,64	16,08	4,5	6,0	5,0
68,66	16,05	4,5	6,0	5,0
68,69	16,02	4,5	6,0	5,0
68,71	15,99	4,5	6,0	5,0
68,74	15,97	4,5	6,0	5,0
68,76	15,94	4,5	6,0	5,0
68,79	15,92	4,5	6,0	5,0
68,81	15,90	4,5	6,0	5,0
68,83	15,88	4,5	6,0	5,0
68,86	15,85	4,5	6,0	5,0
68,88	15,83	4,5	6,0	5,0
68,91	15,81	4,5	6,0	5,0
68,93	15,79	4,5	6,0	5,0
68,96	15,76	4,5	6,0	5,0
68,98	15,74	4,5	6,0	5,0
69,01	15,71	4,5	6,0	5,0
69,03	15,68	4,5	6,0	5,0
69,05	15,65	4,5	6,0	5,0
69,08	15,63	4,5	6,0	5,0
69,10	15,61	4,5	6,0	5,0
69,13	15,57	4,5	6,0	5,0
69,15	15,55	4,5	6,0	5,0
69,18	15,51	4,5	6,0	5,0
69,20	15,49	4,5	6,0	5,0
69,23	15,47	4,5	6,0	5,0
69,25	15,45	4,5	6,0	5,0
69,27	15,43	4,5	6,0	5,0
69,30	15,39	4,5	6,0	5,0
69,32	15,37	4,5	6,0	5,0
69,35	15,35	4,5	6,0	5,0
69,37	15,32	4,5	6,0	5,0
69,40	15,30	4,5	6,0	5,0
69,42	15,26	4,5	6,0	5,0
69,45	15,24	4,5	6,0	5,0
69,47	15,20	4,5	6,0	5,0
69,49	15,17	4,5	6,0	5,0
69,52	15,15	4,5	6,0	5,0
69,54	15,13	4,5	6,0	5,0
69,57	15,10	4,5	6,0	5,0
69,59	15,06	4,5	6,0	5,0
69,62	15,03	4,5	6,0	5,0
69,64	15,02	4,5	6,0	5,0
69,67	15,00	4,5	6,0	5,0
69,69	14,98	4,5	6,0	5,0
69,71	14,95	4,5	6,0	5,0
69,74	14,92	4,5	6,0	5,0
69,76	14,90	4,5	6,0	5,0
69,79	14,88	4,5	6,0	5,0
69,81	14,86	4,5	6,0	5,0
69,84	14,83	4,5	6,0	5,0
69,86	14,80	4,5	6,0	5,0
69,89	14,77	4,5	6,0	5,0
69,91	14,74	4,5	6,0	5,0
69,93	14,72	4,5	6,0	5,0
69,96	14,70	4,5	6,0	5,0
69,98	14,68	4,5	6,0	5,0
70,01	14,65	4,5	6,0	5,0
70,03	14,63	4,5	6,0	5,0
70,06	14,62	4,5	6,0	5,0
70,08	14,61	4,5	6,0	5,0
70,10	14,59	4,5	6,0	5,0
70,13	14,58	4,5	6,0	5,0
70,15	14,55	4,5	6,0	5,0
70,18	14,53	4,5	6,0	5,0
70,20	14,52	4,5	6,0	5,0
70,23	14,50	4,5	6,0	5,0
70,25	14,48	4,5	6,0	5,0
70,28	14,45	4,5	6,0	5,0
70,30	14,42	4,5	6,0	5,0
70,32	14,41	4,5	6,0	5,0
70,35	14,39	4,5	6,0	5,0
70,37	14,38	4,5	6,0	5,0
70,40	14,36	4,5	6,0	5,0
70,42	14,34	4,5	6,0	5,0
70,45	14,33	4,5	6,0	5,0
70,47	14,32	4,5	6,0	5,0
70,50	14,31	4,5	6,0	5,0
70,52	14,30	4,5	6,0	5,0
70,54	14,29	4,5	6,0	5,0
70,57	14,27	4,5	6,0	5,0
70,59	14,25	4,5	6,0	5,0
70,62	14,24	4,5	6,0	5,0
70,64	14,23	4,5	6,0	5,0
70,67	14,21	4,5	6,0	5,0
70,69	14,18	4,5	6,0	5,0
70,72	14,17	4,5	6,0	5,0
70,74	14,15	4,5	6,0	5,0
70,76	14,14	4,5	6,0	5,0
70,79	14,12	4,5	6,0	5,0
70,81	14,11	4,5	6,0	5,0
70,84	14,11	4,5	6,0	5,0
70,86	14,08	4,5	6,0	5,0
70,89	14,06	4,5	6,0	5,0
70,91	14,06	4,5	6,0	5,0
70,94	14,05	4,5	6,0	5,0
70,96	14,04	4,5	6,0	5,0
70,98	14,02	4,5	6,0	5,0
71,01	14,01	4,5	6,0	5,0
71,03	13,99	4,5	6,0	5,0
71,06	13,97	4,5	6,0	5,0
71,08	13,97	4,5	6,0	5,0
71,11	13,96	4,5	6,0	5,0
71,13	13,93	4,5	6,0	5,0
71,15	13,91	4,5	6,0	5,0
71,18	13,90	4,5	6,0	5,0
71,20	13,89	4,5	6,0	5,0
71,23	13,88	4,5	6,0	5,0
71,25	13,87	4,5	6,0	5,0
71,28	13,86	4,5	6,0	5,0
71,30	13,84	4,5	6,0	5,0
71,33	13,82	4,5	6,0	5,0
71,35	13,82	4,5	6,0	5,0
71,37	13,81	4,5	6,0	5,0
71,40	13,80	4,5	6,0	5,0
71,42	13,79	4,5	6,0	5,0
71,45	13,77	4,5	6,0	5,0
71,47	13,76	4,5	6,0	5,0
71,50	13,75	4,5	6,0	5,0
71,52	13,75	4,5	6,0	5,0
71,55	13,73	4,5	6,0	5,0
71,57	13,71	4,5	6,0	5,0
71,59	13,70	4,5	6,0	5,0
71,62	13,69	4,5	6,0	5,0
71,64	13,68	4,5	6,0	5,0
71,67	13,68	4,5	6,0	5,0
71,69	13,67	4,5	6,0	5,0
71,72	13,66	4,5	6,0	5,0
71,74	13,65	4,5	6,0	5,0
71,77	13,65	4,5	6,0	5,0
71,79	13,64	4,5	6,0	5,0
71,81	13,64	4,5	6,0	5,0
71,84	13,64	4,5	6,0	5,0
71,86	13,63	4,5	6,0	5,0
71,89	13,62	4,5	6,0	5,0
71,91	13,61	4,5	6,0	5,0
71,94	13,62	4,5	6,0	5,0
71,96	13,61	4,5	6,0	5,0
71,99	13,59	4,5	6,0	5,0
72,01	13,59	4,5	6,0	5,0
72,03	13,58	4,5	6,0	5,0
72,06	13,58	4,5	6,0	5,0
72,08	13,58	4,5	6,0	5,0
72,11	13,59	4,5	6,0	5,0
72,13	13,58	4,5	6,0	5,0
72,16	13,57	4,5	6,0	5,0
72,18	13,57	4,5	6,0	5,0
72,20	13,58	4,5	6,0	5,0
72,23	13,58	4,5	6,0	5,0
72,25	13,59	4,5	6,0	5,0
72,28	13,58	4,5	6,0	5,0
72,30	13,58	4,5	6,0	5,0
72,33	13,57	4,5	6,0	5,0
72,35	13,57	4,5	6,0	5,0
72,38	13,58	4,5	6,0	5,0
72,40	13,58	4,5	6,0	5,0
72,42	13,56	4,5	6,0	5,0
72,45	13,56	4,5	6,0	5,0
72,47	13,56	4,5	6,0	5,0
72,50	13,57	4,5	6,0	5,0
72,52	13,58	4,5	6,0	5,0
72,55	13,59	4,5	6,0	5,0
72,57	13,59	4,5	6,0	5,0
72,60	13,58	4,5	6,0	5,0
72,62	13,59	4,5	6,0	5,0
72,64	13,60	4,5	6,0	5,0
72,67	13,60	4,5	6,0	5,0
72,69	13,61	4,5	6,0	5,0
72,72	13,60	4,5	6,0	5,0
72,74	13,61	4,5	6,0	5,0
72,77	13,60	4,5	6,0	5,0
72,79	13,61	4,5	6,0	5,0
72,82	13,62	4,5	6,0	5,0
72,84	13,62	4,5	6,0	5,0
72,86	13,62	4,5	6,0	5,0
72,89	13,62	4,5	6,0	5,0
72,91	13,63	4,5	6,0	5,0
72,94	13,65	4,5	6,0	5,0
72,96	13,65	4,5	6,0	5,0
72,99	13,66	4,5	6,0	5,0
73,01	13,66	4,5	6,0	5,0
73,04	13,67	4,5	6,0	5,0
73,06	13,67	4,5	6,0	5,0
73,08	13,69	4,5	6,0	5,0
73,11	13,69	4,5	6,0	5,0
73,13	13,70	4,5	6,0	5,0
73,16	13,70	4,5	6,0	5,0
73,18	13,70	4,5	6,0	5,0
73,21	13,72	4,5	6,0	5,0
73,23	13,73	4,5	6,0	5,0
73,25	13,75	4,5	6,0	5,0
73,28	13,75	4,5	6,0	5,0
73,30	13,75	4,5	6,0	5,0
73,33	13,78	4,5	6,0	5,0
73,35	13,79	4,5	6,0	5,0
73,38	13,82	4,5	6,0	5,0
73,40	13,82	4,5	6,0	5,0
73,43	13,83	4,5	6,0	5,0
73,45	13,84	4,5	6,0	5,0
73,47	13,85	4,5	6,0	5,0
73,50	13,87	4,5	6,0	5,0
73,52	13,87	4,5	6,0	5,0
73,55	13,89	4,5	6,0	5,0
73,57	13,90	4,5	6,0	5,0
73,60	13,91	4,5	6,0	5,0
73,62	13,93	4,5	6,0	5,0
73,65	13,94	4,5	6,0	5,0
73,67	13,96	4,5	6,0	5,0
73,69	13,97	4,5	6,0	5,0
73,72	13,98	4,5	6,0	5,0
73,74	13,99	4,5	6,0	5,0
73,77	14,01	4,5	6,0	5,0
73,79	14,03	4,5	6,0	5,0
73,82	14,05	4,5	6,0	5,0
73,84	14,06	4,5	6,0	5,0
73,87	14,07	4,5	6,0	5,0
73,89	14,08	4,5	6,0	5,0
73,91	14,09	4,5	6,0	5,0
73,94	14,12	4,5	6,0	5,0
73,96	14,13	4,5	6,0	5,0
73,99	14,14	4,5	6,0	5,0
74,01	14,16	4,5	6,0	5,0
74,04	14,18	4,5	6,0	5,0
74,06	14,21	4,5	6,0	5,0
74,09	14,23	4,5	6,0	5,0
74,11	14,25	4,5	6,0	5,0
74,13	14,28	4,5	6,0	5,0
74,16	14,28	4,5	6,0	5,0
74,18	14,30	4,5	6,0	5,0
74,21	14,34	4,5	6,0	5,0
74,23	14,36	4,5	6,0	5,0
74,26	14,38	4,5	6,0	5,0
74,28	14,39	4,5	6,0	5,0
74,31	14,42	4,5	6,0	5,0
74,33	14,43	4,5	6,0	5,0
74,35	14,45	4,5	6,0	5,0
74,38	14,49	4,5	6,0	5,0
74,40	14,51	4,5	6,0	5,0
74,43	14,52	4,5	6,0	5,0
74,45	14,55	4,5	6,0	5,0
74,48	14,58	4,5	6,0	5,0
74,50	14,62	4,5	6,0	5,0
74,52	14,64	4,5	6,0	5,0
74,55	14,67	4,5	6,0	5,0
74,57	14,69	4,5	6,0	5,0
74,60	14,71	4,5	6,0	5,0
74,62	14,73	4,5	6,0	5,0
74,65	14,77	4,5	6,0	5,0
74,67	14,79	4,5	6,0	5,0
74,70	14,82	4,5	6,0	5,0
74,72	14,83	4,5	6,0	5,0
74,74	14,86	4,5	6,0	5,0
74,77	14,89	4,5	6,0	5,0
74,79	14,91	4,5	6,0	5,0
74,82	14,95	4,5	6,0	5,0
74,84	14,97	4,5	6,0	5,0
74,87	14,99	4,5	6,0	5,0
74,89	15,03	4,5	6,0	5,0
74,92	15,06	4,5	6,0	5,0
74,94	15,11	4,5	6,0	5,0
74,96	15,13	4,5	6,0	5,0
74,99	15,17	4,5	6,0	5,0
75,01	15,19	4,5	6,0	5,0
75,04	15,21	4,5	6,0	5,0
75,06	15,25	4,5	6,0	5,0
75,09	15,28	4,5	6,0	5,0
75,11	15,31	4,5	6,0	5,0
75,14	15,34	4,5	6,0	5,0
75,16	15,36	4,5	6,0	5,0
75,18	15,39	4,5	6,0	5,0
75,21	15,42	4,5	6,0	5,0
75,23	15,46	4,5	6,0	5,0
75,26	15,49	4,5	6,0	5,0
75,28	15,52	4,5	6,0	5,0
75,31	15,55	4,5	6,0	5,0
75,33	15,58	4,5	6,0	5,0
75,36	15,62	4,5	6,0	5,0
75,38	15,66	4,5	6,0	5,0
75,40	15,69	4,5	6,0	5,0
75,43	15,72	4,5	6,0	5,0
75,45	15,75	4,5	6,0	5,0
75,48	15,78	4,5	6,0	5,0
75,50	15,83	4,5	6,0	5,0
75,53	15,86	4,5	6,0	5,0
75,55	15,89	4,5	6,0	5,0
75,57	15,93	4,5	6,0	5,0
75,60	15,96	4,5	6,0	5,0
75,62	16,00	4,5	6,0	5,0
75,65	16,03	4,5	6,0	5,0
75,67	16,08	4,5	6,0	5,0
75,70	16,12	4,5	6,0	5,0
75,72	16,14	4,5	6,0	5,0
75,75	16,18	4,5	6,0	5,0
75,77	16,23	4,5	6,0	5,0
75,79	16,27	4,5	6,0	5,0
75,82	16,32	4,5	6,0	5,0
75,84	16,35	4,5	6,0	5,0
75,87	16,39	4,5	6,0	5,0
75,89	16,41	4,5	6,0	5,0
75,92	16,46	4,5	6,0	5,0
75,94	16,50	4,5	6,0	5,0
75,97	16,54	4,5	6,0	5,0
75,99	16,58	4,5	6,0	5,0
76,01	16,62	4,5	6,0	5,0
76,04	16,65	4,5	6,0	5,0
76,06	16,69	4,5	6,0	5,0
76,09	16,74	4,5	6,0	5,0
76,11	16,78	4,5	6,0	5,0
76,14	16,81	4,5	6,0	5,0
76,16	16,85	4,5	6,0	5,0
76,19	16,89	4,5	6,0	5,0
76,21	16,94	4,5	6,0	5,0
76,23	16,98	4,5	6,0	5,0
76,26	17,02	4,5	6,0	5,0
76,28	17,06	4,5	6,0	5,0
76,31	17,10	4,5	6,0	5,0
76,33	17,14	4,5	6,0	5,0
76,36	17,17	4,5	6,0	5,0
76,38	17,22	4,5	6,0	5,0
76,41	17,26	4,5	6,0	5,0
76,43	17,29	4,5	6,0	5,0
76,45	17,33	4,5	6,0	5,0
76,48	17,38	4,5	6,0	5,0
76,50	17,43	4,5	6,0	5,0
76,53	17,47	4,5	6,0	5,0
76,55	17,52	4,5	6,0	5,0
76,58	17,56	4,5	6,0	5,0
76,60	17,60	4,5	6,0	5,0
76,62	17,65	4,5	6,0	5,0
76,65	17,70	4,5	6,0	5,0
76,67	17,76	4,5	6,0	5,0
76,70	17,80	4,5	6,0	5,0
76,72	17,84	4,5	6,0	5,0
76,75	17,88	4,5	6,0	5,0
76,77	17,92	4,5	6,0	5,0
76,80	17,97	4,5	6,0	5,0
76,82	18,02	4,5	6,0	5,0
76,84	18,06	4,5	6,0	5,0
76,87	18,10	4,5	6,0	5,0
76,89	18,15	4,5	6,0	5,0
76,92	18,20	4,5	6,0	5,0
76,94	18,25	4,5	6,0	5,0
76,97	18,31	4,5	6,0	5,0
76,99	18,36	4,5	6,0	5,0
77,02	18,40	4,5	6,0	5,0
77,04	18,45	4,5	6,0	5,0
77,06	18,50	4,5	6,0	5,0
77,09	18,55	4,5	6,0	5,0
77,11	18,60	4,5	6,0	5,0
77,14	18,64	4,5	6,0	5,0
77,16	18,69	4,5	6,0	5,0
77,19	18,73	4,5	6,0	5,0
77,21	18,78	4,5	6,0	5,0
77,24	18,84	4,5	6,0	5,0
77,26	18,88	4,5	6,0	5,0
77,28	18,92	4,5	6,0	5,0
77,31	18,98	4,5	6,0	5,0
77,33	19,02	4,5	6,0	5,0
77,36	19,08	4,5	6,0	5,0
77,38	19,14	4,5	6,0	5,0
77,41	19,20	4,5	6,0	5,0
77,43	19,24	4,5	6,0	5,0
77,46	19,28	4,5	6,0	5,0
77,48	19,34	4,5	6,0	5,0
77,50	19,40	4,5	6,0	5,0
77,53	19,45	4,5	6,0	5,0
77,55	19,50	4,5	6,0	5,0
77,58	19,54	4,5	6,0	5,0
77,60	19,60	4,5	6,0	5,0
77,63	19,64	4,5	6,0	5,0
77,65	19,70	4,5	6,0	5,0
77,68	19,76	4,5	6,0	5,0
77,70	19,80	4,5	6,0	5,0
77,72	19,85	4,5	6,0	5,0
77,75	19,91	4,5	6,0	5,0
77,77	19,96	4,5	6,0	5,0
77,80	20,03	4,5	6,0	5,0
77,82	20,08	4,5	6,0	5,0
77,85	20,14	4,5	6,0	5,0
77,87	20,18	4,5	6,0	5,0
77,89	20,22	4,5	6,0	5,0
77,92	20,28	4,5	6,0	5,0
77,94	20,34	4,5	6,0	5,0
77,97	20,40	4,5	6,0	5,0
77,99	20,45	4,5	6,0	5,0
78,02	20,49	4,5	6,0	5,0
78,04	20,54	4,5	6,0	5,0
78,07	20,59	4,5	6,0	5,0
78,09	20,64	4,5	6,0	5,0
78,11	20,70	4,5	6,0	5,0
78,14	20,75	4,5	6,0	5,0
78,16	20,80	4,5	6,0	5,0
78,19	20,86	4,5	6,0	5,0
78,21	20,91	4,5	6,0	5,0
78,24	20,98	4,5	6,0	5,0
78,26	21,03	4,5	6,0	5,0
78,29	21,10	4,5	6,0	5,0
78,31	21,14	4,5	6,0	5,0
78,33	21,20	4,5	6,0	5,0
78,36	21,26	4,5	6,0	5,0
78,38	21,31	4,5	6,0	5,0
78,41	21,36	4,5	6,0	5,0
78,43	21,41	4,5	6,0	5,0
78,46	21,46	4,5	6,0	5,0
78,48	21,51	4,5	6,0	5,0
78,51	21,57	4,5	6,0	5,0
78,53	21,63	4,5	6,0	5,0
78,55	21,69	4,5	6,0	5,0
78,58	21,74	4,5	6,0	5,0
78,60	21,79	4,5	6,0	5,0
78,63	21,85	4,5	6,0	5,0
78,65	21,92	4,5	6,0	5,0
78,68	21,98	4,5	6,0	5,0
78,70	22,04	4,5	6,0	5,0
78,73	22,08	4,5	6,0	5,0
78,75	22,13	4,5	6,0	5,0
78,77	22,19	4,5	6,0	5,0
78,80	22,26	4,5	6,0	5,0
78,82	22,31	4,5	6,0	5,0
78,85	22,36	4,5	6,0	5,0
78,87	22,41	4,5	6,0	5,0
78,90	22,46	4,5	6,0	5,0
78,92	22,52	4,5	6,0	5,0
78,94	22,59	4,5	6,0	5,0
78,97	22,65	4,5	6,0	5,0
78,99	22,71	4,5	6,0	5,0
79,02	22,76	4,5	6,0	5,0
79,04	22,83	4,5	6,0	5,0
79,07	22,89	4,5	6,0	5,0
79,09	22,95	4,5	6,0	5,0
79,12	23,01	4,5	6,0	5,0
79,14	23,07	4,5	6,0	5,0
79,16	23,12	4,5	6,0	5,0
79,19	23,16	4,5	6,0	5,0
79,21	23,23	4,5	6,0	5,0
79,24	23,29	4,5	6,0	5,0
79,26	23,34	4,5	6,0	5,0
79,29	23,39	4,5	6,0	5,0
79,31	23,45	4,5	6,0	5,0
79,34	23,52	4,5	6,0	5,0
79,36	23,57	4,5	6,0	5,0
79,38	23,64	4,5	6,0	5,0
79,41	23,71	4,5	6,0	5,0
79,43	23,75	4,5	6,0	5,0
79,46	23,80	4,5	6,0	5,0
79,48	23,87	4,5	6,0	5,0
79,51	23,93	4,5	6,0	5,0
79,53	23,99	4,5	6,0	5,0
79,56	24,03	4,5	6,0	5,0
79,58	24,09	4,5	6,0	5,0
79,60	24,14	4,5	6,0	5,0
79,63	24,19	4,5	6,0	5,0
79,65	24,25	4,5	6,0	5,0
79,68	24,32	4,5	6,0	5,0
79,70	24,38	4,5	6,0	5,0
79,73	24,43	4,5	6,0	5,0
79,75	24,48	4,5	6,0	5,0
79,78	24,55	4,5	6,0	5,0
79,80	24,61	4,5	6,0	5,0
79,82	24,67	4,5	6,0	5,0
79,85	24,73	4,5	6,0	5,0
79,87	24,78	4,5	6,0	5,0
79,90	24,83	4,5	6,0	5,0
79,92	24,90	4,5	6,0	5,0
79,95	24,95	4,5	6,0	5,0
79,97	25,01	4,5	6,0	5,0
79,99	25,06	4,5	6,0	5,0
80,02	25,12	4,5	6,0	5,0
80,04	25,16	4,5	6,0	5,0
80,07	25,22	4,5	6,0	5,0
80,09	25,29	4,5	6,0	5,0
80,12	25,35	4,5	6,0	5,0
80,14	25,40	4,5	6,0	5,0
80,17	25,46	4,5	6,0	5,0
80,19	25,52	4,5	6,0	5,0
80,21	25,59	4,5	6,0	5,0
80,24	25,64	4,5	6,0	5,0
80,26	25,71	4,5	6,0	5,0
80,29	25,76	4,5	6,0	5,0
80,31	25,81	4,5	6,0	5,0
80,34	25,88	4,5	6,0	5,0
80,36	25,95	4,5	6,0	5,0
80,39	26,00	4,5	6,0	5,0
80,41	26,05	4,5	6,0	5,0
80,43	26,10	4,5	6,0	5,0
80,46	26,16	4,5	6,0	5,0
80,48	26,21	4,5	6,0	5,0
80,51	26,28	4,5	6,0	5,0
80,53	26,34	4,5	6,0	5,0
80,56	26,39	4,5	6,0	5,0
80,58	26,44	4,5	6,0	5,0
80,61	26,51	4,5	6,0	5,0
80,63	26,56	4,5	6,0	5,0
80,65	26,64	4,5	6,0	5,0
80,68	26,69	4,5	6,0	5,0
80,70	26,75	4,5	6,0	5,0
80,73	26,80	4,5	6,0	5,0
80,75	26,84	4,5	6,0	5,0
80,78	26,91	4,5	6,0	5,0
80,80	26,98	4,5	6,0	5,0
80,83	27,02	4,5	6,0	5,0
80,85	27,08	4,5	6,0	5,0
80,87	27,12	4,5	6,0	5,0
80,90	27,18	4,5	6,0	5,0
80,92	27,22	4,5	6,0	5,0
80,95	27,28	4,5	6,0	5,0
80,97	27,34	4,5	6,0	5,0
81,00	27,39	4,5	6,0	5,0
81,02	27,44	4,5	6,0	5,0
81,04	27,50	4,5	6,0	5,0
81,07	27,55	4,5	6,0	5,0
81,09	27,62	4,5	6,0	5,0
81,12	27,66	4,5	6,0	5,0
81,14	27,72	4,5	6,0	5,0
81,17	27,77	4,5	6,0	5,0
81,19	27,81	4,5	6,0	5,0
81,22	27,87	4,5	6,0	5,0
81,24	27,93	4,5	6,0	5,0
81,26	27,96	4,5	6,0	5,0
81,29	28,02	4,5	6,0	5,0
81,31	28,06	4,5	6,0	5,0
81,34	28,10	4,5	6,0	5,0
81,36	28,15	4,5	6,0	5,0
81,39	28,20	4,5	6,0	5,0
81,41	28,26	4,5	6,0	5,0
81,44	28,29	4,5	6,0	5,0
81,46	28,33	4,5	6,0	5,0
81,48	28,39	4,5	6,0	5,0
81,51	28,44	4,5	6,0	5,0
81,53	28,50	4,5	6,0	5,0
81,56	28,55	4,5	6,0	5,0
81,58	28,60	4,5	6,0	5,0
81,61	28,64	4,5	6,0	5,0
81,63	28,69	4,5	6,0	5,0
81,66	28,74	4,5	6,0	5,0
81,68	28,79	4,5	6,0	5,0
81,70	28,83	4,5	6,0	5,0
81,73	28,87	4,5	6,0	5,0
81,75	28,92	4,5	6,0	5,0
81,78	28,97	4,5	6,0	5,0
81,80	29,03	4,5	6,0	5,0
81,83	29,08	4,5	6,0	5,0
81,85	29,12	4,5	6,0	5,0
81,88	29,17	4,5	6,0	5,0
81,90	29,23	4,5	6,0	5,0
81,92	29,29	4,5	6,0	5,0
81,95	29,34	4,5	6,0	5,0
81,97	29,40	4,5	6,0	5,0
82,00	29,44	4,5	6,0	5,0
82,02	29,47	4,5	6,0	5,0
82,05	29,52	4,5	6,0	5,0
82,07	29,58	4,5	6,0	5,0
82,10	29,62	4,5	6,0	5,0
82,12	29,66	4,5	6,0	5,0
82,14	29,70	4,5	6,0	5,0
82,17	29,75	4,5	6,0	5,0
82,19	29,80	4,5	6,0	5,0
82,22	29,85	4,5	6,0	5,0
82,24	29,90	4,5	6,0	5,0
82,27	29,95	4,5	6,0	5,0
82,29	29,99	4,5	6,0	5,0
82,31	30,03	4,5	6,0	5,0
82,34	30,10	4,5	6,0	5,0
82,36	30,15	4,5	6,0	5,0
82,39	30,20	4,5	6,0	5,0
82,41	30,24	4,5	6,0	5,0
82,44	30,28	4,5	6,0	5,0
82,46	30,32	4,5	6,0	5,0
82,49	30,36	4,5	6,0	5,0
82,51	30,41	4,5	6,0	5,0
82,53	30,46	4,5	6,0	5,0
82,56	30,50	4,5	6,0	5,0
82,58	30,54	4,5	6,0	5,0
82,61	30,58	4,5	6,0	5,0
82,63	30,64	4,5	6,0	5,0
82,66	30,68	4,5	6,0	5,0
82,68	30,74	4,5	6,0	5,0
82,71	30,78	4,5	6,0	5,0
82,73	30,81	4,5	6,0	5,0
82,75	30,85	4,5	6,0	5,0
82,78	30,90	4,5	6,0	5,0
82,80	30,94	4,5	6,0	5,0
82,83	30,99	4,5	6,0	5,0
82,85	31,02	4,5	6,0	5,0
82,88	31,05	4,5	6,0	5,0
82,90	31,08	4,5	6,0	5,0
82,93	31,12	4,5	6,0	5,0
82,95	31,17	4,5	6,0	5,0
82,97	31,21	4,5	6,0	5,0
83,00	31,24	4,5	6,0	5,0
83,02	31,28	4,5	6,0	5,0
83,05	31,31	4,5	6,0	5,0
83,07	31,36	4,5	6,0	5,0
83,10	31,40	4,5	6,0	5,0
83,12	31,43	4,5	6,0	5,0
83,15	31,47	4,5	6,0	5,0
83,17	31,49	4,5	6,0	5,0
83,19	31,52	4,5	6,0	5,0
83,22	31,57	4,5	6,0	5,0
83,24	31,60	4,5	6,0	5,0
83,27	31,63	4,5	6,0	5,0
83,29	31,65	4,5	6,0	5,0
83,32	31,69	4,5	6,0	5,0
83,34	31,72	4,5	6,0	5,0
83,36	31,75	4,5	6,0	5,0
83,39	31,80	4,5	6,0	5,0
83,41	31,82	4,5	6,0	5,0
83,44	31,84	4,5	6,0	5,0
83,46	31,89	4,5	6,0	5,0
83,49	31,92	4,5	6,0	5,0
83,51	31,97	4,5	6,0	5,0
83,54	32,00	4,5	6,0	5,0
83,56	32,03	4,5	6,0	5,0
83,58	32,05	4,5	6,0	5,0
83,61	32,08	4,5	6,0	5,0
83,63	32,13	4,5	6,0	5,0
83,66	32,17	4,5	6,0	5,0
83,68	32,19	4,5	6,0	5,0
83,71	32,23	4,5	6,0	5,0
83,73	32,25	4,5	6,0	5,0
83,76	32,28	4,5	6,0	5,0
83,78	32,31	4,5	6,0	5,0
83,80	32,36	4,5	6,0	5,0
83,83	32,39	4,5	6,0	5,0
83,85	32,41	4,5	6,0	5,0
83,88	32,44	4,5	6,0	5,0
83,90	32,49	4,5	6,0	5,0
83,93	32,51	4,5	6,0	5,0
83,95	32,56	4,5	6,0	5,0
83,98	32,59	4,5	6,0	5,0
84,00	32,62	4,5	6,0	5,0
84,02	32,65	4,5	6,0	5,0
84,05	32,68	4,5	6,0	5,0
84,07	32,72	4,5	6,0	5,0
84,10	32,75	4,5	6,0	5,0
84,12	32,76	4,5	6,0	5,0
84,15	32,80	4,5	6,0	5,0
84,17	32,82	4,5	6,0	5,0
84,20	32,85	4,5	6,0	5,0
84,22	32,86	4,5	6,0	5,0
84,24	32,90	4,5	6,0	5,0
84,27	32,93	4,5	6,0	5,0
84,29	32,94	4,5	6,0	5,0
84,32	32,97	4,5	6,0	5,0
84,34	33,01	4,5	6,0	5,0
84,37	33,04	4,5	6,0	5,0
84,39	33,07	4,5	6,0	5,0
84,41	33,09	4,5	6,0	5,0
84,44	33,12	4,5	6,0	5,0
84,46	33,13	4,5	6,0	5,0
84,49	33,15	4,5	6,0	5,0
84,51	33,18	4,5	6,0	5,0
84,54	33,21	4,5	6,0	5,0
84,56	33,23	4,5	6,0	5,0
84,59	33,24	4,5	6,0	5,0
84,61	33,26	4,5	6,0	5,0
84,63	33,29	4,5	6,0	5,0
84,66	33,32	4,5	6,0	5,0
84,68	33,35	4,5	6,0	5,0
84,71	33,38	4,5	6,0	5,0
84,73	33,40	4,5	6,0	5,0
84,76	33,42	4,5	6,0	5,0
84,78	33,45	4,5	6,0	5,0
84,81	33,48	4,5	6,0	5,0
84,83	33,51	4,5	6,0	5,0
84,85	33,53	4,5	6,0	5,0
84,88	33,55	4,5	6,0	5,0
84,90	33,57	4,5	6,0	5,0
84,93	33,60	4,5	6,0	5,0
84,95	33,63	4,5	6,0	5,0
84,98	33,65	4,5	6,0	5,0
85,00	33,67	4,5	6,0	5,0
85,03	33,69	4,5	6,0	5,0
85,05	33,71	4,5	6,0	5,0
85,07	33,73	4,5	6,0	5,0
85,10	33,76	4,5	6,0	5,0
85,12	33,80	4,5	6,0	5,0
85,15	33,81	4,5	6,0	5,0
85,17	33,83	4,5	6,0	5,0
85,20	33,87	4,5	6,0	5,0
85,22	33,89	4,5	6,0	5,0
85,25	33,92	4,5	6,0	5,0
85,27	33,94	4,5	6,0	5,0
85,29	33,96	4,5	6,0	5,0
85,32	33,96	4,5	6,0	5,0
85,34	33,98	4,5	6,0	5,0
85,37	34,01	4,5	6,0	5,0
85,39	34,03	4,5	6,0	5,0
85,42	34,05	4,5	6,0	5,0
85,44	34,07	4,5	6,0	5,0
85,47	34,08	4,5	6,0	5,0
85,49	34,10	4,5	6,0	5,0
85,51	34,12	4,5	6,0	5,0
85,54	34,14	4,5	6,0	5,0
85,56	34,16	4,5	6,0	5,0
85,59	34,17	4,5	6,0	5,0
85,61	34,19	4,5	6,0	5,0
85,64	34,22	4,5	6,0	5,0
85,66	34,24	4,5	6,0	5,0
85,68	34,27	4,5	6,0	5,0
85,71	34,28	4,5	6,0	5,0
85,73	34,29	4,5	6,0	5,0
85,76	34,29	4,5	6,0	5,0
85,78	34,31	4,5	6,0	5,0
85,81	34,35	4,5	6,0	5,0
85,83	34,37	4,5	6,0	5,0
85,86	34,37	4,5	6,0	5,0
85,88	34,39	4,5	6,0	5,0
85,90	34,40	4,5	6,0	5,0
85,93	34,43	4,5	6,0	5,0
85,95	34,44	4,5	6,0	5,0
85,98	34,47	4,5	6,0	5,0
86,00	34,49	4,5	6,0	5,0
86,03	34,49	4,5	6,0	5,0
86,05	34,50	4,5	6,0	5,0
86,08	34,53	4,5	6,0	5,0
86,10	34,54	4,5	6,0	5,0
86,12	34,56	4,5	6,0	5,0
86,15	34,56	4,5	6,0	5,0
86,17	34,59	4,5	6,0	5,0
86,20	34,59	4,5	6,0	5,0
86,22	34,60	4,5	6,0	5,0
86,25	34,63	4,5	6,0	5,0
86,27	34,64	4,5	6,0	5,0
86,30	34,65	4,5	6,0	5,0
86,32	34,66	4,5	6,0	5,0
86,34	34,68	4,5	6,0	5,0
86,37	34,72	4,5	6,0	5,0
86,39	34,73	4,5	6,0	5,0
86,42	34,74	4,5	6,0	5,0
86,44	34,75	4,5	6,0	5,0
86,47	34,76	4,5	6,0	5,0
86,49	34,77	4,5	6,0	5,0
86,52	34,80	4,5	6,0	5,0
86,54	34,81	4,5	6,0	5,0
86,56	34,82	4,5	6,0	5,0
86,59	34,81	4,5	6,0	5,0
86,61	34,83	4,5	6,0	5,0
86,64	34,83	4,5	6,0	5,0
86,66	34,86	4,5	6,0	5,0
86,69	34,88	4,5	6,0	5,0
86,71	34,88	4,5	6,0	5,0
86,73	34,89	4,5	6,0	5,0
86,76	34,92	4,5	6,0	5,0
86,78	34,92	4,5	6,0	5,0
86,81	34,95	4,5	6,0	5,0
86,83	34,96	4,5	6,0	5,0
86,86	34,97	4,5	6,0	5,0
86,88	34,98	4,5	6,0	5,0
86,91	34,99	4,5	6,0	5,0
86,93	35,02	4,5	6,0	5,0
86,95	35,04	4,5	6,0	5,0
86,98	35,04	4,5	6,0	5,0
87,00	35,05	4,5	6,0	5,0
87,03	35,05	4,5	6,0	5,0
87,05	35,06	4,5	6,0	5,0
87,08	35,08	4,5	6,0	5,0
87,10	35,11	4,5	6,0	5,0
87,13	35,13	4,5	6,0	5,0
87,15	35,13	4,5	6,0	5,0
87,17	35,15	4,5	6,0	5,0
87,20	35,18	4,5	6,0	5,0
87,22	35,19	4,5	6,0	5,0
87,25	35,22	4,5	6,0	5,0
87,27	35,23	4,5	6,0	5,0
87,30	35,25	4,5	6,0	5,0
87,32	35,25	4,5	6,0	5,0
87,35	35,27	4,5	6,0	5,0
87,37	35,30	4,5	6,0	5,0
87,39	35,31	4,5	6,0	5,0
87,42	35,31	4,5	6,0	5,0
87,44	35,33	4,5	6,0	5,0
87,47	35,34	4,5	6,0	5,0
87,49	35,36	4,5	6,0	5,0
87,52	35,37	4,5	6,0	5,0
87,54	35,39	4,5	6,0	5,0
87,57	35,41	4,5	6,0	5,0
87,59	35,41	4,5	6,0	5,0
87,61	35,42	4,5	6,0	5,0
87,64	35,45	4,5	6,0	5,0
87,66	35,47	4,5	6,0	5,0
87,69	35,48	4,5	6,0	5,0
87,71	35,49	4,5	6,0	5,0
87,74	35,50	4,5	6,0	5,0
87,76	35,50	4,5	6,0	5,0
87,78	35,52	4,5	6,0	5,0
87,81	35,54	4,5	6,0	5,0
87,83	35,55	4,5	6,0	5,0
87,86	35,56	4,5	6,0	5,0
87,88	35,56	4,5	6,0	5,0
87,91	35,57	4,5	6,0	5,0
87,93	35,58	4,5	6,0	5,0
87,96	35,61	4,5	6,0	5,0
87,98	35,62	4,5	6,0	5,0
88,00	35,64	4,5	6,0	5,0
88,03	35,65	4,5	6,0	5,0
88,05	35,66	4,5	6,0	5,0
88,08	35,68	4,5	6,0	5,0
88,10	35,69	4,5	6,0	5,0
88,13	35,70	4,5	6,0	5,0
88,15	35,71	4,5	6,0	5,0
88,18	35,72	4,5	6,0	5,0
88,20	35,73	4,5	6,0	5,0
88,22	35,75	4,5	6,0	5,0
88,25	35,77	4,5	6,0	5,0
88,27	35,77	4,5	6,0	5,0
88,30	35,78	4,5	6,0	5,0
88,32	35,79	4,5	6,0	5,0
88,35	35,80	4,5	6,0	5,0
88,37	35,81	4,5	6,0	5,0
88,40	35,84	4,5	6,0	5,0
88,42	35,85	4,5	6,0	5,0
88,44	35,86	4,5	6,0	5,0
88,47	35,86	4,5	6,0	5,0
88,49	35,89	4,5	6,0	5,0
88,52	35,90	4,5	6,0	5,0
88,54	35,93	4,5	6,0	5,0
88,57	35,93	4,5	6,0	5,0
88,59	35,95	4,5	6,0	5,0
88,62	35,95	4,5	6,0	5,0
88,64	35,97	4,5	6,0	5,0
88,66	35,99	4,5	6,0	5,0
88,69	36,01	4,5	6,0	5,0
88,71	36,01	4,5	6,0	5,0
88,74	36,02	4,5	6,0	5,0
88,76	36,03	4,5	6,0	5,0
88,79	36,06	4,5	6,0	5,0
88,81	36,08	4,5	6,0	5,0
88,83	36,11	4,5	6,0	5,0
88,86	36,12	4,5	6,0	5,0
88,88	36,12	4,5	6,0	5,0
88,91	36,14	4,5	6,0	5,0
88,93	36,17	4,5	6,0	5,0
88,96	36,19	4,5	6,0	5,0
88,98	36,21	4,5	6,0	5,0
89,01	36,21	4,5	6,0	5,0
89,03	36,22	4,5	6,0	5,0
89,05	36,22	4,5	6,0	5,0
89,08	36,24	4,5	6,0	5,0
89,10	36,27	4,5	6,0	5,0
89,13	36,29	4,5	6,0	5,0
89,15	36,29	4,5	6,0	5,0
89,18	36,31	4,5	6,0	5,0
89,20	36,32	4,5	6,0	5,0
89,23	36,35	4,5	6,0	5,0
89,25	36,36	4,5	6,0	5,0
89,27	36,39	4,5	6,0	5,0
89,30	36,40	4,5	6,0	5,0
89,32	36,40	4,5	6,0	5,0
89,35	36,43	4,5	6,0	5,0
89,37	36,46	4,5	6,0	5,0
89,40	36,47	4,5	6,0	5,0
89,42	36,49	4,5	6,0	5,0
89,45	36,49	4,5	6,0	5,0
89,47	36,50	4,5	6,0	5,0
89,49	36,52	4,5	6,0	5,0
89,52	36,54	4,5	6,0	5,0
89,54	36,57	4,5	6,0	5,0
89,57	36,58	4,5	6,0	5,0
89,59	36,60	4,5	6,0	5,0
89,62	36,63	4,5	6,0	5,0
89,64	36,65	4,5	6,0	5,0
89,67	36,69	4,5	6,0	5,0
89,69	36,70	4,5	6,0	5,0
89,71	36,69	4,5	6,0	5,0
89,74	36,67	4,5	6,0	5,0
89,76	36,68	4,5	6,0	5,0
89,79	36,70	4,5	6,0	5,0
89,81	36,69	4,5	6,0	5,0
89,84	36,67	4,5	6,0	5,0
89,86	36,68	4,5	6,0	5,0
89,89	36,66	4,5	6,0	5,0
89,91	36,65	4,5	6,0	5,0
89,93	36,66	4,5	6,0	5,0
89,96	36,66	4,5	6,0	5,0
89,98	36,64	4,5	6,0	5,0
