Voltage U1	Corriente IA	Voltage U2	Voltage U3	Voltage UH
U1/V	IA/nA	U2/V	U3/V	UH/V

0,02	0,33	3,0	6,0	4,7
0,04	0,32	3,0	6,0	4,7
0,07	0,31	3,0	6,0	4,7
0,09	0,30	3,0	6,0	4,7
0,12	0,28	3,0	6,0	4,7
0,14	0,27	3,0	6,0	4,7
0,17	0,26	3,0	6,0	4,7
0,19	0,24	3,0	6,0	4,7
0,21	0,22	3,0	6,0	4,7
0,24	0,22	3,0	6,0	4,7
0,26	0,21	3,0	6,0	4,7
0,29	0,19	3,0	6,0	4,7
0,31	0,17	3,0	6,0	4,7
0,34	0,17	3,0	6,0	4,7
0,36	0,18	3,0	6,0	4,7
0,39	0,18	3,0	6,0	4,7
0,41	0,19	3,0	6,0	4,7
0,43	0,17	3,0	6,0	4,7
0,46	0,17	3,0	6,0	4,7
0,48	0,18	3,0	6,0	4,7
0,51	0,18	3,0	6,0	4,7
0,53	0,18	3,0	6,0	4,7
0,56	0,18	3,0	6,0	4,7
0,58	0,17	3,0	6,0	4,7
0,61	0,17	3,0	6,0	4,7
0,63	0,17	3,0	6,0	4,7
0,65	0,18	3,0	6,0	4,7
0,68	0,18	3,0	6,0	4,7
0,70	0,17	3,0	6,0	4,7
0,73	0,17	3,0	6,0	4,7
0,75	0,18	3,0	6,0	4,7
0,78	0,18	3,0	6,0	4,7
0,80	0,19	3,0	6,0	4,7
0,83	0,19	3,0	6,0	4,7
0,85	0,19	3,0	6,0	4,7
0,87	0,19	3,0	6,0	4,7
0,90	0,18	3,0	6,0	4,7
0,92	0,20	3,0	6,0	4,7
0,95	0,20	3,0	6,0	4,7
0,97	0,20	3,0	6,0	4,7
1,00	0,20	3,0	6,0	4,7
1,02	0,19	3,0	6,0	4,7
1,05	0,19	3,0	6,0	4,7
1,07	0,19	3,0	6,0	4,7
1,09	0,20	3,0	6,0	4,7
1,12	0,20	3,0	6,0	4,7
1,14	0,20	3,0	6,0	4,7
1,17	0,20	3,0	6,0	4,7
1,19	0,21	3,0	6,0	4,7
1,22	0,21	3,0	6,0	4,7
1,24	0,21	3,0	6,0	4,7
1,26	0,21	3,0	6,0	4,7
1,29	0,21	3,0	6,0	4,7
1,31	0,21	3,0	6,0	4,7
1,34	0,21	3,0	6,0	4,7
1,36	0,22	3,0	6,0	4,7
1,39	0,22	3,0	6,0	4,7
1,41	0,22	3,0	6,0	4,7
1,44	0,22	3,0	6,0	4,7
1,46	0,22	3,0	6,0	4,7
1,48	0,22	3,0	6,0	4,7
1,51	0,22	3,0	6,0	4,7
1,53	0,22	3,0	6,0	4,7
1,56	0,22	3,0	6,0	4,7
1,58	0,22	3,0	6,0	4,7
1,61	0,22	3,0	6,0	4,7
1,63	0,23	3,0	6,0	4,7
1,66	0,23	3,0	6,0	4,7
1,68	0,23	3,0	6,0	4,7
1,70	0,23	3,0	6,0	4,7
1,73	0,23	3,0	6,0	4,7
1,75	0,23	3,0	6,0	4,7
1,78	0,23	3,0	6,0	4,7
1,80	0,24	3,0	6,0	4,7
1,83	0,23	3,0	6,0	4,7
1,85	0,23	3,0	6,0	4,7
1,88	0,23	3,0	6,0	4,7
1,90	0,23	3,0	6,0	4,7
1,92	0,24	3,0	6,0	4,7
1,95	0,24	3,0	6,0	4,7
1,97	0,24	3,0	6,0	4,7
2,00	0,23	3,0	6,0	4,7
2,02	0,24	3,0	6,0	4,7
2,05	0,25	3,0	6,0	4,7
2,07	0,25	3,0	6,0	4,7
2,10	0,26	3,0	6,0	4,7
2,12	0,26	3,0	6,0	4,7
2,14	0,26	3,0	6,0	4,7
2,17	0,24	3,0	6,0	4,7
2,19	0,24	3,0	6,0	4,7
2,22	0,25	3,0	6,0	4,7
2,24	0,26	3,0	6,0	4,7
2,27	0,25	3,0	6,0	4,7
2,29	0,25	3,0	6,0	4,7
2,31	0,25	3,0	6,0	4,7
2,34	0,25	3,0	6,0	4,7
2,36	0,26	3,0	6,0	4,7
2,39	0,26	3,0	6,0	4,7
2,41	0,26	3,0	6,0	4,7
2,44	0,26	3,0	6,0	4,7
2,46	0,26	3,0	6,0	4,7
2,49	0,27	3,0	6,0	4,7
2,51	0,27	3,0	6,0	4,7
2,53	0,27	3,0	6,0	4,7
2,56	0,27	3,0	6,0	4,7
2,58	0,27	3,0	6,0	4,7
2,61	0,26	3,0	6,0	4,7
2,63	0,25	3,0	6,0	4,7
2,66	0,27	3,0	6,0	4,7
2,68	0,27	3,0	6,0	4,7
2,71	0,26	3,0	6,0	4,7
2,73	0,26	3,0	6,0	4,7
2,75	0,26	3,0	6,0	4,7
2,78	0,28	3,0	6,0	4,7
2,80	0,28	3,0	6,0	4,7
2,83	0,29	3,0	6,0	4,7
2,85	0,29	3,0	6,0	4,7
2,88	0,28	3,0	6,0	4,7
2,90	0,28	3,0	6,0	4,7
2,93	0,29	3,0	6,0	4,7
2,95	0,29	3,0	6,0	4,7
2,97	0,30	3,0	6,0	4,7
3,00	0,28	3,0	6,0	4,7
3,02	0,29	3,0	6,0	4,7
3,05	0,28	3,0	6,0	4,7
3,07	0,28	3,0	6,0	4,7
3,10	0,29	3,0	6,0	4,7
3,12	0,29	3,0	6,0	4,7
3,15	0,29	3,0	6,0	4,7
3,17	0,29	3,0	6,0	4,7
3,19	0,30	3,0	6,0	4,7
3,22	0,31	3,0	6,0	4,7
3,24	0,31	3,0	6,0	4,7
3,27	0,30	3,0	6,0	4,7
3,29	0,30	3,0	6,0	4,7
3,32	0,30	3,0	6,0	4,7
3,34	0,31	3,0	6,0	4,7
3,36	0,31	3,0	6,0	4,7
3,39	0,31	3,0	6,0	4,7
3,41	0,31	3,0	6,0	4,7
3,44	0,30	3,0	6,0	4,7
3,46	0,30	3,0	6,0	4,7
3,49	0,30	3,0	6,0	4,7
3,51	0,31	3,0	6,0	4,7
3,54	0,31	3,0	6,0	4,7
3,56	0,30	3,0	6,0	4,7
3,58	0,31	3,0	6,0	4,7
3,61	0,32	3,0	6,0	4,7
3,63	0,32	3,0	6,0	4,7
3,66	0,33	3,0	6,0	4,7
3,68	0,32	3,0	6,0	4,7
3,71	0,33	3,0	6,0	4,7
3,73	0,32	3,0	6,0	4,7
3,76	0,32	3,0	6,0	4,7
3,78	0,33	3,0	6,0	4,7
3,80	0,33	3,0	6,0	4,7
3,83	0,33	3,0	6,0	4,7
3,85	0,33	3,0	6,0	4,7
3,88	0,32	3,0	6,0	4,7
3,90	0,32	3,0	6,0	4,7
3,93	0,32	3,0	6,0	4,7
3,95	0,33	3,0	6,0	4,7
3,98	0,33	3,0	6,0	4,7
4,00	0,32	3,0	6,0	4,7
4,02	0,33	3,0	6,0	4,7
4,05	0,33	3,0	6,0	4,7
4,07	0,33	3,0	6,0	4,7
4,10	0,33	3,0	6,0	4,7
4,12	0,33	3,0	6,0	4,7
4,15	0,33	3,0	6,0	4,7
4,17	0,33	3,0	6,0	4,7
4,20	0,33	3,0	6,0	4,7
4,22	0,34	3,0	6,0	4,7
4,24	0,34	3,0	6,0	4,7
4,27	0,34	3,0	6,0	4,7
4,29	0,34	3,0	6,0	4,7
4,32	0,34	3,0	6,0	4,7
4,34	0,34	3,0	6,0	4,7
4,37	0,33	3,0	6,0	4,7
4,39	0,34	3,0	6,0	4,7
4,42	0,35	3,0	6,0	4,7
4,44	0,34	3,0	6,0	4,7
4,46	0,34	3,0	6,0	4,7
4,49	0,35	3,0	6,0	4,7
4,51	0,36	3,0	6,0	4,7
4,54	0,35	3,0	6,0	4,7
4,56	0,35	3,0	6,0	4,7
4,59	0,35	3,0	6,0	4,7
4,61	0,34	3,0	6,0	4,7
4,63	0,35	3,0	6,0	4,7
4,66	0,36	3,0	6,0	4,7
4,68	0,35	3,0	6,0	4,7
4,71	0,35	3,0	6,0	4,7
4,73	0,35	3,0	6,0	4,7
4,76	0,35	3,0	6,0	4,7
4,78	0,35	3,0	6,0	4,7
4,81	0,35	3,0	6,0	4,7
4,83	0,35	3,0	6,0	4,7
4,85	0,35	3,0	6,0	4,7
4,88	0,35	3,0	6,0	4,7
4,90	0,36	3,0	6,0	4,7
4,93	0,36	3,0	6,0	4,7
4,95	0,36	3,0	6,0	4,7
4,98	0,37	3,0	6,0	4,7
5,00	0,37	3,0	6,0	4,7
5,03	0,36	3,0	6,0	4,7
5,05	0,36	3,0	6,0	4,7
5,07	0,37	3,0	6,0	4,7
5,10	0,37	3,0	6,0	4,7
5,12	0,37	3,0	6,0	4,7
5,15	0,37	3,0	6,0	4,7
5,17	0,37	3,0	6,0	4,7
5,20	0,37	3,0	6,0	4,7
5,22	0,37	3,0	6,0	4,7
5,25	0,38	3,0	6,0	4,7
5,27	0,38	3,0	6,0	4,7
5,29	0,38	3,0	6,0	4,7
5,32	0,39	3,0	6,0	4,7
5,34	0,40	3,0	6,0	4,7
5,37	0,39	3,0	6,0	4,7
5,39	0,40	3,0	6,0	4,7
5,42	0,40	3,0	6,0	4,7
5,44	0,40	3,0	6,0	4,7
5,47	0,39	3,0	6,0	4,7
5,49	0,39	3,0	6,0	4,7
5,51	0,40	3,0	6,0	4,7
5,54	0,40	3,0	6,0	4,7
5,56	0,39	3,0	6,0	4,7
5,59	0,39	3,0	6,0	4,7
5,61	0,39	3,0	6,0	4,7
5,64	0,40	3,0	6,0	4,7
5,66	0,40	3,0	6,0	4,7
5,68	0,41	3,0	6,0	4,7
5,71	0,41	3,0	6,0	4,7
5,73	0,40	3,0	6,0	4,7
5,76	0,40	3,0	6,0	4,7
5,78	0,41	3,0	6,0	4,7
5,81	0,41	3,0	6,0	4,7
5,83	0,42	3,0	6,0	4,7
5,86	0,41	3,0	6,0	4,7
5,88	0,41	3,0	6,0	4,7
5,90	0,40	3,0	6,0	4,7
5,93	0,39	3,0	6,0	4,7
5,95	0,41	3,0	6,0	4,7
5,98	0,40	3,0	6,0	4,7
6,00	0,40	3,0	6,0	4,7
6,03	0,40	3,0	6,0	4,7
6,05	0,40	3,0	6,0	4,7
6,08	0,41	3,0	6,0	4,7
6,10	0,41	3,0	6,0	4,7
6,12	0,42	3,0	6,0	4,7
6,15	0,42	3,0	6,0	4,7
6,17	0,42	3,0	6,0	4,7
6,20	0,43	3,0	6,0	4,7
6,22	0,43	3,0	6,0	4,7
6,25	0,42	3,0	6,0	4,7
6,27	0,42	3,0	6,0	4,7
6,30	0,41	3,0	6,0	4,7
6,32	0,41	3,0	6,0	4,7
6,34	0,41	3,0	6,0	4,7
6,37	0,42	3,0	6,0	4,7
6,39	0,42	3,0	6,0	4,7
6,42	0,42	3,0	6,0	4,7
6,44	0,42	3,0	6,0	4,7
6,47	0,43	3,0	6,0	4,7
6,49	0,44	3,0	6,0	4,7
6,52	0,45	3,0	6,0	4,7
6,54	0,45	3,0	6,0	4,7
6,56	0,45	3,0	6,0	4,7
6,59	0,45	3,0	6,0	4,7
6,61	0,45	3,0	6,0	4,7
6,64	0,46	3,0	6,0	4,7
6,66	0,46	3,0	6,0	4,7
6,69	0,45	3,0	6,0	4,7
6,71	0,45	3,0	6,0	4,7
6,73	0,44	3,0	6,0	4,7
6,76	0,44	3,0	6,0	4,7
6,78	0,44	3,0	6,0	4,7
6,81	0,45	3,0	6,0	4,7
6,83	0,45	3,0	6,0	4,7
6,86	0,45	3,0	6,0	4,7
6,88	0,45	3,0	6,0	4,7
6,91	0,46	3,0	6,0	4,7
6,93	0,45	3,0	6,0	4,7
6,95	0,46	3,0	6,0	4,7
6,98	0,46	3,0	6,0	4,7
7,00	0,46	3,0	6,0	4,7
7,03	0,44	3,0	6,0	4,7
7,05	0,45	3,0	6,0	4,7
7,08	0,46	3,0	6,0	4,7
7,10	0,46	3,0	6,0	4,7
7,13	0,45	3,0	6,0	4,7
7,15	0,45	3,0	6,0	4,7
7,17	0,45	3,0	6,0	4,7
7,20	0,44	3,0	6,0	4,7
7,22	0,45	3,0	6,0	4,7
7,25	0,46	3,0	6,0	4,7
7,27	0,45	3,0	6,0	4,7
7,30	0,45	3,0	6,0	4,7
7,32	0,45	3,0	6,0	4,7
7,35	0,46	3,0	6,0	4,7
7,37	0,46	3,0	6,0	4,7
7,39	0,46	3,0	6,0	4,7
7,42	0,46	3,0	6,0	4,7
7,44	0,46	3,0	6,0	4,7
7,47	0,45	3,0	6,0	4,7
7,49	0,46	3,0	6,0	4,7
7,52	0,46	3,0	6,0	4,7
7,54	0,46	3,0	6,0	4,7
7,57	0,45	3,0	6,0	4,7
7,59	0,46	3,0	6,0	4,7
7,61	0,46	3,0	6,0	4,7
7,64	0,46	3,0	6,0	4,7
7,66	0,47	3,0	6,0	4,7
7,69	0,47	3,0	6,0	4,7
7,71	0,47	3,0	6,0	4,7
7,74	0,46	3,0	6,0	4,7
7,76	0,47	3,0	6,0	4,7
7,78	0,47	3,0	6,0	4,7
7,81	0,48	3,0	6,0	4,7
7,83	0,47	3,0	6,0	4,7
7,86	0,48	3,0	6,0	4,7
7,88	0,47	3,0	6,0	4,7
7,91	0,47	3,0	6,0	4,7
7,93	0,48	3,0	6,0	4,7
7,96	0,48	3,0	6,0	4,7
7,98	0,48	3,0	6,0	4,7
8,00	0,48	3,0	6,0	4,7
8,03	0,48	3,0	6,0	4,7
8,05	0,48	3,0	6,0	4,7
8,08	0,48	3,0	6,0	4,7
8,10	0,49	3,0	6,0	4,7
8,13	0,49	3,0	6,0	4,7
8,15	0,49	3,0	6,0	4,7
8,18	0,49	3,0	6,0	4,7
8,20	0,50	3,0	6,0	4,7
8,22	0,50	3,0	6,0	4,7
8,25	0,50	3,0	6,0	4,7
8,27	0,50	3,0	6,0	4,7
8,30	0,49	3,0	6,0	4,7
8,32	0,50	3,0	6,0	4,7
8,35	0,50	3,0	6,0	4,7
8,37	0,51	3,0	6,0	4,7
8,40	0,51	3,0	6,0	4,7
8,42	0,50	3,0	6,0	4,7
8,44	0,50	3,0	6,0	4,7
8,47	0,50	3,0	6,0	4,7
8,49	0,50	3,0	6,0	4,7
8,52	0,51	3,0	6,0	4,7
8,54	0,51	3,0	6,0	4,7
8,57	0,51	3,0	6,0	4,7
8,59	0,50	3,0	6,0	4,7
8,62	0,51	3,0	6,0	4,7
8,64	0,52	3,0	6,0	4,7
8,66	0,51	3,0	6,0	4,7
8,69	0,52	3,0	6,0	4,7
8,71	0,51	3,0	6,0	4,7
8,74	0,51	3,0	6,0	4,7
8,76	0,50	3,0	6,0	4,7
8,79	0,51	3,0	6,0	4,7
8,81	0,52	3,0	6,0	4,7
8,84	0,52	3,0	6,0	4,7
8,86	0,51	3,0	6,0	4,7
8,88	0,51	3,0	6,0	4,7
8,91	0,51	3,0	6,0	4,7
8,93	0,52	3,0	6,0	4,7
8,96	0,52	3,0	6,0	4,7
8,98	0,53	3,0	6,0	4,7
9,01	0,52	3,0	6,0	4,7
9,03	0,52	3,0	6,0	4,7
9,05	0,53	3,0	6,0	4,7
9,08	0,53	3,0	6,0	4,7
9,10	0,53	3,0	6,0	4,7
9,13	0,53	3,0	6,0	4,7
9,15	0,52	3,0	6,0	4,7
9,18	0,51	3,0	6,0	4,7
9,20	0,51	3,0	6,0	4,7
9,23	0,52	3,0	6,0	4,7
9,25	0,53	3,0	6,0	4,7
9,27	0,52	3,0	6,0	4,7
9,30	0,52	3,0	6,0	4,7
9,32	0,53	3,0	6,0	4,7
9,35	0,53	3,0	6,0	4,7
9,37	0,54	3,0	6,0	4,7
9,40	0,53	3,0	6,0	4,7
9,42	0,54	3,0	6,0	4,7
9,45	0,53	3,0	6,0	4,7
9,47	0,53	3,0	6,0	4,7
9,49	0,54	3,0	6,0	4,7
9,52	0,55	3,0	6,0	4,7
9,54	0,54	3,0	6,0	4,7
9,57	0,54	3,0	6,0	4,7
9,59	0,53	3,0	6,0	4,7
9,62	0,53	3,0	6,0	4,7
9,64	0,53	3,0	6,0	4,7
9,67	0,53	3,0	6,0	4,7
9,69	0,53	3,0	6,0	4,7
9,71	0,53	3,0	6,0	4,7
9,74	0,53	3,0	6,0	4,7
9,76	0,53	3,0	6,0	4,7
9,79	0,54	3,0	6,0	4,7
9,81	0,55	3,0	6,0	4,7
9,84	0,55	3,0	6,0	4,7
9,86	0,54	3,0	6,0	4,7
9,89	0,54	3,0	6,0	4,7
9,91	0,55	3,0	6,0	4,7
9,93	0,55	3,0	6,0	4,7
9,96	0,55	3,0	6,0	4,7
9,98	0,55	3,0	6,0	4,7
10,01	0,55	3,0	6,0	4,7
10,03	0,54	3,0	6,0	4,7
10,06	0,54	3,0	6,0	4,7
10,08	0,55	3,0	6,0	4,7
10,10	0,55	3,0	6,0	4,7
10,13	0,55	3,0	6,0	4,7
10,15	0,55	3,0	6,0	4,7
10,18	0,55	3,0	6,0	4,7
10,20	0,56	3,0	6,0	4,7
10,23	0,56	3,0	6,0	4,7
10,25	0,56	3,0	6,0	4,7
10,28	0,55	3,0	6,0	4,7
10,30	0,55	3,0	6,0	4,7
10,32	0,55	3,0	6,0	4,7
10,35	0,56	3,0	6,0	4,7
10,37	0,57	3,0	6,0	4,7
10,40	0,56	3,0	6,0	4,7
10,42	0,56	3,0	6,0	4,7
10,45	0,55	3,0	6,0	4,7
10,47	0,55	3,0	6,0	4,7
10,50	0,55	3,0	6,0	4,7
10,52	0,56	3,0	6,0	4,7
10,54	0,57	3,0	6,0	4,7
10,57	0,56	3,0	6,0	4,7
10,59	0,56	3,0	6,0	4,7
10,62	0,56	3,0	6,0	4,7
10,64	0,57	3,0	6,0	4,7
10,67	0,57	3,0	6,0	4,7
10,69	0,56	3,0	6,0	4,7
10,72	0,56	3,0	6,0	4,7
10,74	0,55	3,0	6,0	4,7
10,76	0,55	3,0	6,0	4,7
10,79	0,56	3,0	6,0	4,7
10,81	0,57	3,0	6,0	4,7
10,84	0,56	3,0	6,0	4,7
10,86	0,56	3,0	6,0	4,7
10,89	0,56	3,0	6,0	4,7
10,91	0,57	3,0	6,0	4,7
10,94	0,57	3,0	6,0	4,7
10,96	0,58	3,0	6,0	4,7
10,98	0,58	3,0	6,0	4,7
11,01	0,58	3,0	6,0	4,7
11,03	0,58	3,0	6,0	4,7
11,06	0,58	3,0	6,0	4,7
11,08	0,59	3,0	6,0	4,7
11,11	0,58	3,0	6,0	4,7
11,13	0,58	3,0	6,0	4,7
11,15	0,57	3,0	6,0	4,7
11,18	0,57	3,0	6,0	4,7
11,20	0,57	3,0	6,0	4,7
11,23	0,58	3,0	6,0	4,7
11,25	0,58	3,0	6,0	4,7
11,28	0,57	3,0	6,0	4,7
11,30	0,58	3,0	6,0	4,7
11,33	0,57	3,0	6,0	4,7
11,35	0,58	3,0	6,0	4,7
11,37	0,57	3,0	6,0	4,7
11,40	0,58	3,0	6,0	4,7
11,42	0,58	3,0	6,0	4,7
11,45	0,57	3,0	6,0	4,7
11,47	0,57	3,0	6,0	4,7
11,50	0,58	3,0	6,0	4,7
11,52	0,58	3,0	6,0	4,7
11,55	0,58	3,0	6,0	4,7
11,57	0,57	3,0	6,0	4,7
11,59	0,57	3,0	6,0	4,7
11,62	0,56	3,0	6,0	4,7
11,64	0,57	3,0	6,0	4,7
11,67	0,58	3,0	6,0	4,7
11,69	0,58	3,0	6,0	4,7
11,72	0,57	3,0	6,0	4,7
11,74	0,57	3,0	6,0	4,7
11,77	0,57	3,0	6,0	4,7
11,79	0,58	3,0	6,0	4,7
11,81	0,58	3,0	6,0	4,7
11,84	0,59	3,0	6,0	4,7
11,86	0,58	3,0	6,0	4,7
11,89	0,58	3,0	6,0	4,7
11,91	0,58	3,0	6,0	4,7
11,94	0,59	3,0	6,0	4,7
11,96	0,59	3,0	6,0	4,7
11,99	0,59	3,0	6,0	4,7
12,01	0,59	3,0	6,0	4,7
12,03	0,59	3,0	6,0	4,7
12,06	0,59	3,0	6,0	4,7
12,08	0,60	3,0	6,0	4,7
12,11	0,60	3,0	6,0	4,7
12,13	0,60	3,0	6,0	4,7
12,16	0,59	3,0	6,0	4,7
12,18	0,60	3,0	6,0	4,7
12,21	0,60	3,0	6,0	4,7
12,23	0,61	3,0	6,0	4,7
12,25	0,61	3,0	6,0	4,7
12,28	0,61	3,0	6,0	4,7
12,30	0,60	3,0	6,0	4,7
12,33	0,60	3,0	6,0	4,7
12,35	0,61	3,0	6,0	4,7
12,38	0,61	3,0	6,0	4,7
12,40	0,61	3,0	6,0	4,7
12,42	0,61	3,0	6,0	4,7
12,45	0,60	3,0	6,0	4,7
12,47	0,60	3,0	6,0	4,7
12,50	0,59	3,0	6,0	4,7
12,52	0,60	3,0	6,0	4,7
12,55	0,60	3,0	6,0	4,7
12,57	0,60	3,0	6,0	4,7
12,60	0,60	3,0	6,0	4,7
12,62	0,60	3,0	6,0	4,7
12,64	0,60	3,0	6,0	4,7
12,67	0,61	3,0	6,0	4,7
12,69	0,61	3,0	6,0	4,7
12,72	0,61	3,0	6,0	4,7
12,74	0,61	3,0	6,0	4,7
12,77	0,61	3,0	6,0	4,7
12,79	0,62	3,0	6,0	4,7
12,82	0,62	3,0	6,0	4,7
12,84	0,61	3,0	6,0	4,7
12,86	0,61	3,0	6,0	4,7
12,89	0,60	3,0	6,0	4,7
12,91	0,60	3,0	6,0	4,7
12,94	0,60	3,0	6,0	4,7
12,96	0,61	3,0	6,0	4,7
12,99	0,61	3,0	6,0	4,7
13,01	0,60	3,0	6,0	4,7
13,04	0,61	3,0	6,0	4,7
13,06	0,61	3,0	6,0	4,7
13,08	0,62	3,0	6,0	4,7
13,11	0,62	3,0	6,0	4,7
13,13	0,63	3,0	6,0	4,7
13,16	0,63	3,0	6,0	4,7
13,18	0,62	3,0	6,0	4,7
13,21	0,63	3,0	6,0	4,7
13,23	0,63	3,0	6,0	4,7
13,26	0,63	3,0	6,0	4,7
13,28	0,62	3,0	6,0	4,7
13,30	0,62	3,0	6,0	4,7
13,33	0,61	3,0	6,0	4,7
13,35	0,61	3,0	6,0	4,7
13,38	0,61	3,0	6,0	4,7
13,40	0,62	3,0	6,0	4,7
13,43	0,61	3,0	6,0	4,7
13,45	0,60	3,0	6,0	4,7
13,47	0,61	3,0	6,0	4,7
13,50	0,62	3,0	6,0	4,7
13,52	0,61	3,0	6,0	4,7
13,55	0,61	3,0	6,0	4,7
13,57	0,61	3,0	6,0	4,7
13,60	0,60	3,0	6,0	4,7
13,62	0,59	3,0	6,0	4,7
13,65	0,59	3,0	6,0	4,7
13,67	0,59	3,0	6,0	4,7
13,69	0,58	3,0	6,0	4,7
13,72	0,57	3,0	6,0	4,7
13,74	0,57	3,0	6,0	4,7
13,77	0,56	3,0	6,0	4,7
13,79	0,55	3,0	6,0	4,7
13,82	0,56	3,0	6,0	4,7
13,84	0,56	3,0	6,0	4,7
13,87	0,55	3,0	6,0	4,7
13,89	0,54	3,0	6,0	4,7
13,91	0,54	3,0	6,0	4,7
13,94	0,54	3,0	6,0	4,7
13,96	0,53	3,0	6,0	4,7
13,99	0,52	3,0	6,0	4,7
14,01	0,51	3,0	6,0	4,7
14,04	0,50	3,0	6,0	4,7
14,06	0,50	3,0	6,0	4,7
14,09	0,49	3,0	6,0	4,7
14,11	0,48	3,0	6,0	4,7
14,13	0,48	3,0	6,0	4,7
14,16	0,47	3,0	6,0	4,7
14,18	0,46	3,0	6,0	4,7
14,21	0,46	3,0	6,0	4,7
14,23	0,46	3,0	6,0	4,7
14,26	0,46	3,0	6,0	4,7
14,28	0,46	3,0	6,0	4,7
14,31	0,45	3,0	6,0	4,7
14,33	0,44	3,0	6,0	4,7
14,35	0,44	3,0	6,0	4,7
14,38	0,44	3,0	6,0	4,7
14,40	0,43	3,0	6,0	4,7
14,43	0,41	3,0	6,0	4,7
14,45	0,40	3,0	6,0	4,7
14,48	0,39	3,0	6,0	4,7
14,50	0,38	3,0	6,0	4,7
14,52	0,38	3,0	6,0	4,7
14,55	0,38	3,0	6,0	4,7
14,57	0,36	3,0	6,0	4,7
14,60	0,37	3,0	6,0	4,7
14,62	0,35	3,0	6,0	4,7
14,65	0,36	3,0	6,0	4,7
14,67	0,35	3,0	6,0	4,7
14,70	0,36	3,0	6,0	4,7
14,72	0,35	3,0	6,0	4,7
14,74	0,34	3,0	6,0	4,7
14,77	0,34	3,0	6,0	4,7
14,79	0,33	3,0	6,0	4,7
14,82	0,33	3,0	6,0	4,7
14,84	0,32	3,0	6,0	4,7
14,87	0,31	3,0	6,0	4,7
14,89	0,30	3,0	6,0	4,7
14,92	0,29	3,0	6,0	4,7
14,94	0,29	3,0	6,0	4,7
14,96	0,29	3,0	6,0	4,7
14,99	0,28	3,0	6,0	4,7
15,01	0,28	3,0	6,0	4,7
15,04	0,28	3,0	6,0	4,7
15,06	0,27	3,0	6,0	4,7
15,09	0,28	3,0	6,0	4,7
15,11	0,27	3,0	6,0	4,7
15,14	0,27	3,0	6,0	4,7
15,16	0,26	3,0	6,0	4,7
15,18	0,25	3,0	6,0	4,7
15,21	0,26	3,0	6,0	4,7
15,23	0,26	3,0	6,0	4,7
15,26	0,24	3,0	6,0	4,7
15,28	0,24	3,0	6,0	4,7
15,31	0,23	3,0	6,0	4,7
15,33	0,23	3,0	6,0	4,7
15,36	0,23	3,0	6,0	4,7
15,38	0,23	3,0	6,0	4,7
15,40	0,23	3,0	6,0	4,7
15,43	0,21	3,0	6,0	4,7
15,45	0,21	3,0	6,0	4,7
15,48	0,22	3,0	6,0	4,7
15,50	0,21	3,0	6,0	4,7
15,53	0,22	3,0	6,0	4,7
15,55	0,21	3,0	6,0	4,7
15,57	0,21	3,0	6,0	4,7
15,60	0,20	3,0	6,0	4,7
15,62	0,20	3,0	6,0	4,7
15,65	0,21	3,0	6,0	4,7
15,67	0,20	3,0	6,0	4,7
15,70	0,20	3,0	6,0	4,7
15,72	0,20	3,0	6,0	4,7
15,75	0,19	3,0	6,0	4,7
15,77	0,19	3,0	6,0	4,7
15,79	0,19	3,0	6,0	4,7
15,82	0,20	3,0	6,0	4,7
15,84	0,20	3,0	6,0	4,7
15,87	0,19	3,0	6,0	4,7
15,89	0,19	3,0	6,0	4,7
15,92	0,20	3,0	6,0	4,7
15,94	0,20	3,0	6,0	4,7
15,97	0,20	3,0	6,0	4,7
15,99	0,20	3,0	6,0	4,7
16,01	0,20	3,0	6,0	4,7
16,04	0,20	3,0	6,0	4,7
16,06	0,20	3,0	6,0	4,7
16,09	0,21	3,0	6,0	4,7
16,11	0,21	3,0	6,0	4,7
16,14	0,20	3,0	6,0	4,7
16,16	0,20	3,0	6,0	4,7
16,19	0,20	3,0	6,0	4,7
16,21	0,20	3,0	6,0	4,7
16,23	0,21	3,0	6,0	4,7
16,26	0,22	3,0	6,0	4,7
16,28	0,22	3,0	6,0	4,7
16,31	0,22	3,0	6,0	4,7
16,33	0,22	3,0	6,0	4,7
16,36	0,22	3,0	6,0	4,7
16,38	0,23	3,0	6,0	4,7
16,41	0,24	3,0	6,0	4,7
16,43	0,25	3,0	6,0	4,7
16,45	0,25	3,0	6,0	4,7
16,48	0,25	3,0	6,0	4,7
16,50	0,26	3,0	6,0	4,7
16,53	0,27	3,0	6,0	4,7
16,55	0,26	3,0	6,0	4,7
16,58	0,27	3,0	6,0	4,7
16,60	0,27	3,0	6,0	4,7
16,63	0,28	3,0	6,0	4,7
16,65	0,28	3,0	6,0	4,7
16,67	0,30	3,0	6,0	4,7
16,70	0,30	3,0	6,0	4,7
16,72	0,30	3,0	6,0	4,7
16,75	0,31	3,0	6,0	4,7
16,77	0,32	3,0	6,0	4,7
16,80	0,34	3,0	6,0	4,7
16,82	0,34	3,0	6,0	4,7
16,84	0,35	3,0	6,0	4,7
16,87	0,36	3,0	6,0	4,7
16,89	0,36	3,0	6,0	4,7
16,92	0,37	3,0	6,0	4,7
16,94	0,38	3,0	6,0	4,7
16,97	0,40	3,0	6,0	4,7
16,99	0,39	3,0	6,0	4,7
17,02	0,40	3,0	6,0	4,7
17,04	0,40	3,0	6,0	4,7
17,06	0,41	3,0	6,0	4,7
17,09	0,42	3,0	6,0	4,7
17,11	0,44	3,0	6,0	4,7
17,14	0,45	3,0	6,0	4,7
17,16	0,45	3,0	6,0	4,7
17,19	0,46	3,0	6,0	4,7
17,21	0,48	3,0	6,0	4,7
17,24	0,48	3,0	6,0	4,7
17,26	0,50	3,0	6,0	4,7
17,28	0,50	3,0	6,0	4,7
17,31	0,50	3,0	6,0	4,7
17,33	0,50	3,0	6,0	4,7
17,36	0,51	3,0	6,0	4,7
17,38	0,53	3,0	6,0	4,7
17,41	0,54	3,0	6,0	4,7
17,43	0,54	3,0	6,0	4,7
17,46	0,54	3,0	6,0	4,7
17,48	0,55	3,0	6,0	4,7
17,50	0,56	3,0	6,0	4,7
17,53	0,57	3,0	6,0	4,7
17,55	0,59	3,0	6,0	4,7
17,58	0,59	3,0	6,0	4,7
17,60	0,59	3,0	6,0	4,7
17,63	0,60	3,0	6,0	4,7
17,65	0,62	3,0	6,0	4,7
17,68	0,62	3,0	6,0	4,7
17,70	0,63	3,0	6,0	4,7
17,72	0,62	3,0	6,0	4,7
17,75	0,63	3,0	6,0	4,7
17,77	0,63	3,0	6,0	4,7
17,80	0,64	3,0	6,0	4,7
17,82	0,66	3,0	6,0	4,7
17,85	0,66	3,0	6,0	4,7
17,87	0,66	3,0	6,0	4,7
17,89	0,67	3,0	6,0	4,7
17,92	0,67	3,0	6,0	4,7
17,94	0,69	3,0	6,0	4,7
17,97	0,70	3,0	6,0	4,7
17,99	0,71	3,0	6,0	4,7
18,02	0,70	3,0	6,0	4,7
18,04	0,71	3,0	6,0	4,7
18,07	0,73	3,0	6,0	4,7
18,09	0,73	3,0	6,0	4,7
18,11	0,73	3,0	6,0	4,7
18,14	0,74	3,0	6,0	4,7
18,16	0,74	3,0	6,0	4,7
18,19	0,75	3,0	6,0	4,7
18,21	0,75	3,0	6,0	4,7
18,24	0,77	3,0	6,0	4,7
18,26	0,77	3,0	6,0	4,7
18,29	0,78	3,0	6,0	4,7
18,31	0,78	3,0	6,0	4,7
18,33	0,80	3,0	6,0	4,7
18,36	0,81	3,0	6,0	4,7
18,38	0,82	3,0	6,0	4,7
18,41	0,83	3,0	6,0	4,7
18,43	0,84	3,0	6,0	4,7
18,46	0,84	3,0	6,0	4,7
18,48	0,85	3,0	6,0	4,7
18,51	0,86	3,0	6,0	4,7
18,53	0,87	3,0	6,0	4,7
18,55	0,87	3,0	6,0	4,7
18,58	0,88	3,0	6,0	4,7
18,60	0,88	3,0	6,0	4,7
18,63	0,89	3,0	6,0	4,7
18,65	0,90	3,0	6,0	4,7
18,68	0,92	3,0	6,0	4,7
18,70	0,93	3,0	6,0	4,7
18,73	0,92	3,0	6,0	4,7
18,75	0,93	3,0	6,0	4,7
18,77	0,95	3,0	6,0	4,7
18,80	0,96	3,0	6,0	4,7
18,82	0,97	3,0	6,0	4,7
18,85	0,97	3,0	6,0	4,7
18,87	0,98	3,0	6,0	4,7
18,90	0,98	3,0	6,0	4,7
18,92	0,99	3,0	6,0	4,7
18,94	1,00	3,0	6,0	4,7
18,97	1,01	3,0	6,0	4,7
18,99	1,01	3,0	6,0	4,7
19,02	1,01	3,0	6,0	4,7
19,04	1,02	3,0	6,0	4,7
19,07	1,03	3,0	6,0	4,7
19,09	1,04	3,0	6,0	4,7
19,12	1,06	3,0	6,0	4,7
19,14	1,06	3,0	6,0	4,7
19,16	1,07	3,0	6,0	4,7
19,19	1,07	3,0	6,0	4,7
19,21	1,08	3,0	6,0	4,7
19,24	1,09	3,0	6,0	4,7
19,26	1,10	3,0	6,0	4,7
19,29	1,10	3,0	6,0	4,7
19,31	1,10	3,0	6,0	4,7
19,34	1,11	3,0	6,0	4,7
19,36	1,12	3,0	6,0	4,7
19,38	1,13	3,0	6,0	4,7
19,41	1,13	3,0	6,0	4,7
19,43	1,14	3,0	6,0	4,7
19,46	1,15	3,0	6,0	4,7
19,48	1,15	3,0	6,0	4,7
19,51	1,16	3,0	6,0	4,7
19,53	1,18	3,0	6,0	4,7
19,56	1,19	3,0	6,0	4,7
19,58	1,19	3,0	6,0	4,7
19,60	1,19	3,0	6,0	4,7
19,63	1,21	3,0	6,0	4,7
19,65	1,21	3,0	6,0	4,7
19,68	1,22	3,0	6,0	4,7
19,70	1,23	3,0	6,0	4,7
19,73	1,24	3,0	6,0	4,7
19,75	1,24	3,0	6,0	4,7
19,78	1,24	3,0	6,0	4,7
19,80	1,26	3,0	6,0	4,7
19,82	1,27	3,0	6,0	4,7
19,85	1,27	3,0	6,0	4,7
19,87	1,27	3,0	6,0	4,7
19,90	1,28	3,0	6,0	4,7
19,92	1,29	3,0	6,0	4,7
19,95	1,30	3,0	6,0	4,7
19,97	1,31	3,0	6,0	4,7
19,99	1,31	3,0	6,0	4,7
20,02	1,32	3,0	6,0	4,7
20,04	1,32	3,0	6,0	4,7
20,07	1,33	3,0	6,0	4,7
20,09	1,34	3,0	6,0	4,7
20,12	1,35	3,0	6,0	4,7
20,14	1,35	3,0	6,0	4,7
20,17	1,36	3,0	6,0	4,7
20,19	1,35	3,0	6,0	4,7
20,21	1,36	3,0	6,0	4,7
20,24	1,37	3,0	6,0	4,7
20,26	1,39	3,0	6,0	4,7
20,29	1,38	3,0	6,0	4,7
20,31	1,38	3,0	6,0	4,7
20,34	1,38	3,0	6,0	4,7
20,36	1,40	3,0	6,0	4,7
20,39	1,40	3,0	6,0	4,7
20,41	1,42	3,0	6,0	4,7
20,43	1,43	3,0	6,0	4,7
20,46	1,42	3,0	6,0	4,7
20,48	1,43	3,0	6,0	4,7
20,51	1,44	3,0	6,0	4,7
20,53	1,44	3,0	6,0	4,7
20,56	1,45	3,0	6,0	4,7
20,58	1,45	3,0	6,0	4,7
20,61	1,46	3,0	6,0	4,7
20,63	1,45	3,0	6,0	4,7
20,65	1,46	3,0	6,0	4,7
20,68	1,47	3,0	6,0	4,7
20,70	1,47	3,0	6,0	4,7
20,73	1,47	3,0	6,0	4,7
20,75	1,47	3,0	6,0	4,7
20,78	1,48	3,0	6,0	4,7
20,80	1,50	3,0	6,0	4,7
20,83	1,51	3,0	6,0	4,7
20,85	1,52	3,0	6,0	4,7
20,87	1,51	3,0	6,0	4,7
20,90	1,52	3,0	6,0	4,7
20,92	1,53	3,0	6,0	4,7
20,95	1,54	3,0	6,0	4,7
20,97	1,54	3,0	6,0	4,7
21,00	1,54	3,0	6,0	4,7
21,02	1,54	3,0	6,0	4,7
21,05	1,54	3,0	6,0	4,7
21,07	1,54	3,0	6,0	4,7
21,09	1,55	3,0	6,0	4,7
21,12	1,56	3,0	6,0	4,7
21,14	1,56	3,0	6,0	4,7
21,17	1,56	3,0	6,0	4,7
21,19	1,57	3,0	6,0	4,7
21,22	1,58	3,0	6,0	4,7
21,24	1,60	3,0	6,0	4,7
21,26	1,60	3,0	6,0	4,7
21,29	1,60	3,0	6,0	4,7
21,31	1,60	3,0	6,0	4,7
21,34	1,61	3,0	6,0	4,7
21,36	1,62	3,0	6,0	4,7
21,39	1,62	3,0	6,0	4,7
21,41	1,62	3,0	6,0	4,7
21,44	1,62	3,0	6,0	4,7
21,46	1,62	3,0	6,0	4,7
21,48	1,62	3,0	6,0	4,7
21,51	1,62	3,0	6,0	4,7
21,53	1,64	3,0	6,0	4,7
21,56	1,64	3,0	6,0	4,7
21,58	1,63	3,0	6,0	4,7
21,61	1,64	3,0	6,0	4,7
21,63	1,65	3,0	6,0	4,7
21,66	1,66	3,0	6,0	4,7
21,68	1,67	3,0	6,0	4,7
21,70	1,67	3,0	6,0	4,7
21,73	1,67	3,0	6,0	4,7
21,75	1,67	3,0	6,0	4,7
21,78	1,67	3,0	6,0	4,7
21,80	1,69	3,0	6,0	4,7
21,83	1,69	3,0	6,0	4,7
21,85	1,67	3,0	6,0	4,7
21,88	1,68	3,0	6,0	4,7
21,90	1,68	3,0	6,0	4,7
21,92	1,69	3,0	6,0	4,7
21,95	1,69	3,0	6,0	4,7
21,97	1,70	3,0	6,0	4,7
22,00	1,71	3,0	6,0	4,7
22,02	1,70	3,0	6,0	4,7
22,05	1,71	3,0	6,0	4,7
22,07	1,72	3,0	6,0	4,7
22,10	1,73	3,0	6,0	4,7
22,12	1,73	3,0	6,0	4,7
22,14	1,73	3,0	6,0	4,7
22,17	1,74	3,0	6,0	4,7
22,19	1,73	3,0	6,0	4,7
22,22	1,74	3,0	6,0	4,7
22,24	1,75	3,0	6,0	4,7
22,27	1,75	3,0	6,0	4,7
22,29	1,74	3,0	6,0	4,7
22,31	1,75	3,0	6,0	4,7
22,34	1,76	3,0	6,0	4,7
22,36	1,76	3,0	6,0	4,7
22,39	1,77	3,0	6,0	4,7
22,41	1,78	3,0	6,0	4,7
22,44	1,77	3,0	6,0	4,7
22,46	1,78	3,0	6,0	4,7
22,49	1,78	3,0	6,0	4,7
22,51	1,79	3,0	6,0	4,7
22,53	1,79	3,0	6,0	4,7
22,56	1,80	3,0	6,0	4,7
22,58	1,80	3,0	6,0	4,7
22,61	1,80	3,0	6,0	4,7
22,63	1,80	3,0	6,0	4,7
22,66	1,81	3,0	6,0	4,7
22,68	1,82	3,0	6,0	4,7
22,71	1,81	3,0	6,0	4,7
22,73	1,81	3,0	6,0	4,7
22,75	1,82	3,0	6,0	4,7
22,78	1,82	3,0	6,0	4,7
22,80	1,83	3,0	6,0	4,7
22,83	1,83	3,0	6,0	4,7
22,85	1,84	3,0	6,0	4,7
22,88	1,84	3,0	6,0	4,7
22,90	1,84	3,0	6,0	4,7
22,93	1,85	3,0	6,0	4,7
22,95	1,84	3,0	6,0	4,7
22,97	1,85	3,0	6,0	4,7
23,00	1,85	3,0	6,0	4,7
23,02	1,86	3,0	6,0	4,7
23,05	1,86	3,0	6,0	4,7
23,07	1,86	3,0	6,0	4,7
23,10	1,88	3,0	6,0	4,7
23,12	1,87	3,0	6,0	4,7
23,15	1,87	3,0	6,0	4,7
23,17	1,87	3,0	6,0	4,7
23,19	1,88	3,0	6,0	4,7
23,22	1,89	3,0	6,0	4,7
23,24	1,89	3,0	6,0	4,7
23,27	1,90	3,0	6,0	4,7
23,29	1,90	3,0	6,0	4,7
23,32	1,90	3,0	6,0	4,7
23,34	1,91	3,0	6,0	4,7
23,36	1,92	3,0	6,0	4,7
23,39	1,92	3,0	6,0	4,7
23,41	1,92	3,0	6,0	4,7
23,44	1,93	3,0	6,0	4,7
23,46	1,93	3,0	6,0	4,7
23,49	1,93	3,0	6,0	4,7
23,51	1,93	3,0	6,0	4,7
23,54	1,94	3,0	6,0	4,7
23,56	1,95	3,0	6,0	4,7
23,58	1,93	3,0	6,0	4,7
23,61	1,94	3,0	6,0	4,7
23,63	1,94	3,0	6,0	4,7
23,66	1,95	3,0	6,0	4,7
23,68	1,95	3,0	6,0	4,7
23,71	1,96	3,0	6,0	4,7
23,73	1,96	3,0	6,0	4,7
23,76	1,95	3,0	6,0	4,7
23,78	1,96	3,0	6,0	4,7
23,80	1,97	3,0	6,0	4,7
23,83	1,97	3,0	6,0	4,7
23,85	1,97	3,0	6,0	4,7
23,88	1,97	3,0	6,0	4,7
23,90	1,97	3,0	6,0	4,7
23,93	1,97	3,0	6,0	4,7
23,95	1,98	3,0	6,0	4,7
23,98	1,98	3,0	6,0	4,7
24,00	1,98	3,0	6,0	4,7
24,02	1,98	3,0	6,0	4,7
24,05	1,98	3,0	6,0	4,7
24,07	1,99	3,0	6,0	4,7
24,10	2,00	3,0	6,0	4,7
24,12	2,00	3,0	6,0	4,7
24,15	2,00	3,0	6,0	4,7
24,17	2,00	3,0	6,0	4,7
24,20	2,00	3,0	6,0	4,7
24,22	2,01	3,0	6,0	4,7
24,24	2,01	3,0	6,0	4,7
24,27	2,01	3,0	6,0	4,7
24,29	2,01	3,0	6,0	4,7
24,32	2,00	3,0	6,0	4,7
24,34	2,01	3,0	6,0	4,7
24,37	2,02	3,0	6,0	4,7
24,39	2,02	3,0	6,0	4,7
24,42	2,03	3,0	6,0	4,7
24,44	2,02	3,0	6,0	4,7
24,46	2,02	3,0	6,0	4,7
24,49	2,03	3,0	6,0	4,7
24,51	2,03	3,0	6,0	4,7
24,54	2,05	3,0	6,0	4,7
24,56	2,04	3,0	6,0	4,7
24,59	2,05	3,0	6,0	4,7
24,61	2,05	3,0	6,0	4,7
24,63	2,05	3,0	6,0	4,7
24,66	2,06	3,0	6,0	4,7
24,68	2,06	3,0	6,0	4,7
24,71	2,05	3,0	6,0	4,7
24,73	2,06	3,0	6,0	4,7
24,76	2,06	3,0	6,0	4,7
24,78	2,07	3,0	6,0	4,7
24,81	2,07	3,0	6,0	4,7
24,83	2,08	3,0	6,0	4,7
24,85	2,08	3,0	6,0	4,7
24,88	2,07	3,0	6,0	4,7
24,90	2,08	3,0	6,0	4,7
24,93	2,09	3,0	6,0	4,7
24,95	2,09	3,0	6,0	4,7
24,98	2,10	3,0	6,0	4,7
25,00	2,09	3,0	6,0	4,7
25,03	2,10	3,0	6,0	4,7
25,05	2,09	3,0	6,0	4,7
25,07	2,10	3,0	6,0	4,7
25,10	2,11	3,0	6,0	4,7
25,12	2,11	3,0	6,0	4,7
25,15	2,09	3,0	6,0	4,7
25,17	2,11	3,0	6,0	4,7
25,20	2,11	3,0	6,0	4,7
25,22	2,12	3,0	6,0	4,7
25,25	2,12	3,0	6,0	4,7
25,27	2,12	3,0	6,0	4,7
25,29	2,12	3,0	6,0	4,7
25,32	2,12	3,0	6,0	4,7
25,34	2,13	3,0	6,0	4,7
25,37	2,13	3,0	6,0	4,7
25,39	2,13	3,0	6,0	4,7
25,42	2,13	3,0	6,0	4,7
25,44	2,12	3,0	6,0	4,7
25,47	2,13	3,0	6,0	4,7
25,49	2,13	3,0	6,0	4,7
25,51	2,14	3,0	6,0	4,7
25,54	2,14	3,0	6,0	4,7
25,56	2,13	3,0	6,0	4,7
25,59	2,13	3,0	6,0	4,7
25,61	2,14	3,0	6,0	4,7
25,64	2,15	3,0	6,0	4,7
25,66	2,16	3,0	6,0	4,7
25,68	2,16	3,0	6,0	4,7
25,71	2,16	3,0	6,0	4,7
25,73	2,15	3,0	6,0	4,7
25,76	2,16	3,0	6,0	4,7
25,78	2,15	3,0	6,0	4,7
25,81	2,16	3,0	6,0	4,7
25,83	2,15	3,0	6,0	4,7
25,86	2,16	3,0	6,0	4,7
25,88	2,15	3,0	6,0	4,7
25,90	2,15	3,0	6,0	4,7
25,93	2,16	3,0	6,0	4,7
25,95	2,16	3,0	6,0	4,7
25,98	2,17	3,0	6,0	4,7
26,00	2,16	3,0	6,0	4,7
26,03	2,16	3,0	6,0	4,7
26,05	2,17	3,0	6,0	4,7
26,08	2,17	3,0	6,0	4,7
26,10	2,18	3,0	6,0	4,7
26,12	2,18	3,0	6,0	4,7
26,15	2,18	3,0	6,0	4,7
26,17	2,17	3,0	6,0	4,7
26,20	2,17	3,0	6,0	4,7
26,22	2,18	3,0	6,0	4,7
26,25	2,17	3,0	6,0	4,7
26,27	2,17	3,0	6,0	4,7
26,30	2,18	3,0	6,0	4,7
26,32	2,17	3,0	6,0	4,7
26,34	2,18	3,0	6,0	4,7
26,37	2,18	3,0	6,0	4,7
26,39	2,19	3,0	6,0	4,7
26,42	2,19	3,0	6,0	4,7
26,44	2,18	3,0	6,0	4,7
26,47	2,19	3,0	6,0	4,7
26,49	2,19	3,0	6,0	4,7
26,52	2,20	3,0	6,0	4,7
26,54	2,20	3,0	6,0	4,7
26,56	2,20	3,0	6,0	4,7
26,59	2,19	3,0	6,0	4,7
26,61	2,19	3,0	6,0	4,7
26,64	2,20	3,0	6,0	4,7
26,66	2,20	3,0	6,0	4,7
26,69	2,20	3,0	6,0	4,7
26,71	2,20	3,0	6,0	4,7
26,73	2,20	3,0	6,0	4,7
26,76	2,20	3,0	6,0	4,7
26,78	2,20	3,0	6,0	4,7
26,81	2,22	3,0	6,0	4,7
26,83	2,22	3,0	6,0	4,7
26,86	2,21	3,0	6,0	4,7
26,88	2,20	3,0	6,0	4,7
26,91	2,21	3,0	6,0	4,7
26,93	2,22	3,0	6,0	4,7
26,95	2,22	3,0	6,0	4,7
26,98	2,22	3,0	6,0	4,7
27,00	2,21	3,0	6,0	4,7
27,03	2,21	3,0	6,0	4,7
27,05	2,20	3,0	6,0	4,7
27,08	2,21	3,0	6,0	4,7
27,10	2,21	3,0	6,0	4,7
27,13	2,21	3,0	6,0	4,7
27,15	2,21	3,0	6,0	4,7
27,17	2,21	3,0	6,0	4,7
27,20	2,22	3,0	6,0	4,7
27,22	2,22	3,0	6,0	4,7
27,25	2,22	3,0	6,0	4,7
27,27	2,22	3,0	6,0	4,7
27,30	2,22	3,0	6,0	4,7
27,32	2,22	3,0	6,0	4,7
27,35	2,22	3,0	6,0	4,7
27,37	2,22	3,0	6,0	4,7
27,39	2,23	3,0	6,0	4,7
27,42	2,22	3,0	6,0	4,7
27,44	2,22	3,0	6,0	4,7
27,47	2,21	3,0	6,0	4,7
27,49	2,22	3,0	6,0	4,7
27,52	2,22	3,0	6,0	4,7
27,54	2,22	3,0	6,0	4,7
27,57	2,22	3,0	6,0	4,7
27,59	2,22	3,0	6,0	4,7
27,61	2,22	3,0	6,0	4,7
27,64	2,23	3,0	6,0	4,7
27,66	2,24	3,0	6,0	4,7
27,69	2,25	3,0	6,0	4,7
27,71	2,25	3,0	6,0	4,7
27,74	2,24	3,0	6,0	4,7
27,76	2,24	3,0	6,0	4,7
27,78	2,25	3,0	6,0	4,7
27,81	2,25	3,0	6,0	4,7
27,83	2,25	3,0	6,0	4,7
27,86	2,24	3,0	6,0	4,7
27,88	2,25	3,0	6,0	4,7
27,91	2,24	3,0	6,0	4,7
27,93	2,24	3,0	6,0	4,7
27,96	2,25	3,0	6,0	4,7
27,98	2,25	3,0	6,0	4,7
28,00	2,24	3,0	6,0	4,7
28,03	2,25	3,0	6,0	4,7
28,05	2,25	3,0	6,0	4,7
28,08	2,26	3,0	6,0	4,7
28,10	2,26	3,0	6,0	4,7
28,13	2,27	3,0	6,0	4,7
28,15	2,26	3,0	6,0	4,7
28,18	2,26	3,0	6,0	4,7
28,20	2,27	3,0	6,0	4,7
28,22	2,27	3,0	6,0	4,7
28,25	2,27	3,0	6,0	4,7
28,27	2,27	3,0	6,0	4,7
28,30	2,26	3,0	6,0	4,7
28,32	2,26	3,0	6,0	4,7
28,35	2,26	3,0	6,0	4,7
28,37	2,27	3,0	6,0	4,7
28,40	2,27	3,0	6,0	4,7
28,42	2,27	3,0	6,0	4,7
28,44	2,26	3,0	6,0	4,7
28,47	2,28	3,0	6,0	4,7
28,49	2,28	3,0	6,0	4,7
28,52	2,29	3,0	6,0	4,7
28,54	2,29	3,0	6,0	4,7
28,57	2,29	3,0	6,0	4,7
28,59	2,29	3,0	6,0	4,7
28,62	2,28	3,0	6,0	4,7
28,64	2,29	3,0	6,0	4,7
28,66	2,29	3,0	6,0	4,7
28,69	2,29	3,0	6,0	4,7
28,71	2,29	3,0	6,0	4,7
28,74	2,28	3,0	6,0	4,7
28,76	2,29	3,0	6,0	4,7
28,79	2,28	3,0	6,0	4,7
28,81	2,29	3,0	6,0	4,7
28,84	2,29	3,0	6,0	4,7
28,86	2,29	3,0	6,0	4,7
28,88	2,29	3,0	6,0	4,7
28,91	2,30	3,0	6,0	4,7
28,93	2,30	3,0	6,0	4,7
28,96	2,30	3,0	6,0	4,7
28,98	2,30	3,0	6,0	4,7
29,01	2,31	3,0	6,0	4,7
29,03	2,30	3,0	6,0	4,7
29,05	2,30	3,0	6,0	4,7
29,08	2,30	3,0	6,0	4,7
29,10	2,31	3,0	6,0	4,7
29,13	2,30	3,0	6,0	4,7
29,15	2,30	3,0	6,0	4,7
29,18	2,29	3,0	6,0	4,7
29,20	2,29	3,0	6,0	4,7
29,23	2,30	3,0	6,0	4,7
29,25	2,29	3,0	6,0	4,7
29,27	2,29	3,0	6,0	4,7
29,30	2,29	3,0	6,0	4,7
29,32	2,29	3,0	6,0	4,7
29,35	2,30	3,0	6,0	4,7
29,37	2,30	3,0	6,0	4,7
29,40	2,30	3,0	6,0	4,7
29,42	2,30	3,0	6,0	4,7
29,45	2,30	3,0	6,0	4,7
29,47	2,29	3,0	6,0	4,7
29,49	2,30	3,0	6,0	4,7
29,52	2,30	3,0	6,0	4,7
29,54	2,30	3,0	6,0	4,7
29,57	2,30	3,0	6,0	4,7
29,59	2,30	3,0	6,0	4,7
29,62	2,30	3,0	6,0	4,7
29,64	2,30	3,0	6,0	4,7
29,67	2,30	3,0	6,0	4,7
29,69	2,31	3,0	6,0	4,7
29,71	2,29	3,0	6,0	4,7
29,74	2,29	3,0	6,0	4,7
29,76	2,30	3,0	6,0	4,7
29,79	2,31	3,0	6,0	4,7
29,81	2,31	3,0	6,0	4,7
29,84	2,31	3,0	6,0	4,7
29,86	2,32	3,0	6,0	4,7
29,89	2,30	3,0	6,0	4,7
29,91	2,30	3,0	6,0	4,7
29,93	2,31	3,0	6,0	4,7
29,96	2,31	3,0	6,0	4,7
29,98	2,30	3,0	6,0	4,7
30,01	2,30	3,0	6,0	4,7
30,03	2,29	3,0	6,0	4,7
30,06	2,29	3,0	6,0	4,7
30,08	2,29	3,0	6,0	4,7
30,10	2,30	3,0	6,0	4,7
30,13	2,29	3,0	6,0	4,7
30,15	2,28	3,0	6,0	4,7
30,18	2,27	3,0	6,0	4,7
30,20	2,28	3,0	6,0	4,7
30,23	2,28	3,0	6,0	4,7
30,25	2,27	3,0	6,0	4,7
30,28	2,26	3,0	6,0	4,7
30,30	2,26	3,0	6,0	4,7
30,32	2,25	3,0	6,0	4,7
30,35	2,24	3,0	6,0	4,7
30,37	2,24	3,0	6,0	4,7
30,40	2,23	3,0	6,0	4,7
30,42	2,22	3,0	6,0	4,7
30,45	2,21	3,0	6,0	4,7
30,47	2,20	3,0	6,0	4,7
30,50	2,20	3,0	6,0	4,7
30,52	2,19	3,0	6,0	4,7
30,54	2,19	3,0	6,0	4,7
30,57	2,18	3,0	6,0	4,7
30,59	2,16	3,0	6,0	4,7
30,62	2,15	3,0	6,0	4,7
30,64	2,15	3,0	6,0	4,7
30,67	2,14	3,0	6,0	4,7
30,69	2,13	3,0	6,0	4,7
30,72	2,11	3,0	6,0	4,7
30,74	2,09	3,0	6,0	4,7
30,76	2,07	3,0	6,0	4,7
30,79	2,06	3,0	6,0	4,7
30,81	2,05	3,0	6,0	4,7
30,84	2,03	3,0	6,0	4,7
30,86	2,02	3,0	6,0	4,7
30,89	2,00	3,0	6,0	4,7
30,91	1,99	3,0	6,0	4,7
30,94	1,99	3,0	6,0	4,7
30,96	1,98	3,0	6,0	4,7
30,98	1,96	3,0	6,0	4,7
31,01	1,95	3,0	6,0	4,7
31,03	1,93	3,0	6,0	4,7
31,06	1,91	3,0	6,0	4,7
31,08	1,91	3,0	6,0	4,7
31,11	1,89	3,0	6,0	4,7
31,13	1,87	3,0	6,0	4,7
31,15	1,85	3,0	6,0	4,7
31,18	1,83	3,0	6,0	4,7
31,20	1,81	3,0	6,0	4,7
31,23	1,80	3,0	6,0	4,7
31,25	1,79	3,0	6,0	4,7
31,28	1,77	3,0	6,0	4,7
31,30	1,76	3,0	6,0	4,7
31,33	1,75	3,0	6,0	4,7
31,35	1,74	3,0	6,0	4,7
31,37	1,73	3,0	6,0	4,7
31,40	1,72	3,0	6,0	4,7
31,42	1,71	3,0	6,0	4,7
31,45	1,68	3,0	6,0	4,7
31,47	1,67	3,0	6,0	4,7
31,50	1,66	3,0	6,0	4,7
31,52	1,65	3,0	6,0	4,7
31,55	1,63	3,0	6,0	4,7
31,57	1,61	3,0	6,0	4,7
31,59	1,60	3,0	6,0	4,7
31,62	1,58	3,0	6,0	4,7
31,64	1,57	3,0	6,0	4,7
31,67	1,56	3,0	6,0	4,7
31,69	1,55	3,0	6,0	4,7
31,72	1,53	3,0	6,0	4,7
31,74	1,52	3,0	6,0	4,7
31,77	1,52	3,0	6,0	4,7
31,79	1,51	3,0	6,0	4,7
31,81	1,50	3,0	6,0	4,7
31,84	1,49	3,0	6,0	4,7
31,86	1,48	3,0	6,0	4,7
31,89	1,46	3,0	6,0	4,7
31,91	1,45	3,0	6,0	4,7
31,94	1,45	3,0	6,0	4,7
31,96	1,44	3,0	6,0	4,7
31,99	1,41	3,0	6,0	4,7
32,01	1,40	3,0	6,0	4,7
32,03	1,39	3,0	6,0	4,7
32,06	1,39	3,0	6,0	4,7
32,08	1,37	3,0	6,0	4,7
32,11	1,37	3,0	6,0	4,7
32,13	1,36	3,0	6,0	4,7
32,16	1,33	3,0	6,0	4,7
32,18	1,32	3,0	6,0	4,7
32,20	1,32	3,0	6,0	4,7
32,23	1,31	3,0	6,0	4,7
32,25	1,30	3,0	6,0	4,7
32,28	1,29	3,0	6,0	4,7
32,30	1,28	3,0	6,0	4,7
32,33	1,26	3,0	6,0	4,7
32,35	1,26	3,0	6,0	4,7
32,38	1,25	3,0	6,0	4,7
32,40	1,24	3,0	6,0	4,7
32,42	1,22	3,0	6,0	4,7
32,45	1,21	3,0	6,0	4,7
32,47	1,20	3,0	6,0	4,7
32,50	1,19	3,0	6,0	4,7
32,52	1,18	3,0	6,0	4,7
32,55	1,17	3,0	6,0	4,7
32,57	1,16	3,0	6,0	4,7
32,60	1,14	3,0	6,0	4,7
32,62	1,14	3,0	6,0	4,7
32,64	1,13	3,0	6,0	4,7
32,67	1,13	3,0	6,0	4,7
32,69	1,12	3,0	6,0	4,7
32,72	1,11	3,0	6,0	4,7
32,74	1,10	3,0	6,0	4,7
32,77	1,09	3,0	6,0	4,7
32,79	1,09	3,0	6,0	4,7
32,82	1,09	3,0	6,0	4,7
32,84	1,07	3,0	6,0	4,7
32,86	1,06	3,0	6,0	4,7
32,89	1,05	3,0	6,0	4,7
32,91	1,05	3,0	6,0	4,7
32,94	1,05	3,0	6,0	4,7
32,96	1,05	3,0	6,0	4,7
32,99	1,05	3,0	6,0	4,7
33,01	1,03	3,0	6,0	4,7
33,04	1,03	3,0	6,0	4,7
33,06	1,04	3,0	6,0	4,7
33,08	1,04	3,0	6,0	4,7
33,11	1,04	3,0	6,0	4,7
33,13	1,03	3,0	6,0	4,7
33,16	1,04	3,0	6,0	4,7
33,18	1,02	3,0	6,0	4,7
33,21	1,03	3,0	6,0	4,7
33,23	1,03	3,0	6,0	4,7
33,26	1,03	3,0	6,0	4,7
33,28	1,03	3,0	6,0	4,7
33,30	1,03	3,0	6,0	4,7
33,33	1,02	3,0	6,0	4,7
33,35	1,03	3,0	6,0	4,7
33,38	1,03	3,0	6,0	4,7
33,40	1,04	3,0	6,0	4,7
33,43	1,04	3,0	6,0	4,7
33,45	1,04	3,0	6,0	4,7
33,47	1,04	3,0	6,0	4,7
33,50	1,06	3,0	6,0	4,7
33,52	1,06	3,0	6,0	4,7
33,55	1,06	3,0	6,0	4,7
33,57	1,06	3,0	6,0	4,7
33,60	1,06	3,0	6,0	4,7
33,62	1,05	3,0	6,0	4,7
33,65	1,05	3,0	6,0	4,7
33,67	1,06	3,0	6,0	4,7
33,69	1,06	3,0	6,0	4,7
33,72	1,06	3,0	6,0	4,7
33,74	1,06	3,0	6,0	4,7
33,77	1,06	3,0	6,0	4,7
33,79	1,08	3,0	6,0	4,7
33,82	1,08	3,0	6,0	4,7
33,84	1,09	3,0	6,0	4,7
33,87	1,10	3,0	6,0	4,7
33,89	1,09	3,0	6,0	4,7
33,91	1,10	3,0	6,0	4,7
33,94	1,11	3,0	6,0	4,7
33,96	1,11	3,0	6,0	4,7
33,99	1,11	3,0	6,0	4,7
34,01	1,11	3,0	6,0	4,7
34,04	1,11	3,0	6,0	4,7
34,06	1,11	3,0	6,0	4,7
34,09	1,12	3,0	6,0	4,7
34,11	1,12	3,0	6,0	4,7
34,13	1,12	3,0	6,0	4,7
34,16	1,13	3,0	6,0	4,7
34,18	1,14	3,0	6,0	4,7
34,21	1,14	3,0	6,0	4,7
34,23	1,16	3,0	6,0	4,7
34,26	1,17	3,0	6,0	4,7
34,28	1,16	3,0	6,0	4,7
34,31	1,16	3,0	6,0	4,7
34,33	1,16	3,0	6,0	4,7
34,35	1,18	3,0	6,0	4,7
34,38	1,18	3,0	6,0	4,7
34,40	1,18	3,0	6,0	4,7
34,43	1,19	3,0	6,0	4,7
34,45	1,18	3,0	6,0	4,7
34,48	1,18	3,0	6,0	4,7
34,50	1,19	3,0	6,0	4,7
34,52	1,20	3,0	6,0	4,7
34,55	1,21	3,0	6,0	4,7
34,57	1,21	3,0	6,0	4,7
34,60	1,22	3,0	6,0	4,7
34,62	1,24	3,0	6,0	4,7
34,65	1,24	3,0	6,0	4,7
34,67	1,25	3,0	6,0	4,7
34,70	1,26	3,0	6,0	4,7
34,72	1,26	3,0	6,0	4,7
34,74	1,25	3,0	6,0	4,7
34,77	1,26	3,0	6,0	4,7
34,79	1,28	3,0	6,0	4,7
34,82	1,28	3,0	6,0	4,7
34,84	1,29	3,0	6,0	4,7
34,87	1,29	3,0	6,0	4,7
34,89	1,30	3,0	6,0	4,7
34,92	1,31	3,0	6,0	4,7
34,94	1,32	3,0	6,0	4,7
34,96	1,33	3,0	6,0	4,7
34,99	1,34	3,0	6,0	4,7
35,01	1,34	3,0	6,0	4,7
35,04	1,35	3,0	6,0	4,7
35,06	1,37	3,0	6,0	4,7
35,09	1,38	3,0	6,0	4,7
35,11	1,39	3,0	6,0	4,7
35,14	1,40	3,0	6,0	4,7
35,16	1,41	3,0	6,0	4,7
35,18	1,41	3,0	6,0	4,7
35,21	1,42	3,0	6,0	4,7
35,23	1,44	3,0	6,0	4,7
35,26	1,45	3,0	6,0	4,7
35,28	1,45	3,0	6,0	4,7
35,31	1,46	3,0	6,0	4,7
35,33	1,47	3,0	6,0	4,7
35,36	1,49	3,0	6,0	4,7
35,38	1,50	3,0	6,0	4,7
35,40	1,52	3,0	6,0	4,7
35,43	1,53	3,0	6,0	4,7
35,45	1,53	3,0	6,0	4,7
35,48	1,55	3,0	6,0	4,7
35,50	1,56	3,0	6,0	4,7
35,53	1,58	3,0	6,0	4,7
35,55	1,59	3,0	6,0	4,7
35,57	1,60	3,0	6,0	4,7
35,60	1,60	3,0	6,0	4,7
35,62	1,61	3,0	6,0	4,7
35,65	1,63	3,0	6,0	4,7
35,67	1,64	3,0	6,0	4,7
35,70	1,65	3,0	6,0	4,7
35,72	1,66	3,0	6,0	4,7
35,75	1,67	3,0	6,0	4,7
35,77	1,68	3,0	6,0	4,7
35,79	1,69	3,0	6,0	4,7
35,82	1,71	3,0	6,0	4,7
35,84	1,72	3,0	6,0	4,7
35,87	1,73	3,0	6,0	4,7
35,89	1,74	3,0	6,0	4,7
35,92	1,76	3,0	6,0	4,7
35,94	1,77	3,0	6,0	4,7
35,97	1,79	3,0	6,0	4,7
35,99	1,80	3,0	6,0	4,7
36,01	1,81	3,0	6,0	4,7
36,04	1,82	3,0	6,0	4,7
36,06	1,83	3,0	6,0	4,7
36,09	1,85	3,0	6,0	4,7
36,11	1,86	3,0	6,0	4,7
36,14	1,87	3,0	6,0	4,7
36,16	1,88	3,0	6,0	4,7
36,19	1,89	3,0	6,0	4,7
36,21	1,91	3,0	6,0	4,7
36,23	1,92	3,0	6,0	4,7
36,26	1,94	3,0	6,0	4,7
36,28	1,95	3,0	6,0	4,7
36,31	1,96	3,0	6,0	4,7
36,33	1,98	3,0	6,0	4,7
36,36	2,00	3,0	6,0	4,7
36,38	2,01	3,0	6,0	4,7
36,41	2,03	3,0	6,0	4,7
36,43	2,04	3,0	6,0	4,7
36,45	2,05	3,0	6,0	4,7
36,48	2,04	3,0	6,0	4,7
36,50	2,06	3,0	6,0	4,7
36,53	2,08	3,0	6,0	4,7
36,55	2,10	3,0	6,0	4,7
36,58	2,10	3,0	6,0	4,7
36,60	2,11	3,0	6,0	4,7
36,62	2,13	3,0	6,0	4,7
36,65	2,15	3,0	6,0	4,7
36,67	2,16	3,0	6,0	4,7
36,70	2,19	3,0	6,0	4,7
36,72	2,20	3,0	6,0	4,7
36,75	2,20	3,0	6,0	4,7
36,77	2,22	3,0	6,0	4,7
36,80	2,24	3,0	6,0	4,7
36,82	2,25	3,0	6,0	4,7
36,84	2,27	3,0	6,0	4,7
36,87	2,27	3,0	6,0	4,7
36,89	2,28	3,0	6,0	4,7
36,92	2,29	3,0	6,0	4,7
36,94	2,30	3,0	6,0	4,7
36,97	2,32	3,0	6,0	4,7
36,99	2,34	3,0	6,0	4,7
37,02	2,34	3,0	6,0	4,7
37,04	2,36	3,0	6,0	4,7
37,06	2,37	3,0	6,0	4,7
37,09	2,40	3,0	6,0	4,7
37,11	2,42	3,0	6,0	4,7
37,14	2,44	3,0	6,0	4,7
37,16	2,45	3,0	6,0	4,7
37,19	2,46	3,0	6,0	4,7
37,21	2,48	3,0	6,0	4,7
37,24	2,50	3,0	6,0	4,7
37,26	2,50	3,0	6,0	4,7
37,28	2,52	3,0	6,0	4,7
37,31	2,52	3,0	6,0	4,7
37,33	2,53	3,0	6,0	4,7
37,36	2,55	3,0	6,0	4,7
37,38	2,57	3,0	6,0	4,7
37,41	2,58	3,0	6,0	4,7
37,43	2,59	3,0	6,0	4,7
37,46	2,60	3,0	6,0	4,7
37,48	2,62	3,0	6,0	4,7
37,50	2,64	3,0	6,0	4,7
37,53	2,67	3,0	6,0	4,7
37,55	2,68	3,0	6,0	4,7
37,58	2,68	3,0	6,0	4,7
37,60	2,70	3,0	6,0	4,7
37,63	2,71	3,0	6,0	4,7
37,65	2,73	3,0	6,0	4,7
37,68	2,74	3,0	6,0	4,7
37,70	2,75	3,0	6,0	4,7
37,72	2,76	3,0	6,0	4,7
37,75	2,77	3,0	6,0	4,7
37,77	2,78	3,0	6,0	4,7
37,80	2,79	3,0	6,0	4,7
37,82	2,81	3,0	6,0	4,7
37,85	2,82	3,0	6,0	4,7
37,87	2,83	3,0	6,0	4,7
37,89	2,84	3,0	6,0	4,7
37,92	2,86	3,0	6,0	4,7
37,94	2,88	3,0	6,0	4,7
37,97	2,90	3,0	6,0	4,7
37,99	2,90	3,0	6,0	4,7
38,02	2,92	3,0	6,0	4,7
38,04	2,92	3,0	6,0	4,7
38,07	2,94	3,0	6,0	4,7
38,09	2,96	3,0	6,0	4,7
38,11	2,97	3,0	6,0	4,7
38,14	2,98	3,0	6,0	4,7
38,16	2,99	3,0	6,0	4,7
38,19	3,01	3,0	6,0	4,7
38,21	3,02	3,0	6,0	4,7
38,24	3,03	3,0	6,0	4,7
38,26	3,05	3,0	6,0	4,7
38,29	3,06	3,0	6,0	4,7
38,31	3,07	3,0	6,0	4,7
38,33	3,08	3,0	6,0	4,7
38,36	3,10	3,0	6,0	4,7
38,38	3,12	3,0	6,0	4,7
38,41	3,13	3,0	6,0	4,7
38,43	3,15	3,0	6,0	4,7
38,46	3,16	3,0	6,0	4,7
38,48	3,16	3,0	6,0	4,7
38,51	3,18	3,0	6,0	4,7
38,53	3,21	3,0	6,0	4,7
38,55	3,21	3,0	6,0	4,7
38,58	3,22	3,0	6,0	4,7
38,60	3,24	3,0	6,0	4,7
38,63	3,25	3,0	6,0	4,7
38,65	3,27	3,0	6,0	4,7
38,68	3,28	3,0	6,0	4,7
38,70	3,30	3,0	6,0	4,7
38,73	3,31	3,0	6,0	4,7
38,75	3,32	3,0	6,0	4,7
38,77	3,34	3,0	6,0	4,7
38,80	3,35	3,0	6,0	4,7
38,82	3,37	3,0	6,0	4,7
38,85	3,38	3,0	6,0	4,7
38,87	3,40	3,0	6,0	4,7
38,90	3,40	3,0	6,0	4,7
38,92	3,41	3,0	6,0	4,7
38,94	3,43	3,0	6,0	4,7
38,97	3,45	3,0	6,0	4,7
38,99	3,45	3,0	6,0	4,7
39,02	3,46	3,0	6,0	4,7
39,04	3,47	3,0	6,0	4,7
39,07	3,49	3,0	6,0	4,7
39,09	3,50	3,0	6,0	4,7
39,12	3,52	3,0	6,0	4,7
39,14	3,52	3,0	6,0	4,7
39,16	3,54	3,0	6,0	4,7
39,19	3,55	3,0	6,0	4,7
39,21	3,57	3,0	6,0	4,7
39,24	3,58	3,0	6,0	4,7
39,26	3,60	3,0	6,0	4,7
39,29	3,60	3,0	6,0	4,7
39,31	3,61	3,0	6,0	4,7
39,34	3,62	3,0	6,0	4,7
39,36	3,64	3,0	6,0	4,7
39,38	3,65	3,0	6,0	4,7
39,41	3,67	3,0	6,0	4,7
39,43	3,67	3,0	6,0	4,7
39,46	3,68	3,0	6,0	4,7
39,48	3,70	3,0	6,0	4,7
39,51	3,71	3,0	6,0	4,7
39,53	3,73	3,0	6,0	4,7
39,56	3,75	3,0	6,0	4,7
39,58	3,76	3,0	6,0	4,7
39,60	3,76	3,0	6,0	4,7
39,63	3,78	3,0	6,0	4,7
39,65	3,80	3,0	6,0	4,7
39,68	3,81	3,0	6,0	4,7
39,70	3,83	3,0	6,0	4,7
39,73	3,83	3,0	6,0	4,7
39,75	3,85	3,0	6,0	4,7
39,78	3,85	3,0	6,0	4,7
39,80	3,86	3,0	6,0	4,7
39,82	3,89	3,0	6,0	4,7
39,85	3,89	3,0	6,0	4,7
39,87	3,90	3,0	6,0	4,7
39,90	3,91	3,0	6,0	4,7
39,92	3,92	3,0	6,0	4,7
39,95	3,94	3,0	6,0	4,7
39,97	3,95	3,0	6,0	4,7
39,99	3,97	3,0	6,0	4,7
40,02	3,97	3,0	6,0	4,7
40,04	3,98	3,0	6,0	4,7
40,07	4,00	3,0	6,0	4,7
40,09	4,01	3,0	6,0	4,7
40,12	4,02	3,0	6,0	4,7
40,14	4,03	3,0	6,0	4,7
40,17	4,03	3,0	6,0	4,7
40,19	4,04	3,0	6,0	4,7
40,21	4,05	3,0	6,0	4,7
40,24	4,07	3,0	6,0	4,7
40,26	4,09	3,0	6,0	4,7
40,29	4,09	3,0	6,0	4,7
40,31	4,10	3,0	6,0	4,7
40,34	4,12	3,0	6,0	4,7
40,36	4,13	3,0	6,0	4,7
40,39	4,15	3,0	6,0	4,7
40,41	4,15	3,0	6,0	4,7
40,43	4,17	3,0	6,0	4,7
40,46	4,17	3,0	6,0	4,7
40,48	4,18	3,0	6,0	4,7
40,51	4,20	3,0	6,0	4,7
40,53	4,21	3,0	6,0	4,7
40,56	4,22	3,0	6,0	4,7
40,58	4,23	3,0	6,0	4,7
40,61	4,23	3,0	6,0	4,7
40,63	4,24	3,0	6,0	4,7
40,65	4,25	3,0	6,0	4,7
40,68	4,27	3,0	6,0	4,7
40,70	4,28	3,0	6,0	4,7
40,73	4,28	3,0	6,0	4,7
40,75	4,30	3,0	6,0	4,7
40,78	4,31	3,0	6,0	4,7
40,80	4,33	3,0	6,0	4,7
40,83	4,34	3,0	6,0	4,7
40,85	4,35	3,0	6,0	4,7
40,87	4,36	3,0	6,0	4,7
40,90	4,36	3,0	6,0	4,7
40,92	4,38	3,0	6,0	4,7
40,95	4,39	3,0	6,0	4,7
40,97	4,41	3,0	6,0	4,7
41,00	4,41	3,0	6,0	4,7
41,02	4,42	3,0	6,0	4,7
41,05	4,42	3,0	6,0	4,7
41,07	4,43	3,0	6,0	4,7
41,09	4,44	3,0	6,0	4,7
41,12	4,46	3,0	6,0	4,7
41,14	4,47	3,0	6,0	4,7
41,17	4,47	3,0	6,0	4,7
41,19	4,48	3,0	6,0	4,7
41,22	4,50	3,0	6,0	4,7
41,24	4,51	3,0	6,0	4,7
41,26	4,53	3,0	6,0	4,7
41,29	4,53	3,0	6,0	4,7
41,31	4,54	3,0	6,0	4,7
41,34	4,54	3,0	6,0	4,7
41,36	4,56	3,0	6,0	4,7
41,39	4,58	3,0	6,0	4,7
41,41	4,59	3,0	6,0	4,7
41,44	4,59	3,0	6,0	4,7
41,46	4,60	3,0	6,0	4,7
41,48	4,61	3,0	6,0	4,7
41,51	4,62	3,0	6,0	4,7
41,53	4,64	3,0	6,0	4,7
41,56	4,65	3,0	6,0	4,7
41,58	4,65	3,0	6,0	4,7
41,61	4,66	3,0	6,0	4,7
41,63	4,67	3,0	6,0	4,7
41,66	4,68	3,0	6,0	4,7
41,68	4,70	3,0	6,0	4,7
41,70	4,70	3,0	6,0	4,7
41,73	4,71	3,0	6,0	4,7
41,75	4,71	3,0	6,0	4,7
41,78	4,72	3,0	6,0	4,7
41,80	4,74	3,0	6,0	4,7
41,83	4,75	3,0	6,0	4,7
41,85	4,75	3,0	6,0	4,7
41,88	4,76	3,0	6,0	4,7
41,90	4,77	3,0	6,0	4,7
41,92	4,78	3,0	6,0	4,7
41,95	4,79	3,0	6,0	4,7
41,97	4,80	3,0	6,0	4,7
42,00	4,82	3,0	6,0	4,7
42,02	4,82	3,0	6,0	4,7
42,05	4,83	3,0	6,0	4,7
42,07	4,84	3,0	6,0	4,7
42,10	4,85	3,0	6,0	4,7
42,12	4,86	3,0	6,0	4,7
42,14	4,86	3,0	6,0	4,7
42,17	4,87	3,0	6,0	4,7
42,19	4,87	3,0	6,0	4,7
42,22	4,88	3,0	6,0	4,7
42,24	4,89	3,0	6,0	4,7
42,27	4,90	3,0	6,0	4,7
42,29	4,90	3,0	6,0	4,7
42,31	4,91	3,0	6,0	4,7
42,34	4,92	3,0	6,0	4,7
42,36	4,93	3,0	6,0	4,7
42,39	4,94	3,0	6,0	4,7
42,41	4,95	3,0	6,0	4,7
42,44	4,96	3,0	6,0	4,7
42,46	4,96	3,0	6,0	4,7
42,49	4,97	3,0	6,0	4,7
42,51	4,99	3,0	6,0	4,7
42,53	4,99	3,0	6,0	4,7
42,56	5,00	3,0	6,0	4,7
42,58	5,00	3,0	6,0	4,7
42,61	5,00	3,0	6,0	4,7
42,63	5,00	3,0	6,0	4,7
42,66	5,01	3,0	6,0	4,7
42,68	5,03	3,0	6,0	4,7
42,71	5,03	3,0	6,0	4,7
42,73	5,03	3,0	6,0	4,7
42,75	5,04	3,0	6,0	4,7
42,78	5,05	3,0	6,0	4,7
42,80	5,06	3,0	6,0	4,7
42,83	5,07	3,0	6,0	4,7
42,85	5,08	3,0	6,0	4,7
42,88	5,08	3,0	6,0	4,7
42,90	5,08	3,0	6,0	4,7
42,93	5,10	3,0	6,0	4,7
42,95	5,11	3,0	6,0	4,7
42,97	5,11	3,0	6,0	4,7
43,00	5,12	3,0	6,0	4,7
43,02	5,12	3,0	6,0	4,7
43,05	5,12	3,0	6,0	4,7
43,07	5,12	3,0	6,0	4,7
43,10	5,14	3,0	6,0	4,7
43,12	5,15	3,0	6,0	4,7
43,15	5,15	3,0	6,0	4,7
43,17	5,16	3,0	6,0	4,7
43,19	5,17	3,0	6,0	4,7
43,22	5,18	3,0	6,0	4,7
43,24	5,19	3,0	6,0	4,7
43,27	5,20	3,0	6,0	4,7
43,29	5,21	3,0	6,0	4,7
43,32	5,21	3,0	6,0	4,7
43,34	5,21	3,0	6,0	4,7
43,36	5,22	3,0	6,0	4,7
43,39	5,23	3,0	6,0	4,7
43,41	5,23	3,0	6,0	4,7
43,44	5,24	3,0	6,0	4,7
43,46	5,24	3,0	6,0	4,7
43,49	5,24	3,0	6,0	4,7
43,51	5,25	3,0	6,0	4,7
43,54	5,26	3,0	6,0	4,7
43,56	5,27	3,0	6,0	4,7
43,58	5,27	3,0	6,0	4,7
43,61	5,27	3,0	6,0	4,7
43,63	5,28	3,0	6,0	4,7
43,66	5,29	3,0	6,0	4,7
43,68	5,30	3,0	6,0	4,7
43,71	5,30	3,0	6,0	4,7
43,73	5,31	3,0	6,0	4,7
43,76	5,31	3,0	6,0	4,7
43,78	5,32	3,0	6,0	4,7
43,80	5,33	3,0	6,0	4,7
43,83	5,33	3,0	6,0	4,7
43,85	5,33	3,0	6,0	4,7
43,88	5,34	3,0	6,0	4,7
43,90	5,33	3,0	6,0	4,7
43,93	5,34	3,0	6,0	4,7
43,95	5,34	3,0	6,0	4,7
43,98	5,36	3,0	6,0	4,7
44,00	5,36	3,0	6,0	4,7
44,02	5,36	3,0	6,0	4,7
44,05	5,37	3,0	6,0	4,7
44,07	5,38	3,0	6,0	4,7
44,10	5,39	3,0	6,0	4,7
44,12	5,40	3,0	6,0	4,7
44,15	5,40	3,0	6,0	4,7
44,17	5,40	3,0	6,0	4,7
44,20	5,41	3,0	6,0	4,7
44,22	5,41	3,0	6,0	4,7
44,24	5,42	3,0	6,0	4,7
44,27	5,43	3,0	6,0	4,7
44,29	5,42	3,0	6,0	4,7
44,32	5,43	3,0	6,0	4,7
44,34	5,43	3,0	6,0	4,7
44,37	5,43	3,0	6,0	4,7
44,39	5,44	3,0	6,0	4,7
44,41	5,45	3,0	6,0	4,7
44,44	5,45	3,0	6,0	4,7
44,46	5,45	3,0	6,0	4,7
44,49	5,46	3,0	6,0	4,7
44,51	5,47	3,0	6,0	4,7
44,54	5,47	3,0	6,0	4,7
44,56	5,48	3,0	6,0	4,7
44,59	5,48	3,0	6,0	4,7
44,61	5,47	3,0	6,0	4,7
44,63	5,47	3,0	6,0	4,7
44,66	5,49	3,0	6,0	4,7
44,68	5,49	3,0	6,0	4,7
44,71	5,49	3,0	6,0	4,7
44,73	5,49	3,0	6,0	4,7
44,76	5,49	3,0	6,0	4,7
44,78	5,50	3,0	6,0	4,7
44,81	5,49	3,0	6,0	4,7
44,83	5,51	3,0	6,0	4,7
44,85	5,52	3,0	6,0	4,7
44,88	5,51	3,0	6,0	4,7
44,90	5,51	3,0	6,0	4,7
44,93	5,52	3,0	6,0	4,7
44,95	5,53	3,0	6,0	4,7
44,98	5,53	3,0	6,0	4,7
45,00	5,53	3,0	6,0	4,7
45,03	5,53	3,0	6,0	4,7
45,05	5,53	3,0	6,0	4,7
45,07	5,53	3,0	6,0	4,7
45,10	5,54	3,0	6,0	4,7
45,12	5,54	3,0	6,0	4,7
45,15	5,55	3,0	6,0	4,7
45,17	5,55	3,0	6,0	4,7
45,20	5,55	3,0	6,0	4,7
45,22	5,56	3,0	6,0	4,7
45,25	5,56	3,0	6,0	4,7
45,27	5,57	3,0	6,0	4,7
45,29	5,58	3,0	6,0	4,7
45,32	5,58	3,0	6,0	4,7
45,34	5,58	3,0	6,0	4,7
45,37	5,60	3,0	6,0	4,7
45,39	5,60	3,0	6,0	4,7
45,42	5,60	3,0	6,0	4,7
45,44	5,59	3,0	6,0	4,7
45,47	5,59	3,0	6,0	4,7
45,49	5,59	3,0	6,0	4,7
45,51	5,59	3,0	6,0	4,7
45,54	5,60	3,0	6,0	4,7
45,56	5,60	3,0	6,0	4,7
45,59	5,60	3,0	6,0	4,7
45,61	5,61	3,0	6,0	4,7
45,64	5,60	3,0	6,0	4,7
45,66	5,62	3,0	6,0	4,7
45,68	5,61	3,0	6,0	4,7
45,71	5,62	3,0	6,0	4,7
45,73	5,63	3,0	6,0	4,7
45,76	5,62	3,0	6,0	4,7
45,78	5,63	3,0	6,0	4,7
45,81	5,64	3,0	6,0	4,7
45,83	5,64	3,0	6,0	4,7
45,86	5,64	3,0	6,0	4,7
45,88	5,63	3,0	6,0	4,7
45,90	5,63	3,0	6,0	4,7
45,93	5,63	3,0	6,0	4,7
45,95	5,64	3,0	6,0	4,7
45,98	5,64	3,0	6,0	4,7
46,00	5,64	3,0	6,0	4,7
46,03	5,64	3,0	6,0	4,7
46,05	5,65	3,0	6,0	4,7
46,08	5,65	3,0	6,0	4,7
46,10	5,66	3,0	6,0	4,7
46,12	5,66	3,0	6,0	4,7
46,15	5,67	3,0	6,0	4,7
46,17	5,66	3,0	6,0	4,7
46,20	5,66	3,0	6,0	4,7
46,22	5,67	3,0	6,0	4,7
46,25	5,68	3,0	6,0	4,7
46,27	5,67	3,0	6,0	4,7
46,30	5,68	3,0	6,0	4,7
46,32	5,67	3,0	6,0	4,7
46,34	5,68	3,0	6,0	4,7
46,37	5,68	3,0	6,0	4,7
46,39	5,69	3,0	6,0	4,7
46,42	5,69	3,0	6,0	4,7
46,44	5,69	3,0	6,0	4,7
46,47	5,69	3,0	6,0	4,7
46,49	5,70	3,0	6,0	4,7
46,52	5,70	3,0	6,0	4,7
46,54	5,71	3,0	6,0	4,7
46,56	5,70	3,0	6,0	4,7
46,59	5,70	3,0	6,0	4,7
46,61	5,70	3,0	6,0	4,7
46,64	5,70	3,0	6,0	4,7
46,66	5,71	3,0	6,0	4,7
46,69	5,71	3,0	6,0	4,7
46,71	5,71	3,0	6,0	4,7
46,73	5,70	3,0	6,0	4,7
46,76	5,70	3,0	6,0	4,7
46,78	5,70	3,0	6,0	4,7
46,81	5,70	3,0	6,0	4,7
46,83	5,70	3,0	6,0	4,7
46,86	5,70	3,0	6,0	4,7
46,88	5,69	3,0	6,0	4,7
46,91	5,69	3,0	6,0	4,7
46,93	5,69	3,0	6,0	4,7
46,95	5,69	3,0	6,0	4,7
46,98	5,69	3,0	6,0	4,7
47,00	5,68	3,0	6,0	4,7
47,03	5,68	3,0	6,0	4,7
47,05	5,67	3,0	6,0	4,7
47,08	5,67	3,0	6,0	4,7
47,10	5,67	3,0	6,0	4,7
47,13	5,67	3,0	6,0	4,7
47,15	5,65	3,0	6,0	4,7
47,17	5,65	3,0	6,0	4,7
47,20	5,63	3,0	6,0	4,7
47,22	5,63	3,0	6,0	4,7
47,25	5,62	3,0	6,0	4,7
47,27	5,62	3,0	6,0	4,7
47,30	5,61	3,0	6,0	4,7
47,32	5,60	3,0	6,0	4,7
47,35	5,60	3,0	6,0	4,7
47,37	5,59	3,0	6,0	4,7
47,39	5,59	3,0	6,0	4,7
47,42	5,58	3,0	6,0	4,7
47,44	5,57	3,0	6,0	4,7
47,47	5,55	3,0	6,0	4,7
47,49	5,54	3,0	6,0	4,7
47,52	5,54	3,0	6,0	4,7
47,54	5,53	3,0	6,0	4,7
47,57	5,51	3,0	6,0	4,7
47,59	5,50	3,0	6,0	4,7
47,61	5,49	3,0	6,0	4,7
47,64	5,47	3,0	6,0	4,7
47,66	5,46	3,0	6,0	4,7
47,69	5,45	3,0	6,0	4,7
47,71	5,44	3,0	6,0	4,7
47,74	5,42	3,0	6,0	4,7
47,76	5,41	3,0	6,0	4,7
47,78	5,40	3,0	6,0	4,7
47,81	5,40	3,0	6,0	4,7
47,83	5,39	3,0	6,0	4,7
47,86	5,37	3,0	6,0	4,7
47,88	5,36	3,0	6,0	4,7
47,91	5,34	3,0	6,0	4,7
47,93	5,33	3,0	6,0	4,7
47,96	5,32	3,0	6,0	4,7
47,98	5,31	3,0	6,0	4,7
48,00	5,29	3,0	6,0	4,7
48,03	5,28	3,0	6,0	4,7
48,05	5,26	3,0	6,0	4,7
48,08	5,25	3,0	6,0	4,7
48,10	5,24	3,0	6,0	4,7
48,13	5,24	3,0	6,0	4,7
48,15	5,23	3,0	6,0	4,7
48,18	5,21	3,0	6,0	4,7
48,20	5,19	3,0	6,0	4,7
48,22	5,19	3,0	6,0	4,7
48,25	5,18	3,0	6,0	4,7
48,27	5,17	3,0	6,0	4,7
48,30	5,14	3,0	6,0	4,7
48,32	5,13	3,0	6,0	4,7
48,35	5,11	3,0	6,0	4,7
48,37	5,10	3,0	6,0	4,7
48,40	5,09	3,0	6,0	4,7
48,42	5,08	3,0	6,0	4,7
48,44	5,07	3,0	6,0	4,7
48,47	5,05	3,0	6,0	4,7
48,49	5,04	3,0	6,0	4,7
48,52	5,03	3,0	6,0	4,7
48,54	5,02	3,0	6,0	4,7
48,57	5,01	3,0	6,0	4,7
48,59	4,99	3,0	6,0	4,7
48,62	4,97	3,0	6,0	4,7
48,64	4,96	3,0	6,0	4,7
48,66	4,96	3,0	6,0	4,7
48,69	4,94	3,0	6,0	4,7
48,71	4,93	3,0	6,0	4,7
48,74	4,91	3,0	6,0	4,7
48,76	4,89	3,0	6,0	4,7
48,79	4,88	3,0	6,0	4,7
48,81	4,87	3,0	6,0	4,7
48,84	4,87	3,0	6,0	4,7
48,86	4,85	3,0	6,0	4,7
48,88	4,83	3,0	6,0	4,7
48,91	4,83	3,0	6,0	4,7
48,93	4,81	3,0	6,0	4,7
48,96	4,81	3,0	6,0	4,7
48,98	4,80	3,0	6,0	4,7
49,01	4,79	3,0	6,0	4,7
49,03	4,77	3,0	6,0	4,7
49,05	4,75	3,0	6,0	4,7
49,08	4,75	3,0	6,0	4,7
49,10	4,73	3,0	6,0	4,7
49,13	4,71	3,0	6,0	4,7
49,15	4,70	3,0	6,0	4,7
49,18	4,68	3,0	6,0	4,7
49,20	4,67	3,0	6,0	4,7
49,23	4,66	3,0	6,0	4,7
49,25	4,66	3,0	6,0	4,7
49,27	4,65	3,0	6,0	4,7
49,30	4,63	3,0	6,0	4,7
49,32	4,61	3,0	6,0	4,7
49,35	4,60	3,0	6,0	4,7
49,37	4,59	3,0	6,0	4,7
49,40	4,57	3,0	6,0	4,7
49,42	4,56	3,0	6,0	4,7
49,45	4,55	3,0	6,0	4,7
49,47	4,53	3,0	6,0	4,7
49,49	4,52	3,0	6,0	4,7
49,52	4,51	3,0	6,0	4,7
49,54	4,50	3,0	6,0	4,7
49,57	4,48	3,0	6,0	4,7
49,59	4,47	3,0	6,0	4,7
49,62	4,45	3,0	6,0	4,7
49,64	4,44	3,0	6,0	4,7
49,67	4,43	3,0	6,0	4,7
49,69	4,43	3,0	6,0	4,7
49,71	4,42	3,0	6,0	4,7
49,74	4,40	3,0	6,0	4,7
49,76	4,39	3,0	6,0	4,7
49,79	4,39	3,0	6,0	4,7
49,81	4,38	3,0	6,0	4,7
49,84	4,37	3,0	6,0	4,7
49,86	4,35	3,0	6,0	4,7
49,89	4,34	3,0	6,0	4,7
49,91	4,32	3,0	6,0	4,7
49,93	4,31	3,0	6,0	4,7
49,96	4,31	3,0	6,0	4,7
49,98	4,30	3,0	6,0	4,7
50,01	4,29	3,0	6,0	4,7
50,03	4,28	3,0	6,0	4,7
50,06	4,27	3,0	6,0	4,7
50,08	4,27	3,0	6,0	4,7
50,10	4,27	3,0	6,0	4,7
50,13	4,27	3,0	6,0	4,7
50,15	4,26	3,0	6,0	4,7
50,18	4,25	3,0	6,0	4,7
50,20	4,24	3,0	6,0	4,7
50,23	4,24	3,0	6,0	4,7
50,25	4,23	3,0	6,0	4,7
50,28	4,22	3,0	6,0	4,7
50,30	4,21	3,0	6,0	4,7
50,32	4,20	3,0	6,0	4,7
50,35	4,18	3,0	6,0	4,7
50,37	4,18	3,0	6,0	4,7
50,40	4,18	3,0	6,0	4,7
50,42	4,16	3,0	6,0	4,7
50,45	4,15	3,0	6,0	4,7
50,47	4,15	3,0	6,0	4,7
50,50	4,15	3,0	6,0	4,7
50,52	4,16	3,0	6,0	4,7
50,54	4,15	3,0	6,0	4,7
50,57	4,14	3,0	6,0	4,7
50,59	4,13	3,0	6,0	4,7
50,62	4,12	3,0	6,0	4,7
50,64	4,12	3,0	6,0	4,7
50,67	4,11	3,0	6,0	4,7
50,69	4,10	3,0	6,0	4,7
50,72	4,09	3,0	6,0	4,7
50,74	4,07	3,0	6,0	4,7
50,76	4,06	3,0	6,0	4,7
50,79	4,05	3,0	6,0	4,7
50,81	4,05	3,0	6,0	4,7
50,84	4,05	3,0	6,0	4,7
50,86	4,03	3,0	6,0	4,7
50,89	4,03	3,0	6,0	4,7
50,91	4,02	3,0	6,0	4,7
50,94	4,02	3,0	6,0	4,7
50,96	4,02	3,0	6,0	4,7
50,98	4,01	3,0	6,0	4,7
51,01	4,01	3,0	6,0	4,7
51,03	4,00	3,0	6,0	4,7
51,06	3,99	3,0	6,0	4,7
51,08	3,98	3,0	6,0	4,7
51,11	3,98	3,0	6,0	4,7
51,13	3,96	3,0	6,0	4,7
51,15	3,95	3,0	6,0	4,7
51,18	3,94	3,0	6,0	4,7
51,20	3,94	3,0	6,0	4,7
51,23	3,93	3,0	6,0	4,7
51,25	3,93	3,0	6,0	4,7
51,28	3,93	3,0	6,0	4,7
51,30	3,91	3,0	6,0	4,7
51,33	3,91	3,0	6,0	4,7
51,35	3,91	3,0	6,0	4,7
51,37	3,91	3,0	6,0	4,7
51,40	3,91	3,0	6,0	4,7
51,42	3,90	3,0	6,0	4,7
51,45	3,90	3,0	6,0	4,7
51,47	3,88	3,0	6,0	4,7
51,50	3,88	3,0	6,0	4,7
51,52	3,88	3,0	6,0	4,7
51,55	3,88	3,0	6,0	4,7
51,57	3,87	3,0	6,0	4,7
51,59	3,86	3,0	6,0	4,7
51,62	3,87	3,0	6,0	4,7
51,64	3,86	3,0	6,0	4,7
51,67	3,86	3,0	6,0	4,7
51,69	3,87	3,0	6,0	4,7
51,72	3,86	3,0	6,0	4,7
51,74	3,86	3,0	6,0	4,7
51,77	3,85	3,0	6,0	4,7
51,79	3,86	3,0	6,0	4,7
51,81	3,85	3,0	6,0	4,7
51,84	3,85	3,0	6,0	4,7
51,86	3,85	3,0	6,0	4,7
51,89	3,85	3,0	6,0	4,7
51,91	3,85	3,0	6,0	4,7
51,94	3,85	3,0	6,0	4,7
51,96	3,85	3,0	6,0	4,7
51,99	3,84	3,0	6,0	4,7
52,01	3,84	3,0	6,0	4,7
52,03	3,84	3,0	6,0	4,7
52,06	3,84	3,0	6,0	4,7
52,08	3,85	3,0	6,0	4,7
52,11	3,85	3,0	6,0	4,7
52,13	3,85	3,0	6,0	4,7
52,16	3,85	3,0	6,0	4,7
52,18	3,85	3,0	6,0	4,7
52,20	3,86	3,0	6,0	4,7
52,23	3,85	3,0	6,0	4,7
52,25	3,86	3,0	6,0	4,7
52,28	3,86	3,0	6,0	4,7
52,30	3,87	3,0	6,0	4,7
52,33	3,87	3,0	6,0	4,7
52,35	3,87	3,0	6,0	4,7
52,38	3,88	3,0	6,0	4,7
52,40	3,87	3,0	6,0	4,7
52,42	3,87	3,0	6,0	4,7
52,45	3,88	3,0	6,0	4,7
52,47	3,88	3,0	6,0	4,7
52,50	3,88	3,0	6,0	4,7
52,52	3,89	3,0	6,0	4,7
52,55	3,90	3,0	6,0	4,7
52,57	3,90	3,0	6,0	4,7
52,60	3,90	3,0	6,0	4,7
52,62	3,90	3,0	6,0	4,7
52,64	3,91	3,0	6,0	4,7
52,67	3,91	3,0	6,0	4,7
52,69	3,92	3,0	6,0	4,7
52,72	3,92	3,0	6,0	4,7
52,74	3,93	3,0	6,0	4,7
52,77	3,92	3,0	6,0	4,7
52,79	3,92	3,0	6,0	4,7
52,82	3,93	3,0	6,0	4,7
52,84	3,94	3,0	6,0	4,7
52,86	3,92	3,0	6,0	4,7
52,89	3,93	3,0	6,0	4,7
52,91	3,93	3,0	6,0	4,7
52,94	3,94	3,0	6,0	4,7
52,96	3,94	3,0	6,0	4,7
52,99	3,95	3,0	6,0	4,7
53,01	3,96	3,0	6,0	4,7
53,04	3,95	3,0	6,0	4,7
53,06	3,96	3,0	6,0	4,7
53,08	3,97	3,0	6,0	4,7
53,11	3,98	3,0	6,0	4,7
53,13	3,98	3,0	6,0	4,7
53,16	3,98	3,0	6,0	4,7
53,18	3,98	3,0	6,0	4,7
53,21	3,98	3,0	6,0	4,7
53,23	3,99	3,0	6,0	4,7
53,26	4,00	3,0	6,0	4,7
53,28	4,00	3,0	6,0	4,7
53,30	4,00	3,0	6,0	4,7
53,33	4,00	3,0	6,0	4,7
53,35	4,01	3,0	6,0	4,7
53,38	4,03	3,0	6,0	4,7
53,40	4,04	3,0	6,0	4,7
53,43	4,05	3,0	6,0	4,7
53,45	4,05	3,0	6,0	4,7
53,47	4,06	3,0	6,0	4,7
53,50	4,07	3,0	6,0	4,7
53,52	4,08	3,0	6,0	4,7
53,55	4,09	3,0	6,0	4,7
53,57	4,09	3,0	6,0	4,7
53,60	4,09	3,0	6,0	4,7
53,62	4,10	3,0	6,0	4,7
53,65	4,11	3,0	6,0	4,7
53,67	4,12	3,0	6,0	4,7
53,69	4,13	3,0	6,0	4,7
53,72	4,13	3,0	6,0	4,7
53,74	4,14	3,0	6,0	4,7
53,77	4,15	3,0	6,0	4,7
53,79	4,16	3,0	6,0	4,7
53,82	4,19	3,0	6,0	4,7
53,84	4,19	3,0	6,0	4,7
53,87	4,21	3,0	6,0	4,7
53,89	4,21	3,0	6,0	4,7
53,91	4,22	3,0	6,0	4,7
53,94	4,23	3,0	6,0	4,7
53,96	4,23	3,0	6,0	4,7
53,99	4,24	3,0	6,0	4,7
54,01	4,24	3,0	6,0	4,7
54,04	4,24	3,0	6,0	4,7
54,06	4,26	3,0	6,0	4,7
54,09	4,26	3,0	6,0	4,7
54,11	4,28	3,0	6,0	4,7
54,13	4,29	3,0	6,0	4,7
54,16	4,29	3,0	6,0	4,7
54,18	4,30	3,0	6,0	4,7
54,21	4,32	3,0	6,0	4,7
54,23	4,33	3,0	6,0	4,7
54,26	4,34	3,0	6,0	4,7
54,28	4,36	3,0	6,0	4,7
54,31	4,36	3,0	6,0	4,7
54,33	4,37	3,0	6,0	4,7
54,35	4,38	3,0	6,0	4,7
54,38	4,40	3,0	6,0	4,7
54,40	4,41	3,0	6,0	4,7
54,43	4,40	3,0	6,0	4,7
54,45	4,42	3,0	6,0	4,7
54,48	4,43	3,0	6,0	4,7
54,50	4,44	3,0	6,0	4,7
54,52	4,45	3,0	6,0	4,7
54,55	4,47	3,0	6,0	4,7
54,57	4,49	3,0	6,0	4,7
54,60	4,48	3,0	6,0	4,7
54,62	4,50	3,0	6,0	4,7
54,65	4,52	3,0	6,0	4,7
54,67	4,53	3,0	6,0	4,7
54,70	4,55	3,0	6,0	4,7
54,72	4,56	3,0	6,0	4,7
54,74	4,57	3,0	6,0	4,7
54,77	4,57	3,0	6,0	4,7
54,79	4,59	3,0	6,0	4,7
54,82	4,61	3,0	6,0	4,7
54,84	4,62	3,0	6,0	4,7
54,87	4,63	3,0	6,0	4,7
54,89	4,64	3,0	6,0	4,7
54,92	4,66	3,0	6,0	4,7
54,94	4,67	3,0	6,0	4,7
54,96	4,69	3,0	6,0	4,7
54,99	4,71	3,0	6,0	4,7
55,01	4,72	3,0	6,0	4,7
55,04	4,73	3,0	6,0	4,7
55,06	4,74	3,0	6,0	4,7
55,09	4,75	3,0	6,0	4,7
55,11	4,77	3,0	6,0	4,7
55,14	4,78	3,0	6,0	4,7
55,16	4,79	3,0	6,0	4,7
55,18	4,80	3,0	6,0	4,7
55,21	4,81	3,0	6,0	4,7
55,23	4,83	3,0	6,0	4,7
55,26	4,85	3,0	6,0	4,7
55,28	4,85	3,0	6,0	4,7
55,31	4,86	3,0	6,0	4,7
55,33	4,88	3,0	6,0	4,7
55,36	4,89	3,0	6,0	4,7
55,38	4,91	3,0	6,0	4,7
55,40	4,93	3,0	6,0	4,7
55,43	4,94	3,0	6,0	4,7
55,45	4,95	3,0	6,0	4,7
55,48	4,96	3,0	6,0	4,7
55,50	4,98	3,0	6,0	4,7
55,53	4,99	3,0	6,0	4,7
55,55	5,02	3,0	6,0	4,7
55,57	5,03	3,0	6,0	4,7
55,60	5,04	3,0	6,0	4,7
55,62	5,05	3,0	6,0	4,7
55,65	5,07	3,0	6,0	4,7
55,67	5,10	3,0	6,0	4,7
55,70	5,11	3,0	6,0	4,7
55,72	5,12	3,0	6,0	4,7
55,75	5,13	3,0	6,0	4,7
55,77	5,15	3,0	6,0	4,7
55,79	5,17	3,0	6,0	4,7
55,82	5,19	3,0	6,0	4,7
55,84	5,21	3,0	6,0	4,7
55,87	5,23	3,0	6,0	4,7
55,89	5,23	3,0	6,0	4,7
55,92	5,25	3,0	6,0	4,7
55,94	5,27	3,0	6,0	4,7
55,97	5,29	3,0	6,0	4,7
55,99	5,31	3,0	6,0	4,7
56,01	5,32	3,0	6,0	4,7
56,04	5,33	3,0	6,0	4,7
56,06	5,34	3,0	6,0	4,7
56,09	5,36	3,0	6,0	4,7
56,11	5,39	3,0	6,0	4,7
56,14	5,40	3,0	6,0	4,7
56,16	5,40	3,0	6,0	4,7
56,19	5,42	3,0	6,0	4,7
56,21	5,44	3,0	6,0	4,7
56,23	5,46	3,0	6,0	4,7
56,26	5,48	3,0	6,0	4,7
56,28	5,50	3,0	6,0	4,7
56,31	5,51	3,0	6,0	4,7
56,33	5,52	3,0	6,0	4,7
56,36	5,54	3,0	6,0	4,7
56,38	5,56	3,0	6,0	4,7
56,41	5,57	3,0	6,0	4,7
56,43	5,59	3,0	6,0	4,7
56,45	5,60	3,0	6,0	4,7
56,48	5,62	3,0	6,0	4,7
56,50	5,63	3,0	6,0	4,7
56,53	5,66	3,0	6,0	4,7
56,55	5,68	3,0	6,0	4,7
56,58	5,69	3,0	6,0	4,7
56,60	5,70	3,0	6,0	4,7
56,62	5,72	3,0	6,0	4,7
56,65	5,75	3,0	6,0	4,7
56,67	5,77	3,0	6,0	4,7
56,70	5,79	3,0	6,0	4,7
56,72	5,81	3,0	6,0	4,7
56,75	5,82	3,0	6,0	4,7
56,77	5,84	3,0	6,0	4,7
56,80	5,86	3,0	6,0	4,7
56,82	5,88	3,0	6,0	4,7
56,84	5,89	3,0	6,0	4,7
56,87	5,91	3,0	6,0	4,7
56,89	5,92	3,0	6,0	4,7
56,92	5,94	3,0	6,0	4,7
56,94	5,96	3,0	6,0	4,7
56,97	5,98	3,0	6,0	4,7
56,99	6,00	3,0	6,0	4,7
57,02	6,01	3,0	6,0	4,7
57,04	6,03	3,0	6,0	4,7
57,06	6,05	3,0	6,0	4,7
57,09	6,07	3,0	6,0	4,7
57,11	6,10	3,0	6,0	4,7
57,14	6,12	3,0	6,0	4,7
57,16	6,14	3,0	6,0	4,7
57,19	6,15	3,0	6,0	4,7
57,21	6,16	3,0	6,0	4,7
57,24	6,19	3,0	6,0	4,7
57,26	6,20	3,0	6,0	4,7
57,28	6,22	3,0	6,0	4,7
57,31	6,24	3,0	6,0	4,7
57,33	6,25	3,0	6,0	4,7
57,36	6,27	3,0	6,0	4,7
57,38	6,29	3,0	6,0	4,7
57,41	6,32	3,0	6,0	4,7
57,43	6,33	3,0	6,0	4,7
57,46	6,34	3,0	6,0	4,7
57,48	6,36	3,0	6,0	4,7
57,50	6,39	3,0	6,0	4,7
57,53	6,41	3,0	6,0	4,7
57,55	6,43	3,0	6,0	4,7
57,58	6,45	3,0	6,0	4,7
57,60	6,46	3,0	6,0	4,7
57,63	6,47	3,0	6,0	4,7
57,65	6,49	3,0	6,0	4,7
57,68	6,52	3,0	6,0	4,7
57,70	6,54	3,0	6,0	4,7
57,72	6,54	3,0	6,0	4,7
57,75	6,57	3,0	6,0	4,7
57,77	6,58	3,0	6,0	4,7
57,80	6,61	3,0	6,0	4,7
57,82	6,63	3,0	6,0	4,7
57,85	6,65	3,0	6,0	4,7
57,87	6,67	3,0	6,0	4,7
57,89	6,68	3,0	6,0	4,7
57,92	6,70	3,0	6,0	4,7
57,94	6,73	3,0	6,0	4,7
57,97	6,75	3,0	6,0	4,7
57,99	6,77	3,0	6,0	4,7
58,02	6,79	3,0	6,0	4,7
58,04	6,80	3,0	6,0	4,7
58,07	6,81	3,0	6,0	4,7
58,09	6,84	3,0	6,0	4,7
58,11	6,86	3,0	6,0	4,7
58,14	6,88	3,0	6,0	4,7
58,16	6,89	3,0	6,0	4,7
58,19	6,91	3,0	6,0	4,7
58,21	6,94	3,0	6,0	4,7
58,24	6,96	3,0	6,0	4,7
58,26	6,98	3,0	6,0	4,7
58,29	7,00	3,0	6,0	4,7
58,31	7,02	3,0	6,0	4,7
58,33	7,04	3,0	6,0	4,7
58,36	7,05	3,0	6,0	4,7
58,38	7,08	3,0	6,0	4,7
58,41	7,10	3,0	6,0	4,7
58,43	7,11	3,0	6,0	4,7
58,46	7,13	3,0	6,0	4,7
58,48	7,14	3,0	6,0	4,7
58,51	7,17	3,0	6,0	4,7
58,53	7,18	3,0	6,0	4,7
58,55	7,21	3,0	6,0	4,7
58,58	7,22	3,0	6,0	4,7
58,60	7,24	3,0	6,0	4,7
58,63	7,26	3,0	6,0	4,7
58,65	7,28	3,0	6,0	4,7
58,68	7,30	3,0	6,0	4,7
58,70	7,33	3,0	6,0	4,7
58,73	7,35	3,0	6,0	4,7
58,75	7,36	3,0	6,0	4,7
58,77	7,38	3,0	6,0	4,7
58,80	7,41	3,0	6,0	4,7
58,82	7,42	3,0	6,0	4,7
58,85	7,45	3,0	6,0	4,7
58,87	7,46	3,0	6,0	4,7
58,90	7,48	3,0	6,0	4,7
58,92	7,49	3,0	6,0	4,7
58,94	7,51	3,0	6,0	4,7
58,97	7,54	3,0	6,0	4,7
58,99	7,54	3,0	6,0	4,7
59,02	7,56	3,0	6,0	4,7
59,04	7,58	3,0	6,0	4,7
59,07	7,60	3,0	6,0	4,7
59,09	7,62	3,0	6,0	4,7
59,12	7,64	3,0	6,0	4,7
59,14	7,67	3,0	6,0	4,7
59,16	7,68	3,0	6,0	4,7
59,19	7,69	3,0	6,0	4,7
59,21	7,72	3,0	6,0	4,7
59,24	7,74	3,0	6,0	4,7
59,26	7,76	3,0	6,0	4,7
59,29	7,78	3,0	6,0	4,7
59,31	7,79	3,0	6,0	4,7
59,34	7,80	3,0	6,0	4,7
59,36	7,82	3,0	6,0	4,7
59,38	7,84	3,0	6,0	4,7
59,41	7,86	3,0	6,0	4,7
59,43	7,88	3,0	6,0	4,7
59,46	7,89	3,0	6,0	4,7
59,48	7,92	3,0	6,0	4,7
59,51	7,94	3,0	6,0	4,7
59,53	7,96	3,0	6,0	4,7
59,56	7,98	3,0	6,0	4,7
59,58	8,00	3,0	6,0	4,7
59,60	8,02	3,0	6,0	4,7
59,63	8,03	3,0	6,0	4,7
59,65	8,06	3,0	6,0	4,7
59,68	8,08	3,0	6,0	4,7
59,70	8,09	3,0	6,0	4,7
59,73	8,11	3,0	6,0	4,7
59,75	8,12	3,0	6,0	4,7
59,78	8,14	3,0	6,0	4,7
59,80	8,16	3,0	6,0	4,7
59,82	8,18	3,0	6,0	4,7
59,85	8,20	3,0	6,0	4,7
59,87	8,21	3,0	6,0	4,7
59,90	8,23	3,0	6,0	4,7
59,92	8,26	3,0	6,0	4,7
59,95	8,28	3,0	6,0	4,7
59,97	8,31	3,0	6,0	4,7
59,99	8,33	3,0	6,0	4,7
60,02	8,35	3,0	6,0	4,7
60,04	8,36	3,0	6,0	4,7
60,07	8,37	3,0	6,0	4,7
60,09	8,39	3,0	6,0	4,7
60,12	8,41	3,0	6,0	4,7
60,14	8,42	3,0	6,0	4,7
60,17	8,44	3,0	6,0	4,7
60,19	8,45	3,0	6,0	4,7
60,21	8,47	3,0	6,0	4,7
60,24	8,49	3,0	6,0	4,7
60,26	8,51	3,0	6,0	4,7
60,29	8,53	3,0	6,0	4,7
60,31	8,54	3,0	6,0	4,7
60,34	8,56	3,0	6,0	4,7
60,36	8,58	3,0	6,0	4,7
60,39	8,60	3,0	6,0	4,7
60,41	8,62	3,0	6,0	4,7
60,43	8,64	3,0	6,0	4,7
60,46	8,65	3,0	6,0	4,7
60,48	8,67	3,0	6,0	4,7
60,51	8,68	3,0	6,0	4,7
60,53	8,71	3,0	6,0	4,7
60,56	8,72	3,0	6,0	4,7
60,58	8,73	3,0	6,0	4,7
60,61	8,75	3,0	6,0	4,7
60,63	8,76	3,0	6,0	4,7
60,65	8,78	3,0	6,0	4,7
60,68	8,80	3,0	6,0	4,7
60,70	8,83	3,0	6,0	4,7
60,73	8,83	3,0	6,0	4,7
60,75	8,85	3,0	6,0	4,7
60,78	8,87	3,0	6,0	4,7
60,80	8,89	3,0	6,0	4,7
60,83	8,91	3,0	6,0	4,7
60,85	8,93	3,0	6,0	4,7
60,87	8,95	3,0	6,0	4,7
60,90	8,96	3,0	6,0	4,7
60,92	8,98	3,0	6,0	4,7
60,95	9,01	3,0	6,0	4,7
60,97	9,03	3,0	6,0	4,7
61,00	9,04	3,0	6,0	4,7
61,02	9,05	3,0	6,0	4,7
61,05	9,07	3,0	6,0	4,7
61,07	9,09	3,0	6,0	4,7
61,09	9,10	3,0	6,0	4,7
61,12	9,13	3,0	6,0	4,7
61,14	9,14	3,0	6,0	4,7
61,17	9,15	3,0	6,0	4,7
61,19	9,16	3,0	6,0	4,7
61,22	9,19	3,0	6,0	4,7
61,24	9,21	3,0	6,0	4,7
61,26	9,23	3,0	6,0	4,7
61,29	9,24	3,0	6,0	4,7
61,31	9,25	3,0	6,0	4,7
61,34	9,27	3,0	6,0	4,7
61,36	9,28	3,0	6,0	4,7
61,39	9,30	3,0	6,0	4,7
61,41	9,32	3,0	6,0	4,7
61,44	9,33	3,0	6,0	4,7
61,46	9,34	3,0	6,0	4,7
61,48	9,35	3,0	6,0	4,7
61,51	9,38	3,0	6,0	4,7
61,53	9,39	3,0	6,0	4,7
61,56	9,41	3,0	6,0	4,7
61,58	9,43	3,0	6,0	4,7
61,61	9,44	3,0	6,0	4,7
61,63	9,46	3,0	6,0	4,7
61,66	9,48	3,0	6,0	4,7
61,68	9,50	3,0	6,0	4,7
61,70	9,52	3,0	6,0	4,7
61,73	9,52	3,0	6,0	4,7
61,75	9,54	3,0	6,0	4,7
61,78	9,54	3,0	6,0	4,7
61,80	9,56	3,0	6,0	4,7
61,83	9,58	3,0	6,0	4,7
61,85	9,59	3,0	6,0	4,7
61,88	9,60	3,0	6,0	4,7
61,90	9,62	3,0	6,0	4,7
61,92	9,63	3,0	6,0	4,7
61,95	9,66	3,0	6,0	4,7
61,97	9,68	3,0	6,0	4,7
62,00	9,69	3,0	6,0	4,7
62,02	9,71	3,0	6,0	4,7
62,05	9,72	3,0	6,0	4,7
62,07	9,73	3,0	6,0	4,7
62,10	9,76	3,0	6,0	4,7
62,12	9,77	3,0	6,0	4,7
62,14	9,79	3,0	6,0	4,7
62,17	9,79	3,0	6,0	4,7
62,19	9,81	3,0	6,0	4,7
62,22	9,82	3,0	6,0	4,7
62,24	9,84	3,0	6,0	4,7
62,27	9,86	3,0	6,0	4,7
62,29	9,86	3,0	6,0	4,7
62,31	9,87	3,0	6,0	4,7
62,34	9,90	3,0	6,0	4,7
62,36	9,91	3,0	6,0	4,7
62,39	9,94	3,0	6,0	4,7
62,41	9,95	3,0	6,0	4,7
62,44	9,97	3,0	6,0	4,7
62,46	9,96	3,0	6,0	4,7
62,49	9,98	3,0	6,0	4,7
62,51	10,01	3,0	6,0	4,7
62,53	10,02	3,0	6,0	4,7
62,56	10,03	3,0	6,0	4,7
62,58	10,04	3,0	6,0	4,7
62,61	10,05	3,0	6,0	4,7
62,63	10,07	3,0	6,0	4,7
62,66	10,08	3,0	6,0	4,7
62,68	10,10	3,0	6,0	4,7
62,71	10,11	3,0	6,0	4,7
62,73	10,12	3,0	6,0	4,7
62,75	10,13	3,0	6,0	4,7
62,78	10,16	3,0	6,0	4,7
62,80	10,17	3,0	6,0	4,7
62,83	10,19	3,0	6,0	4,7
62,85	10,20	3,0	6,0	4,7
62,88	10,21	3,0	6,0	4,7
62,90	10,23	3,0	6,0	4,7
62,93	10,23	3,0	6,0	4,7
62,95	10,25	3,0	6,0	4,7
62,97	10,27	3,0	6,0	4,7
63,00	10,28	3,0	6,0	4,7
63,02	10,29	3,0	6,0	4,7
63,05	10,30	3,0	6,0	4,7
63,07	10,32	3,0	6,0	4,7
63,10	10,32	3,0	6,0	4,7
63,12	10,34	3,0	6,0	4,7
63,15	10,36	3,0	6,0	4,7
63,17	10,35	3,0	6,0	4,7
63,19	10,37	3,0	6,0	4,7
63,22	10,39	3,0	6,0	4,7
63,24	10,40	3,0	6,0	4,7
63,27	10,42	3,0	6,0	4,7
63,29	10,43	3,0	6,0	4,7
63,32	10,44	3,0	6,0	4,7
63,34	10,44	3,0	6,0	4,7
63,36	10,45	3,0	6,0	4,7
63,39	10,47	3,0	6,0	4,7
63,41	10,48	3,0	6,0	4,7
63,44	10,49	3,0	6,0	4,7
63,46	10,49	3,0	6,0	4,7
63,49	10,50	3,0	6,0	4,7
63,51	10,51	3,0	6,0	4,7
63,54	10,53	3,0	6,0	4,7
63,56	10,54	3,0	6,0	4,7
63,58	10,54	3,0	6,0	4,7
63,61	10,55	3,0	6,0	4,7
63,63	10,56	3,0	6,0	4,7
63,66	10,58	3,0	6,0	4,7
63,68	10,59	3,0	6,0	4,7
63,71	10,61	3,0	6,0	4,7
63,73	10,61	3,0	6,0	4,7
63,76	10,61	3,0	6,0	4,7
63,78	10,62	3,0	6,0	4,7
63,80	10,64	3,0	6,0	4,7
63,83	10,65	3,0	6,0	4,7
63,85	10,65	3,0	6,0	4,7
63,88	10,66	3,0	6,0	4,7
63,90	10,67	3,0	6,0	4,7
63,93	10,68	3,0	6,0	4,7
63,95	10,68	3,0	6,0	4,7
63,98	10,70	3,0	6,0	4,7
64,00	10,71	3,0	6,0	4,7
64,02	10,70	3,0	6,0	4,7
64,05	10,71	3,0	6,0	4,7
64,07	10,72	3,0	6,0	4,7
64,10	10,73	3,0	6,0	4,7
64,12	10,74	3,0	6,0	4,7
64,15	10,74	3,0	6,0	4,7
64,17	10,75	3,0	6,0	4,7
64,20	10,74	3,0	6,0	4,7
64,22	10,75	3,0	6,0	4,7
64,24	10,76	3,0	6,0	4,7
64,27	10,76	3,0	6,0	4,7
64,29	10,76	3,0	6,0	4,7
64,32	10,76	3,0	6,0	4,7
64,34	10,76	3,0	6,0	4,7
64,37	10,77	3,0	6,0	4,7
64,39	10,78	3,0	6,0	4,7
64,41	10,78	3,0	6,0	4,7
64,44	10,79	3,0	6,0	4,7
64,46	10,78	3,0	6,0	4,7
64,49	10,78	3,0	6,0	4,7
64,51	10,79	3,0	6,0	4,7
64,54	10,79	3,0	6,0	4,7
64,56	10,80	3,0	6,0	4,7
64,59	10,79	3,0	6,0	4,7
64,61	10,79	3,0	6,0	4,7
64,63	10,79	3,0	6,0	4,7
64,66	10,78	3,0	6,0	4,7
64,68	10,80	3,0	6,0	4,7
64,71	10,80	3,0	6,0	4,7
64,73	10,79	3,0	6,0	4,7
64,76	10,79	3,0	6,0	4,7
64,78	10,79	3,0	6,0	4,7
64,81	10,81	3,0	6,0	4,7
64,83	10,80	3,0	6,0	4,7
64,85	10,82	3,0	6,0	4,7
64,88	10,82	3,0	6,0	4,7
64,90	10,81	3,0	6,0	4,7
64,93	10,81	3,0	6,0	4,7
64,95	10,82	3,0	6,0	4,7
64,98	10,83	3,0	6,0	4,7
65,00	10,83	3,0	6,0	4,7
65,03	10,82	3,0	6,0	4,7
65,05	10,82	3,0	6,0	4,7
65,07	10,81	3,0	6,0	4,7
65,10	10,82	3,0	6,0	4,7
65,12	10,82	3,0	6,0	4,7
65,15	10,82	3,0	6,0	4,7
65,17	10,81	3,0	6,0	4,7
65,20	10,82	3,0	6,0	4,7
65,22	10,82	3,0	6,0	4,7
65,25	10,83	3,0	6,0	4,7
65,27	10,84	3,0	6,0	4,7
65,29	10,84	3,0	6,0	4,7
65,32	10,83	3,0	6,0	4,7
65,34	10,83	3,0	6,0	4,7
65,37	10,84	3,0	6,0	4,7
65,39	10,84	3,0	6,0	4,7
65,42	10,84	3,0	6,0	4,7
65,44	10,84	3,0	6,0	4,7
65,47	10,83	3,0	6,0	4,7
65,49	10,83	3,0	6,0	4,7
65,51	10,82	3,0	6,0	4,7
65,54	10,83	3,0	6,0	4,7
65,56	10,84	3,0	6,0	4,7
65,59	10,83	3,0	6,0	4,7
65,61	10,83	3,0	6,0	4,7
65,64	10,84	3,0	6,0	4,7
65,66	10,83	3,0	6,0	4,7
65,68	10,84	3,0	6,0	4,7
65,71	10,84	3,0	6,0	4,7
65,73	10,84	3,0	6,0	4,7
65,76	10,82	3,0	6,0	4,7
65,78	10,82	3,0	6,0	4,7
65,81	10,83	3,0	6,0	4,7
65,83	10,83	3,0	6,0	4,7
65,86	10,82	3,0	6,0	4,7
65,88	10,82	3,0	6,0	4,7
65,90	10,81	3,0	6,0	4,7
65,93	10,81	3,0	6,0	4,7
65,95	10,80	3,0	6,0	4,7
65,98	10,81	3,0	6,0	4,7
66,00	10,81	3,0	6,0	4,7
66,03	10,80	3,0	6,0	4,7
66,05	10,79	3,0	6,0	4,7
66,08	10,79	3,0	6,0	4,7
66,10	10,79	3,0	6,0	4,7
66,12	10,79	3,0	6,0	4,7
66,15	10,78	3,0	6,0	4,7
66,17	10,78	3,0	6,0	4,7
66,20	10,76	3,0	6,0	4,7
66,22	10,75	3,0	6,0	4,7
66,25	10,76	3,0	6,0	4,7
66,27	10,76	3,0	6,0	4,7
66,30	10,74	3,0	6,0	4,7
66,32	10,74	3,0	6,0	4,7
66,34	10,73	3,0	6,0	4,7
66,37	10,73	3,0	6,0	4,7
66,39	10,72	3,0	6,0	4,7
66,42	10,73	3,0	6,0	4,7
66,44	10,73	3,0	6,0	4,7
66,47	10,71	3,0	6,0	4,7
66,49	10,71	3,0	6,0	4,7
66,52	10,71	3,0	6,0	4,7
66,54	10,71	3,0	6,0	4,7
66,56	10,71	3,0	6,0	4,7
66,59	10,70	3,0	6,0	4,7
66,61	10,69	3,0	6,0	4,7
66,64	10,67	3,0	6,0	4,7
66,66	10,68	3,0	6,0	4,7
66,69	10,68	3,0	6,0	4,7
66,71	10,68	3,0	6,0	4,7
66,73	10,67	3,0	6,0	4,7
66,76	10,66	3,0	6,0	4,7
66,78	10,66	3,0	6,0	4,7
66,81	10,66	3,0	6,0	4,7
66,83	10,66	3,0	6,0	4,7
66,86	10,65	3,0	6,0	4,7
66,88	10,64	3,0	6,0	4,7
66,91	10,64	3,0	6,0	4,7
66,93	10,64	3,0	6,0	4,7
66,95	10,64	3,0	6,0	4,7
66,98	10,64	3,0	6,0	4,7
67,00	10,64	3,0	6,0	4,7
67,03	10,63	3,0	6,0	4,7
67,05	10,62	3,0	6,0	4,7
67,08	10,61	3,0	6,0	4,7
67,10	10,62	3,0	6,0	4,7
67,13	10,62	3,0	6,0	4,7
67,15	10,61	3,0	6,0	4,7
67,17	10,60	3,0	6,0	4,7
67,20	10,60	3,0	6,0	4,7
67,22	10,59	3,0	6,0	4,7
67,25	10,59	3,0	6,0	4,7
67,27	10,59	3,0	6,0	4,7
67,30	10,59	3,0	6,0	4,7
67,32	10,58	3,0	6,0	4,7
67,35	10,58	3,0	6,0	4,7
67,37	10,58	3,0	6,0	4,7
67,39	10,58	3,0	6,0	4,7
67,42	10,58	3,0	6,0	4,7
67,44	10,57	3,0	6,0	4,7
67,47	10,57	3,0	6,0	4,7
67,49	10,55	3,0	6,0	4,7
67,52	10,54	3,0	6,0	4,7
67,54	10,54	3,0	6,0	4,7
67,57	10,54	3,0	6,0	4,7
67,59	10,52	3,0	6,0	4,7
67,61	10,52	3,0	6,0	4,7
67,64	10,51	3,0	6,0	4,7
67,66	10,52	3,0	6,0	4,7
67,69	10,51	3,0	6,0	4,7
67,71	10,52	3,0	6,0	4,7
67,74	10,51	3,0	6,0	4,7
67,76	10,50	3,0	6,0	4,7
67,78	10,49	3,0	6,0	4,7
67,81	10,50	3,0	6,0	4,7
67,83	10,49	3,0	6,0	4,7
67,86	10,49	3,0	6,0	4,7
67,88	10,47	3,0	6,0	4,7
67,91	10,46	3,0	6,0	4,7
67,93	10,45	3,0	6,0	4,7
67,96	10,43	3,0	6,0	4,7
67,98	10,44	3,0	6,0	4,7
68,00	10,43	3,0	6,0	4,7
68,03	10,42	3,0	6,0	4,7
68,05	10,42	3,0	6,0	4,7
68,08	10,41	3,0	6,0	4,7
68,10	10,42	3,0	6,0	4,7
68,13	10,41	3,0	6,0	4,7
68,15	10,41	3,0	6,0	4,7
68,18	10,40	3,0	6,0	4,7
68,20	10,39	3,0	6,0	4,7
68,22	10,39	3,0	6,0	4,7
68,25	10,39	3,0	6,0	4,7
68,27	10,37	3,0	6,0	4,7
68,30	10,37	3,0	6,0	4,7
68,32	10,35	3,0	6,0	4,7
68,35	10,34	3,0	6,0	4,7
68,37	10,33	3,0	6,0	4,7
68,40	10,33	3,0	6,0	4,7
68,42	10,33	3,0	6,0	4,7
68,44	10,32	3,0	6,0	4,7
68,47	10,31	3,0	6,0	4,7
68,49	10,32	3,0	6,0	4,7
68,52	10,32	3,0	6,0	4,7
68,54	10,32	3,0	6,0	4,7
68,57	10,32	3,0	6,0	4,7
68,59	10,31	3,0	6,0	4,7
68,62	10,30	3,0	6,0	4,7
68,64	10,29	3,0	6,0	4,7
68,66	10,30	3,0	6,0	4,7
68,69	10,29	3,0	6,0	4,7
68,71	10,28	3,0	6,0	4,7
68,74	10,28	3,0	6,0	4,7
68,76	10,26	3,0	6,0	4,7
68,79	10,26	3,0	6,0	4,7
68,81	10,25	3,0	6,0	4,7
68,83	10,25	3,0	6,0	4,7
68,86	10,25	3,0	6,0	4,7
68,88	10,24	3,0	6,0	4,7
68,91	10,24	3,0	6,0	4,7
68,93	10,25	3,0	6,0	4,7
68,96	10,24	3,0	6,0	4,7
68,98	10,25	3,0	6,0	4,7
69,01	10,24	3,0	6,0	4,7
69,03	10,23	3,0	6,0	4,7
69,05	10,22	3,0	6,0	4,7
69,08	10,22	3,0	6,0	4,7
69,10	10,23	3,0	6,0	4,7
69,13	10,22	3,0	6,0	4,7
69,15	10,21	3,0	6,0	4,7
69,18	10,20	3,0	6,0	4,7
69,20	10,20	3,0	6,0	4,7
69,23	10,20	3,0	6,0	4,7
69,25	10,20	3,0	6,0	4,7
69,27	10,20	3,0	6,0	4,7
69,30	10,19	3,0	6,0	4,7
69,32	10,19	3,0	6,0	4,7
69,35	10,18	3,0	6,0	4,7
69,37	10,19	3,0	6,0	4,7
69,40	10,19	3,0	6,0	4,7
69,42	10,19	3,0	6,0	4,7
69,45	10,19	3,0	6,0	4,7
69,47	10,18	3,0	6,0	4,7
69,49	10,17	3,0	6,0	4,7
69,52	10,17	3,0	6,0	4,7
69,54	10,18	3,0	6,0	4,7
69,57	10,17	3,0	6,0	4,7
69,59	10,16	3,0	6,0	4,7
69,62	10,16	3,0	6,0	4,7
69,64	10,16	3,0	6,0	4,7
69,67	10,16	3,0	6,0	4,7
69,69	10,15	3,0	6,0	4,7
69,71	10,16	3,0	6,0	4,7
69,74	10,15	3,0	6,0	4,7
69,76	10,14	3,0	6,0	4,7
69,79	10,15	3,0	6,0	4,7
69,81	10,15	3,0	6,0	4,7
69,84	10,15	3,0	6,0	4,7
69,86	10,15	3,0	6,0	4,7
69,89	10,15	3,0	6,0	4,7
69,91	10,14	3,0	6,0	4,7
69,93	10,13	3,0	6,0	4,7
69,96	10,14	3,0	6,0	4,7
69,98	10,14	3,0	6,0	4,7
70,01	10,13	3,0	6,0	4,7
70,03	10,13	3,0	6,0	4,7
70,06	10,12	3,0	6,0	4,7
70,08	10,12	3,0	6,0	4,7
70,10	10,12	3,0	6,0	4,7
70,13	10,12	3,0	6,0	4,7
70,15	10,12	3,0	6,0	4,7
70,18	10,11	3,0	6,0	4,7
70,20	10,11	3,0	6,0	4,7
70,23	10,12	3,0	6,0	4,7
70,25	10,12	3,0	6,0	4,7
70,28	10,12	3,0	6,0	4,7
70,30	10,11	3,0	6,0	4,7
70,32	10,11	3,0	6,0	4,7
70,35	10,11	3,0	6,0	4,7
70,37	10,11	3,0	6,0	4,7
70,40	10,11	3,0	6,0	4,7
70,42	10,11	3,0	6,0	4,7
70,45	10,10	3,0	6,0	4,7
70,47	10,10	3,0	6,0	4,7
70,50	10,09	3,0	6,0	4,7
70,52	10,10	3,0	6,0	4,7
70,54	10,10	3,0	6,0	4,7
70,57	10,10	3,0	6,0	4,7
70,59	10,10	3,0	6,0	4,7
70,62	10,10	3,0	6,0	4,7
70,64	10,10	3,0	6,0	4,7
70,67	10,12	3,0	6,0	4,7
70,69	10,12	3,0	6,0	4,7
70,72	10,12	3,0	6,0	4,7
70,74	10,11	3,0	6,0	4,7
70,76	10,12	3,0	6,0	4,7
70,79	10,10	3,0	6,0	4,7
70,81	10,11	3,0	6,0	4,7
70,84	10,12	3,0	6,0	4,7
70,86	10,12	3,0	6,0	4,7
70,89	10,11	3,0	6,0	4,7
70,91	10,11	3,0	6,0	4,7
70,94	10,11	3,0	6,0	4,7
70,96	10,12	3,0	6,0	4,7
70,98	10,13	3,0	6,0	4,7
71,01	10,13	3,0	6,0	4,7
71,03	10,13	3,0	6,0	4,7
71,06	10,13	3,0	6,0	4,7
71,08	10,14	3,0	6,0	4,7
71,11	10,14	3,0	6,0	4,7
71,13	10,14	3,0	6,0	4,7
71,15	10,14	3,0	6,0	4,7
71,18	10,14	3,0	6,0	4,7
71,20	10,14	3,0	6,0	4,7
71,23	10,14	3,0	6,0	4,7
71,25	10,14	3,0	6,0	4,7
71,28	10,15	3,0	6,0	4,7
71,30	10,15	3,0	6,0	4,7
71,33	10,14	3,0	6,0	4,7
71,35	10,15	3,0	6,0	4,7
71,37	10,15	3,0	6,0	4,7
71,40	10,17	3,0	6,0	4,7
71,42	10,17	3,0	6,0	4,7
71,45	10,18	3,0	6,0	4,7
71,47	10,17	3,0	6,0	4,7
71,50	10,17	3,0	6,0	4,7
71,52	10,19	3,0	6,0	4,7
71,55	10,19	3,0	6,0	4,7
71,57	10,19	3,0	6,0	4,7
71,59	10,19	3,0	6,0	4,7
71,62	10,18	3,0	6,0	4,7
71,64	10,19	3,0	6,0	4,7
71,67	10,19	3,0	6,0	4,7
71,69	10,20	3,0	6,0	4,7
71,72	10,21	3,0	6,0	4,7
71,74	10,21	3,0	6,0	4,7
71,77	10,21	3,0	6,0	4,7
71,79	10,22	3,0	6,0	4,7
71,81	10,23	3,0	6,0	4,7
71,84	10,25	3,0	6,0	4,7
71,86	10,25	3,0	6,0	4,7
71,89	10,25	3,0	6,0	4,7
71,91	10,25	3,0	6,0	4,7
71,94	10,26	3,0	6,0	4,7
71,96	10,27	3,0	6,0	4,7
71,99	10,28	3,0	6,0	4,7
72,01	10,27	3,0	6,0	4,7
72,03	10,28	3,0	6,0	4,7
72,06	10,28	3,0	6,0	4,7
72,08	10,28	3,0	6,0	4,7
72,11	10,29	3,0	6,0	4,7
72,13	10,30	3,0	6,0	4,7
72,16	10,31	3,0	6,0	4,7
72,18	10,31	3,0	6,0	4,7
72,20	10,31	3,0	6,0	4,7
72,23	10,33	3,0	6,0	4,7
72,25	10,34	3,0	6,0	4,7
72,28	10,35	3,0	6,0	4,7
72,30	10,35	3,0	6,0	4,7
72,33	10,35	3,0	6,0	4,7
72,35	10,35	3,0	6,0	4,7
72,38	10,37	3,0	6,0	4,7
72,40	10,38	3,0	6,0	4,7
72,42	10,38	3,0	6,0	4,7
72,45	10,38	3,0	6,0	4,7
72,47	10,39	3,0	6,0	4,7
72,50	10,39	3,0	6,0	4,7
72,52	10,39	3,0	6,0	4,7
72,55	10,41	3,0	6,0	4,7
72,57	10,43	3,0	6,0	4,7
72,60	10,43	3,0	6,0	4,7
72,62	10,43	3,0	6,0	4,7
72,64	10,44	3,0	6,0	4,7
72,67	10,45	3,0	6,0	4,7
72,69	10,46	3,0	6,0	4,7
72,72	10,47	3,0	6,0	4,7
72,74	10,48	3,0	6,0	4,7
72,77	10,48	3,0	6,0	4,7
72,79	10,48	3,0	6,0	4,7
72,82	10,50	3,0	6,0	4,7
72,84	10,51	3,0	6,0	4,7
72,86	10,52	3,0	6,0	4,7
72,89	10,52	3,0	6,0	4,7
72,91	10,53	3,0	6,0	4,7
72,94	10,55	3,0	6,0	4,7
72,96	10,57	3,0	6,0	4,7
72,99	10,57	3,0	6,0	4,7
73,01	10,58	3,0	6,0	4,7
73,04	10,59	3,0	6,0	4,7
73,06	10,59	3,0	6,0	4,7
73,08	10,61	3,0	6,0	4,7
73,11	10,62	3,0	6,0	4,7
73,13	10,63	3,0	6,0	4,7
73,16	10,63	3,0	6,0	4,7
73,18	10,63	3,0	6,0	4,7
73,21	10,64	3,0	6,0	4,7
73,23	10,65	3,0	6,0	4,7
73,25	10,67	3,0	6,0	4,7
73,28	10,68	3,0	6,0	4,7
73,30	10,69	3,0	6,0	4,7
73,33	10,70	3,0	6,0	4,7
73,35	10,70	3,0	6,0	4,7
73,38	10,72	3,0	6,0	4,7
73,40	10,74	3,0	6,0	4,7
73,43	10,75	3,0	6,0	4,7
73,45	10,76	3,0	6,0	4,7
73,47	10,77	3,0	6,0	4,7
73,50	10,78	3,0	6,0	4,7
73,52	10,80	3,0	6,0	4,7
73,55	10,81	3,0	6,0	4,7
73,57	10,81	3,0	6,0	4,7
73,60	10,83	3,0	6,0	4,7
73,62	10,83	3,0	6,0	4,7
73,65	10,84	3,0	6,0	4,7
73,67	10,86	3,0	6,0	4,7
73,69	10,87	3,0	6,0	4,7
73,72	10,89	3,0	6,0	4,7
73,74	10,89	3,0	6,0	4,7
73,77	10,91	3,0	6,0	4,7
73,79	10,93	3,0	6,0	4,7
73,82	10,94	3,0	6,0	4,7
73,84	10,96	3,0	6,0	4,7
73,87	10,97	3,0	6,0	4,7
73,89	10,98	3,0	6,0	4,7
73,91	10,99	3,0	6,0	4,7
73,94	11,00	3,0	6,0	4,7
73,96	11,03	3,0	6,0	4,7
73,99	11,04	3,0	6,0	4,7
74,01	11,05	3,0	6,0	4,7
74,04	11,06	3,0	6,0	4,7
74,06	11,07	3,0	6,0	4,7
74,09	11,08	3,0	6,0	4,7
74,11	11,11	3,0	6,0	4,7
74,13	11,13	3,0	6,0	4,7
74,16	11,13	3,0	6,0	4,7
74,18	11,15	3,0	6,0	4,7
74,21	11,17	3,0	6,0	4,7
74,23	11,18	3,0	6,0	4,7
74,26	11,20	3,0	6,0	4,7
74,28	11,21	3,0	6,0	4,7
74,31	11,22	3,0	6,0	4,7
74,33	11,23	3,0	6,0	4,7
74,35	11,24	3,0	6,0	4,7
74,38	11,26	3,0	6,0	4,7
74,40	11,28	3,0	6,0	4,7
74,43	11,29	3,0	6,0	4,7
74,45	11,30	3,0	6,0	4,7
74,48	11,32	3,0	6,0	4,7
74,50	11,34	3,0	6,0	4,7
74,52	11,36	3,0	6,0	4,7
74,55	11,38	3,0	6,0	4,7
74,57	11,40	3,0	6,0	4,7
74,60	11,41	3,0	6,0	4,7
74,62	11,43	3,0	6,0	4,7
74,65	11,45	3,0	6,0	4,7
74,67	11,47	3,0	6,0	4,7
74,70	11,48	3,0	6,0	4,7
74,72	11,49	3,0	6,0	4,7
74,74	11,50	3,0	6,0	4,7
74,77	11,52	3,0	6,0	4,7
74,79	11,53	3,0	6,0	4,7
74,82	11,55	3,0	6,0	4,7
74,84	11,57	3,0	6,0	4,7
74,87	11,58	3,0	6,0	4,7
74,89	11,61	3,0	6,0	4,7
74,92	11,62	3,0	6,0	4,7
74,94	11,65	3,0	6,0	4,7
74,96	11,67	3,0	6,0	4,7
74,99	11,69	3,0	6,0	4,7
75,01	11,71	3,0	6,0	4,7
75,04	11,72	3,0	6,0	4,7
75,06	11,74	3,0	6,0	4,7
75,09	11,76	3,0	6,0	4,7
75,11	11,78	3,0	6,0	4,7
75,14	11,79	3,0	6,0	4,7
75,16	11,80	3,0	6,0	4,7
75,18	11,81	3,0	6,0	4,7
75,21	11,82	3,0	6,0	4,7
75,23	11,84	3,0	6,0	4,7
75,26	11,86	3,0	6,0	4,7
75,28	11,88	3,0	6,0	4,7
75,31	11,89	3,0	6,0	4,7
75,33	11,91	3,0	6,0	4,7
75,36	11,93	3,0	6,0	4,7
75,38	11,95	3,0	6,0	4,7
75,40	11,98	3,0	6,0	4,7
75,43	12,00	3,0	6,0	4,7
75,45	12,02	3,0	6,0	4,7
75,48	12,03	3,0	6,0	4,7
75,50	12,05	3,0	6,0	4,7
75,53	12,08	3,0	6,0	4,7
75,55	12,09	3,0	6,0	4,7
75,57	12,11	3,0	6,0	4,7
75,60	12,11	3,0	6,0	4,7
75,62	12,14	3,0	6,0	4,7
75,65	12,15	3,0	6,0	4,7
75,67	12,18	3,0	6,0	4,7
75,70	12,21	3,0	6,0	4,7
75,72	12,22	3,0	6,0	4,7
75,75	12,24	3,0	6,0	4,7
75,77	12,27	3,0	6,0	4,7
75,79	12,29	3,0	6,0	4,7
75,82	12,31	3,0	6,0	4,7
75,84	12,33	3,0	6,0	4,7
75,87	12,36	3,0	6,0	4,7
75,89	12,37	3,0	6,0	4,7
75,92	12,39	3,0	6,0	4,7
75,94	12,42	3,0	6,0	4,7
75,97	12,44	3,0	6,0	4,7
75,99	12,46	3,0	6,0	4,7
76,01	12,47	3,0	6,0	4,7
76,04	12,48	3,0	6,0	4,7
76,06	12,51	3,0	6,0	4,7
76,09	12,53	3,0	6,0	4,7
76,11	12,55	3,0	6,0	4,7
76,14	12,58	3,0	6,0	4,7
76,16	12,59	3,0	6,0	4,7
76,19	12,61	3,0	6,0	4,7
76,21	12,64	3,0	6,0	4,7
76,23	12,66	3,0	6,0	4,7
76,26	12,69	3,0	6,0	4,7
76,28	12,71	3,0	6,0	4,7
76,31	12,73	3,0	6,0	4,7
76,33	12,75	3,0	6,0	4,7
76,36	12,77	3,0	6,0	4,7
76,38	12,80	3,0	6,0	4,7
76,41	12,82	3,0	6,0	4,7
76,43	12,84	3,0	6,0	4,7
76,45	12,86	3,0	6,0	4,7
76,48	12,87	3,0	6,0	4,7
76,50	12,89	3,0	6,0	4,7
76,53	12,91	3,0	6,0	4,7
76,55	12,94	3,0	6,0	4,7
76,58	12,97	3,0	6,0	4,7
76,60	12,98	3,0	6,0	4,7
76,62	13,01	3,0	6,0	4,7
76,65	13,04	3,0	6,0	4,7
76,67	13,06	3,0	6,0	4,7
76,70	13,09	3,0	6,0	4,7
76,72	13,11	3,0	6,0	4,7
76,75	13,13	3,0	6,0	4,7
76,77	13,15	3,0	6,0	4,7
76,80	13,17	3,0	6,0	4,7
76,82	13,20	3,0	6,0	4,7
76,84	13,22	3,0	6,0	4,7
76,87	13,23	3,0	6,0	4,7
76,89	13,25	3,0	6,0	4,7
76,92	13,27	3,0	6,0	4,7
76,94	13,29	3,0	6,0	4,7
76,97	13,32	3,0	6,0	4,7
76,99	13,35	3,0	6,0	4,7
77,02	13,37	3,0	6,0	4,7
77,04	13,39	3,0	6,0	4,7
77,06	13,42	3,0	6,0	4,7
77,09	13,46	3,0	6,0	4,7
77,11	13,47	3,0	6,0	4,7
77,14	13,51	3,0	6,0	4,7
77,16	13,53	3,0	6,0	4,7
77,19	13,55	3,0	6,0	4,7
77,21	13,57	3,0	6,0	4,7
77,24	13,60	3,0	6,0	4,7
77,26	13,63	3,0	6,0	4,7
77,28	13,64	3,0	6,0	4,7
77,31	13,67	3,0	6,0	4,7
77,33	13,69	3,0	6,0	4,7
77,36	13,71	3,0	6,0	4,7
77,38	13,74	3,0	6,0	4,7
77,41	13,78	3,0	6,0	4,7
77,43	13,80	3,0	6,0	4,7
77,46	13,82	3,0	6,0	4,7
77,48	13,84	3,0	6,0	4,7
77,50	13,88	3,0	6,0	4,7
77,53	13,90	3,0	6,0	4,7
77,55	13,93	3,0	6,0	4,7
77,58	13,94	3,0	6,0	4,7
77,60	13,97	3,0	6,0	4,7
77,63	13,99	3,0	6,0	4,7
77,65	14,01	3,0	6,0	4,7
77,68	14,04	3,0	6,0	4,7
77,70	14,07	3,0	6,0	4,7
77,72	14,09	3,0	6,0	4,7
77,75	14,11	3,0	6,0	4,7
77,77	14,13	3,0	6,0	4,7
77,80	14,16	3,0	6,0	4,7
77,82	14,19	3,0	6,0	4,7
77,85	14,22	3,0	6,0	4,7
77,87	14,24	3,0	6,0	4,7
77,89	14,26	3,0	6,0	4,7
77,92	14,28	3,0	6,0	4,7
77,94	14,32	3,0	6,0	4,7
77,97	14,35	3,0	6,0	4,7
77,99	14,37	3,0	6,0	4,7
78,02	14,38	3,0	6,0	4,7
78,04	14,41	3,0	6,0	4,7
78,07	14,43	3,0	6,0	4,7
78,09	14,45	3,0	6,0	4,7
78,11	14,48	3,0	6,0	4,7
78,14	14,51	3,0	6,0	4,7
78,16	14,52	3,0	6,0	4,7
78,19	14,55	3,0	6,0	4,7
78,21	14,57	3,0	6,0	4,7
78,24	14,61	3,0	6,0	4,7
78,26	14,64	3,0	6,0	4,7
78,29	14,67	3,0	6,0	4,7
78,31	14,70	3,0	6,0	4,7
78,33	14,71	3,0	6,0	4,7
78,36	14,74	3,0	6,0	4,7
78,38	14,77	3,0	6,0	4,7
78,41	14,80	3,0	6,0	4,7
78,43	14,82	3,0	6,0	4,7
78,46	14,84	3,0	6,0	4,7
78,48	14,86	3,0	6,0	4,7
78,51	14,89	3,0	6,0	4,7
78,53	14,92	3,0	6,0	4,7
78,55	14,95	3,0	6,0	4,7
78,58	14,97	3,0	6,0	4,7
78,60	14,99	3,0	6,0	4,7
78,63	15,03	3,0	6,0	4,7
78,65	15,05	3,0	6,0	4,7
78,68	15,09	3,0	6,0	4,7
78,70	15,12	3,0	6,0	4,7
78,73	15,14	3,0	6,0	4,7
78,75	15,16	3,0	6,0	4,7
78,77	15,19	3,0	6,0	4,7
78,80	15,22	3,0	6,0	4,7
78,82	15,26	3,0	6,0	4,7
78,85	15,27	3,0	6,0	4,7
78,87	15,30	3,0	6,0	4,7
78,90	15,31	3,0	6,0	4,7
78,92	15,35	3,0	6,0	4,7
78,94	15,37	3,0	6,0	4,7
78,97	15,41	3,0	6,0	4,7
78,99	15,44	3,0	6,0	4,7
79,02	15,46	3,0	6,0	4,7
79,04	15,48	3,0	6,0	4,7
79,07	15,51	3,0	6,0	4,7
79,09	15,54	3,0	6,0	4,7
79,12	15,57	3,0	6,0	4,7
79,14	15,60	3,0	6,0	4,7
79,16	15,63	3,0	6,0	4,7
79,19	15,64	3,0	6,0	4,7
79,21	15,67	3,0	6,0	4,7
79,24	15,70	3,0	6,0	4,7
79,26	15,73	3,0	6,0	4,7
79,29	15,75	3,0	6,0	4,7
79,31	15,77	3,0	6,0	4,7
79,34	15,80	3,0	6,0	4,7
79,36	15,82	3,0	6,0	4,7
79,38	15,85	3,0	6,0	4,7
79,41	15,88	3,0	6,0	4,7
79,43	15,90	3,0	6,0	4,7
79,46	15,92	3,0	6,0	4,7
79,48	15,94	3,0	6,0	4,7
79,51	15,98	3,0	6,0	4,7
79,53	16,00	3,0	6,0	4,7
79,56	16,03	3,0	6,0	4,7
79,58	16,06	3,0	6,0	4,7
79,60	16,08	3,0	6,0	4,7
79,63	16,10	3,0	6,0	4,7
79,65	16,13	3,0	6,0	4,7
79,68	16,17	3,0	6,0	4,7
79,70	16,19	3,0	6,0	4,7
79,73	16,21	3,0	6,0	4,7
79,75	16,23	3,0	6,0	4,7
79,78	16,25	3,0	6,0	4,7
79,80	16,29	3,0	6,0	4,7
79,82	16,31	3,0	6,0	4,7
79,85	16,35	3,0	6,0	4,7
79,87	16,37	3,0	6,0	4,7
79,90	16,39	3,0	6,0	4,7
79,92	16,42	3,0	6,0	4,7
79,95	16,45	3,0	6,0	4,7
79,97	16,48	3,0	6,0	4,7
79,99	16,51	3,0	6,0	4,7
80,02	16,54	3,0	6,0	4,7
80,04	16,56	3,0	6,0	4,7
80,07	16,59	3,0	6,0	4,7
80,09	16,62	3,0	6,0	4,7
80,12	16,65	3,0	6,0	4,7
80,14	16,67	3,0	6,0	4,7
80,17	16,70	3,0	6,0	4,7
80,19	16,73	3,0	6,0	4,7
80,21	16,75	3,0	6,0	4,7
80,24	16,78	3,0	6,0	4,7
80,26	16,81	3,0	6,0	4,7
80,29	16,84	3,0	6,0	4,7
80,31	16,86	3,0	6,0	4,7
80,34	16,88	3,0	6,0	4,7
80,36	16,92	3,0	6,0	4,7
80,39	16,95	3,0	6,0	4,7
80,41	16,97	3,0	6,0	4,7
80,43	17,00	3,0	6,0	4,7
80,46	17,02	3,0	6,0	4,7
80,48	17,04	3,0	6,0	4,7
80,51	17,06	3,0	6,0	4,7
80,53	17,10	3,0	6,0	4,7
80,56	17,13	3,0	6,0	4,7
80,58	17,14	3,0	6,0	4,7
80,61	17,16	3,0	6,0	4,7
80,63	17,18	3,0	6,0	4,7
80,65	17,21	3,0	6,0	4,7
80,68	17,24	3,0	6,0	4,7
80,70	17,27	3,0	6,0	4,7
80,73	17,29	3,0	6,0	4,7
80,75	17,31	3,0	6,0	4,7
80,78	17,33	3,0	6,0	4,7
80,80	17,36	3,0	6,0	4,7
80,83	17,38	3,0	6,0	4,7
80,85	17,41	3,0	6,0	4,7
80,87	17,43	3,0	6,0	4,7
80,90	17,45	3,0	6,0	4,7
80,92	17,46	3,0	6,0	4,7
80,95	17,48	3,0	6,0	4,7
80,97	17,52	3,0	6,0	4,7
81,00	17,54	3,0	6,0	4,7
81,02	17,56	3,0	6,0	4,7
81,04	17,57	3,0	6,0	4,7
81,07	17,59	3,0	6,0	4,7
81,09	17,63	3,0	6,0	4,7
81,12	17,66	3,0	6,0	4,7
81,14	17,69	3,0	6,0	4,7
81,17	17,71	3,0	6,0	4,7
81,19	17,73	3,0	6,0	4,7
81,22	17,75	3,0	6,0	4,7
81,24	17,78	3,0	6,0	4,7
81,26	17,80	3,0	6,0	4,7
81,29	17,83	3,0	6,0	4,7
81,31	17,84	3,0	6,0	4,7
81,34	17,87	3,0	6,0	4,7
81,36	17,88	3,0	6,0	4,7
81,39	17,91	3,0	6,0	4,7
81,41	17,94	3,0	6,0	4,7
81,44	17,96	3,0	6,0	4,7
81,46	17,97	3,0	6,0	4,7
81,48	18,00	3,0	6,0	4,7
81,51	18,02	3,0	6,0	4,7
81,53	18,06	3,0	6,0	4,7
81,56	18,09	3,0	6,0	4,7
81,58	18,11	3,0	6,0	4,7
81,61	18,13	3,0	6,0	4,7
81,63	18,15	3,0	6,0	4,7
81,66	18,19	3,0	6,0	4,7
81,68	18,21	3,0	6,0	4,7
81,70	18,22	3,0	6,0	4,7
81,73	18,24	3,0	6,0	4,7
81,75	18,25	3,0	6,0	4,7
81,78	18,27	3,0	6,0	4,7
81,80	18,29	3,0	6,0	4,7
81,83	18,32	3,0	6,0	4,7
81,85	18,35	3,0	6,0	4,7
81,88	18,37	3,0	6,0	4,7
81,90	18,39	3,0	6,0	4,7
81,92	18,42	3,0	6,0	4,7
81,95	18,44	3,0	6,0	4,7
81,97	18,47	3,0	6,0	4,7
82,00	18,49	3,0	6,0	4,7
82,02	18,52	3,0	6,0	4,7
82,05	18,53	3,0	6,0	4,7
82,07	18,55	3,0	6,0	4,7
82,10	18,58	3,0	6,0	4,7
82,12	18,61	3,0	6,0	4,7
82,14	18,62	3,0	6,0	4,7
82,17	18,64	3,0	6,0	4,7
82,19	18,65	3,0	6,0	4,7
82,22	18,68	3,0	6,0	4,7
82,24	18,70	3,0	6,0	4,7
82,27	18,73	3,0	6,0	4,7
82,29	18,76	3,0	6,0	4,7
82,31	18,77	3,0	6,0	4,7
82,34	18,79	3,0	6,0	4,7
82,36	18,82	3,0	6,0	4,7
82,39	18,84	3,0	6,0	4,7
82,41	18,87	3,0	6,0	4,7
82,44	18,89	3,0	6,0	4,7
82,46	18,91	3,0	6,0	4,7
82,49	18,91	3,0	6,0	4,7
82,51	18,93	3,0	6,0	4,7
82,53	18,96	3,0	6,0	4,7
82,56	18,98	3,0	6,0	4,7
82,58	18,99	3,0	6,0	4,7
82,61	19,01	3,0	6,0	4,7
82,63	19,03	3,0	6,0	4,7
82,66	19,05	3,0	6,0	4,7
82,68	19,07	3,0	6,0	4,7
82,71	19,10	3,0	6,0	4,7
82,73	19,12	3,0	6,0	4,7
82,75	19,13	3,0	6,0	4,7
82,78	19,14	3,0	6,0	4,7
82,80	19,17	3,0	6,0	4,7
82,83	19,18	3,0	6,0	4,7
82,85	19,20	3,0	6,0	4,7
82,88	19,22	3,0	6,0	4,7
82,90	19,23	3,0	6,0	4,7
82,93	19,24	3,0	6,0	4,7
82,95	19,26	3,0	6,0	4,7
82,97	19,29	3,0	6,0	4,7
83,00	19,30	3,0	6,0	4,7
83,02	19,31	3,0	6,0	4,7
83,05	19,33	3,0	6,0	4,7
83,07	19,35	3,0	6,0	4,7
83,10	19,37	3,0	6,0	4,7
83,12	19,39	3,0	6,0	4,7
83,15	19,41	3,0	6,0	4,7
83,17	19,42	3,0	6,0	4,7
83,19	19,43	3,0	6,0	4,7
83,22	19,46	3,0	6,0	4,7
83,24	19,47	3,0	6,0	4,7
83,27	19,49	3,0	6,0	4,7
83,29	19,51	3,0	6,0	4,7
83,32	19,53	3,0	6,0	4,7
83,34	19,54	3,0	6,0	4,7
83,36	19,56	3,0	6,0	4,7
83,39	19,59	3,0	6,0	4,7
83,41	19,60	3,0	6,0	4,7
83,44	19,61	3,0	6,0	4,7
83,46	19,63	3,0	6,0	4,7
83,49	19,65	3,0	6,0	4,7
83,51	19,67	3,0	6,0	4,7
83,54	19,69	3,0	6,0	4,7
83,56	19,72	3,0	6,0	4,7
83,58	19,73	3,0	6,0	4,7
83,61	19,75	3,0	6,0	4,7
83,63	19,77	3,0	6,0	4,7
83,66	19,79	3,0	6,0	4,7
83,68	19,81	3,0	6,0	4,7
83,71	19,83	3,0	6,0	4,7
83,73	19,85	3,0	6,0	4,7
83,76	19,87	3,0	6,0	4,7
83,78	19,88	3,0	6,0	4,7
83,80	19,89	3,0	6,0	4,7
83,83	19,92	3,0	6,0	4,7
83,85	19,94	3,0	6,0	4,7
83,88	19,95	3,0	6,0	4,7
83,90	19,96	3,0	6,0	4,7
83,93	19,97	3,0	6,0	4,7
83,95	20,00	3,0	6,0	4,7
83,98	20,02	3,0	6,0	4,7
84,00	20,05	3,0	6,0	4,7
84,02	20,07	3,0	6,0	4,7
84,05	20,07	3,0	6,0	4,7
84,07	20,09	3,0	6,0	4,7
84,10	20,12	3,0	6,0	4,7
84,12	20,13	3,0	6,0	4,7
84,15	20,15	3,0	6,0	4,7
84,17	20,16	3,0	6,0	4,7
84,20	20,17	3,0	6,0	4,7
84,22	20,18	3,0	6,0	4,7
84,24	20,19	3,0	6,0	4,7
84,27	20,22	3,0	6,0	4,7
84,29	20,23	3,0	6,0	4,7
84,32	20,23	3,0	6,0	4,7
84,34	20,24	3,0	6,0	4,7
84,37	20,27	3,0	6,0	4,7
84,39	20,29	3,0	6,0	4,7
84,41	20,31	3,0	6,0	4,7
84,44	20,33	3,0	6,0	4,7
84,46	20,33	3,0	6,0	4,7
84,49	20,35	3,0	6,0	4,7
84,51	20,36	3,0	6,0	4,7
84,54	20,38	3,0	6,0	4,7
84,56	20,39	3,0	6,0	4,7
84,59	20,41	3,0	6,0	4,7
84,61	20,41	3,0	6,0	4,7
84,63	20,42	3,0	6,0	4,7
84,66	20,43	3,0	6,0	4,7
84,68	20,45	3,0	6,0	4,7
84,71	20,47	3,0	6,0	4,7
84,73	20,47	3,0	6,0	4,7
84,76	20,48	3,0	6,0	4,7
84,78	20,50	3,0	6,0	4,7
84,81	20,52	3,0	6,0	4,7
84,83	20,54	3,0	6,0	4,7
84,85	20,56	3,0	6,0	4,7
84,88	20,57	3,0	6,0	4,7
84,90	20,58	3,0	6,0	4,7
84,93	20,59	3,0	6,0	4,7
84,95	20,61	3,0	6,0	4,7
84,98	20,61	3,0	6,0	4,7
85,00	20,62	3,0	6,0	4,7
85,03	20,63	3,0	6,0	4,7
85,05	20,63	3,0	6,0	4,7
85,07	20,65	3,0	6,0	4,7
85,10	20,66	3,0	6,0	4,7
85,12	20,68	3,0	6,0	4,7
85,15	20,68	3,0	6,0	4,7
85,17	20,69	3,0	6,0	4,7
85,20	20,70	3,0	6,0	4,7
85,22	20,72	3,0	6,0	4,7
85,25	20,74	3,0	6,0	4,7
85,27	20,76	3,0	6,0	4,7
85,29	20,77	3,0	6,0	4,7
85,32	20,78	3,0	6,0	4,7
85,34	20,79	3,0	6,0	4,7
85,37	20,80	3,0	6,0	4,7
85,39	20,82	3,0	6,0	4,7
85,42	20,84	3,0	6,0	4,7
85,44	20,83	3,0	6,0	4,7
85,47	20,85	3,0	6,0	4,7
85,49	20,86	3,0	6,0	4,7
85,51	20,88	3,0	6,0	4,7
85,54	20,89	3,0	6,0	4,7
85,56	20,91	3,0	6,0	4,7
85,59	20,93	3,0	6,0	4,7
85,61	20,93	3,0	6,0	4,7
85,64	20,95	3,0	6,0	4,7
85,66	20,97	3,0	6,0	4,7
85,68	20,99	3,0	6,0	4,7
85,71	21,01	3,0	6,0	4,7
85,73	21,02	3,0	6,0	4,7
85,76	21,04	3,0	6,0	4,7
85,78	21,04	3,0	6,0	4,7
85,81	21,06	3,0	6,0	4,7
85,83	21,08	3,0	6,0	4,7
85,86	21,08	3,0	6,0	4,7
85,88	21,09	3,0	6,0	4,7
85,90	21,10	3,0	6,0	4,7
85,93	21,12	3,0	6,0	4,7
85,95	21,13	3,0	6,0	4,7
85,98	21,15	3,0	6,0	4,7
86,00	21,17	3,0	6,0	4,7
86,03	21,18	3,0	6,0	4,7
86,05	21,19	3,0	6,0	4,7
86,08	21,20	3,0	6,0	4,7
86,10	21,22	3,0	6,0	4,7
86,12	21,23	3,0	6,0	4,7
86,15	21,25	3,0	6,0	4,7
86,17	21,26	3,0	6,0	4,7
86,20	21,27	3,0	6,0	4,7
86,22	21,28	3,0	6,0	4,7
86,25	21,29	3,0	6,0	4,7
86,27	21,31	3,0	6,0	4,7
86,30	21,31	3,0	6,0	4,7
86,32	21,32	3,0	6,0	4,7
86,34	21,33	3,0	6,0	4,7
86,37	21,34	3,0	6,0	4,7
86,39	21,36	3,0	6,0	4,7
86,42	21,37	3,0	6,0	4,7
86,44	21,39	3,0	6,0	4,7
86,47	21,39	3,0	6,0	4,7
86,49	21,40	3,0	6,0	4,7
86,52	21,42	3,0	6,0	4,7
86,54	21,43	3,0	6,0	4,7
86,56	21,45	3,0	6,0	4,7
86,59	21,45	3,0	6,0	4,7
86,61	21,47	3,0	6,0	4,7
86,64	21,47	3,0	6,0	4,7
86,66	21,48	3,0	6,0	4,7
86,69	21,51	3,0	6,0	4,7
86,71	21,51	3,0	6,0	4,7
86,73	21,51	3,0	6,0	4,7
86,76	21,52	3,0	6,0	4,7
86,78	21,53	3,0	6,0	4,7
86,81	21,55	3,0	6,0	4,7
86,83	21,57	3,0	6,0	4,7
86,86	21,59	3,0	6,0	4,7
86,88	21,60	3,0	6,0	4,7
86,91	21,60	3,0	6,0	4,7
86,93	21,61	3,0	6,0	4,7
86,95	21,63	3,0	6,0	4,7
86,98	21,65	3,0	6,0	4,7
87,00	21,66	3,0	6,0	4,7
87,03	21,67	3,0	6,0	4,7
87,05	21,68	3,0	6,0	4,7
87,08	21,68	3,0	6,0	4,7
87,10	21,69	3,0	6,0	4,7
87,13	21,71	3,0	6,0	4,7
87,15	21,71	3,0	6,0	4,7
87,17	21,71	3,0	6,0	4,7
87,20	21,73	3,0	6,0	4,7
87,22	21,73	3,0	6,0	4,7
87,25	21,75	3,0	6,0	4,7
87,27	21,76	3,0	6,0	4,7
87,30	21,78	3,0	6,0	4,7
87,32	21,79	3,0	6,0	4,7
87,35	21,79	3,0	6,0	4,7
87,37	21,81	3,0	6,0	4,7
87,39	21,83	3,0	6,0	4,7
87,42	21,83	3,0	6,0	4,7
87,44	21,84	3,0	6,0	4,7
87,47	21,84	3,0	6,0	4,7
87,49	21,85	3,0	6,0	4,7
87,52	21,86	3,0	6,0	4,7
87,54	21,88	3,0	6,0	4,7
87,57	21,89	3,0	6,0	4,7
87,59	21,90	3,0	6,0	4,7
87,61	21,90	3,0	6,0	4,7
87,64	21,92	3,0	6,0	4,7
87,66	21,94	3,0	6,0	4,7
87,69	21,97	3,0	6,0	4,7
87,71	21,98	3,0	6,0	4,7
87,74	21,99	3,0	6,0	4,7
87,76	22,00	3,0	6,0	4,7
87,78	22,01	3,0	6,0	4,7
87,81	22,02	3,0	6,0	4,7
87,83	22,04	3,0	6,0	4,7
87,86	22,04	3,0	6,0	4,7
87,88	22,06	3,0	6,0	4,7
87,91	22,06	3,0	6,0	4,7
87,93	22,07	3,0	6,0	4,7
87,96	22,08	3,0	6,0	4,7
87,98	22,09	3,0	6,0	4,7
88,00	22,11	3,0	6,0	4,7
88,03	22,11	3,0	6,0	4,7
88,05	22,12	3,0	6,0	4,7
88,08	22,13	3,0	6,0	4,7
88,10	22,15	3,0	6,0	4,7
88,13	22,17	3,0	6,0	4,7
88,15	22,18	3,0	6,0	4,7
88,18	22,20	3,0	6,0	4,7
88,20	22,20	3,0	6,0	4,7
88,22	22,21	3,0	6,0	4,7
88,25	22,23	3,0	6,0	4,7
88,27	22,23	3,0	6,0	4,7
88,30	22,24	3,0	6,0	4,7
88,32	22,25	3,0	6,0	4,7
88,35	22,25	3,0	6,0	4,7
88,37	22,27	3,0	6,0	4,7
88,40	22,27	3,0	6,0	4,7
88,42	22,30	3,0	6,0	4,7
88,44	22,31	3,0	6,0	4,7
88,47	22,31	3,0	6,0	4,7
88,49	22,32	3,0	6,0	4,7
88,52	22,34	3,0	6,0	4,7
88,54	22,36	3,0	6,0	4,7
88,57	22,38	3,0	6,0	4,7
88,59	22,39	3,0	6,0	4,7
88,62	22,40	3,0	6,0	4,7
88,64	22,41	3,0	6,0	4,7
88,66	22,43	3,0	6,0	4,7
88,69	22,45	3,0	6,0	4,7
88,71	22,46	3,0	6,0	4,7
88,74	22,46	3,0	6,0	4,7
88,76	22,47	3,0	6,0	4,7
88,79	22,48	3,0	6,0	4,7
88,81	22,50	3,0	6,0	4,7
88,83	22,52	3,0	6,0	4,7
88,86	22,54	3,0	6,0	4,7
88,88	22,54	3,0	6,0	4,7
88,91	22,53	3,0	6,0	4,7
88,93	22,56	3,0	6,0	4,7
88,96	22,58	3,0	6,0	4,7
88,98	22,59	3,0	6,0	4,7
89,01	22,61	3,0	6,0	4,7
89,03	22,62	3,0	6,0	4,7
89,05	22,63	3,0	6,0	4,7
89,08	22,64	3,0	6,0	4,7
89,10	22,66	3,0	6,0	4,7
89,13	22,68	3,0	6,0	4,7
89,15	22,68	3,0	6,0	4,7
89,18	22,69	3,0	6,0	4,7
89,20	22,70	3,0	6,0	4,7
89,23	22,72	3,0	6,0	4,7
89,25	22,74	3,0	6,0	4,7
89,27	22,76	3,0	6,0	4,7
89,30	22,78	3,0	6,0	4,7
89,32	22,79	3,0	6,0	4,7
89,35	22,80	3,0	6,0	4,7
89,37	22,81	3,0	6,0	4,7
89,40	22,83	3,0	6,0	4,7
89,42	22,85	3,0	6,0	4,7
89,45	22,85	3,0	6,0	4,7
89,47	22,87	3,0	6,0	4,7
89,49	22,88	3,0	6,0	4,7
89,52	22,90	3,0	6,0	4,7
89,54	22,91	3,0	6,0	4,7
89,57	22,93	3,0	6,0	4,7
89,59	22,94	3,0	6,0	4,7
89,62	22,95	3,0	6,0	4,7
89,64	22,96	3,0	6,0	4,7
89,67	22,99	3,0	6,0	4,7
89,69	23,00	3,0	6,0	4,7
89,71	23,01	3,0	6,0	4,7
89,74	23,00	3,0	6,0	4,7
89,76	23,00	3,0	6,0	4,7
89,79	23,01	3,0	6,0	4,7
89,81	23,02	3,0	6,0	4,7
89,84	23,00	3,0	6,0	4,7
89,86	23,01	3,0	6,0	4,7
89,89	23,01	3,0	6,0	4,7
89,91	23,00	3,0	6,0	4,7
89,93	22,99	3,0	6,0	4,7
89,96	23,00	3,0	6,0	4,7
89,98	23,00	3,0	6,0	4,7
