Voltage U1	Corriente IA	Voltage U2	Voltage U3	Voltage UH
U1/V	IA/nA	U2/V	U3/V	UH/V

0,02	0,15	4,2	6,0	5,0
0,04	0,15	4,2	6,0	5,0
0,07	0,15	4,2	6,0	5,0
0,09	0,15	4,2	6,0	5,0
0,12	0,14	4,2	6,0	5,0
0,14	0,13	4,2	6,0	5,0
0,17	0,13	4,2	6,0	5,0
0,19	0,12	4,2	6,0	5,0
0,21	0,12	4,2	6,0	5,0
0,24	0,13	4,2	6,0	5,0
0,26	0,12	4,2	6,0	5,0
0,29	0,11	4,2	6,0	5,0
0,31	0,11	4,2	6,0	5,0
0,34	0,12	4,2	6,0	5,0
0,36	0,12	4,2	6,0	5,0
0,39	0,12	4,2	6,0	5,0
0,41	0,12	4,2	6,0	5,0
0,43	0,12	4,2	6,0	5,0
0,46	0,12	4,2	6,0	5,0
0,48	0,14	4,2	6,0	5,0
0,51	0,14	4,2	6,0	5,0
0,53	0,14	4,2	6,0	5,0
0,56	0,14	4,2	6,0	5,0
0,58	0,14	4,2	6,0	5,0
0,61	0,15	4,2	6,0	5,0
0,63	0,15	4,2	6,0	5,0
0,65	0,16	4,2	6,0	5,0
0,68	0,17	4,2	6,0	5,0
0,70	0,17	4,2	6,0	5,0
0,73	0,17	4,2	6,0	5,0
0,75	0,18	4,2	6,0	5,0
0,78	0,19	4,2	6,0	5,0
0,80	0,19	4,2	6,0	5,0
0,83	0,20	4,2	6,0	5,0
0,85	0,19	4,2	6,0	5,0
0,87	0,20	4,2	6,0	5,0
0,90	0,20	4,2	6,0	5,0
0,92	0,21	4,2	6,0	5,0
0,95	0,21	4,2	6,0	5,0
0,97	0,21	4,2	6,0	5,0
1,00	0,22	4,2	6,0	5,0
1,02	0,22	4,2	6,0	5,0
1,05	0,22	4,2	6,0	5,0
1,07	0,23	4,2	6,0	5,0
1,09	0,23	4,2	6,0	5,0
1,12	0,23	4,2	6,0	5,0
1,14	0,23	4,2	6,0	5,0
1,17	0,24	4,2	6,0	5,0
1,19	0,25	4,2	6,0	5,0
1,22	0,26	4,2	6,0	5,0
1,24	0,26	4,2	6,0	5,0
1,26	0,26	4,2	6,0	5,0
1,29	0,26	4,2	6,0	5,0
1,31	0,26	4,2	6,0	5,0
1,34	0,28	4,2	6,0	5,0
1,36	0,28	4,2	6,0	5,0
1,39	0,28	4,2	6,0	5,0
1,41	0,29	4,2	6,0	5,0
1,44	0,29	4,2	6,0	5,0
1,46	0,30	4,2	6,0	5,0
1,48	0,30	4,2	6,0	5,0
1,51	0,31	4,2	6,0	5,0
1,53	0,31	4,2	6,0	5,0
1,56	0,31	4,2	6,0	5,0
1,58	0,32	4,2	6,0	5,0
1,61	0,33	4,2	6,0	5,0
1,63	0,33	4,2	6,0	5,0
1,66	0,34	4,2	6,0	5,0
1,68	0,34	4,2	6,0	5,0
1,70	0,34	4,2	6,0	5,0
1,73	0,34	4,2	6,0	5,0
1,75	0,34	4,2	6,0	5,0
1,78	0,35	4,2	6,0	5,0
1,80	0,35	4,2	6,0	5,0
1,83	0,35	4,2	6,0	5,0
1,85	0,35	4,2	6,0	5,0
1,88	0,36	4,2	6,0	5,0
1,90	0,37	4,2	6,0	5,0
1,92	0,38	4,2	6,0	5,0
1,95	0,39	4,2	6,0	5,0
1,97	0,39	4,2	6,0	5,0
2,00	0,39	4,2	6,0	5,0
2,02	0,40	4,2	6,0	5,0
2,05	0,41	4,2	6,0	5,0
2,07	0,41	4,2	6,0	5,0
2,10	0,41	4,2	6,0	5,0
2,12	0,40	4,2	6,0	5,0
2,14	0,41	4,2	6,0	5,0
2,17	0,40	4,2	6,0	5,0
2,19	0,41	4,2	6,0	5,0
2,22	0,41	4,2	6,0	5,0
2,24	0,41	4,2	6,0	5,0
2,27	0,41	4,2	6,0	5,0
2,29	0,42	4,2	6,0	5,0
2,31	0,42	4,2	6,0	5,0
2,34	0,44	4,2	6,0	5,0
2,36	0,43	4,2	6,0	5,0
2,39	0,44	4,2	6,0	5,0
2,41	0,44	4,2	6,0	5,0
2,44	0,45	4,2	6,0	5,0
2,46	0,46	4,2	6,0	5,0
2,49	0,46	4,2	6,0	5,0
2,51	0,46	4,2	6,0	5,0
2,53	0,46	4,2	6,0	5,0
2,56	0,46	4,2	6,0	5,0
2,58	0,45	4,2	6,0	5,0
2,61	0,46	4,2	6,0	5,0
2,63	0,47	4,2	6,0	5,0
2,66	0,47	4,2	6,0	5,0
2,68	0,47	4,2	6,0	5,0
2,71	0,47	4,2	6,0	5,0
2,73	0,48	4,2	6,0	5,0
2,75	0,49	4,2	6,0	5,0
2,78	0,49	4,2	6,0	5,0
2,80	0,50	4,2	6,0	5,0
2,83	0,50	4,2	6,0	5,0
2,85	0,50	4,2	6,0	5,0
2,88	0,50	4,2	6,0	5,0
2,90	0,51	4,2	6,0	5,0
2,93	0,52	4,2	6,0	5,0
2,95	0,51	4,2	6,0	5,0
2,97	0,52	4,2	6,0	5,0
3,00	0,52	4,2	6,0	5,0
3,02	0,52	4,2	6,0	5,0
3,05	0,52	4,2	6,0	5,0
3,07	0,53	4,2	6,0	5,0
3,10	0,54	4,2	6,0	5,0
3,12	0,53	4,2	6,0	5,0
3,15	0,53	4,2	6,0	5,0
3,17	0,54	4,2	6,0	5,0
3,19	0,55	4,2	6,0	5,0
3,22	0,55	4,2	6,0	5,0
3,24	0,55	4,2	6,0	5,0
3,27	0,55	4,2	6,0	5,0
3,29	0,55	4,2	6,0	5,0
3,32	0,55	4,2	6,0	5,0
3,34	0,56	4,2	6,0	5,0
3,36	0,57	4,2	6,0	5,0
3,39	0,56	4,2	6,0	5,0
3,41	0,56	4,2	6,0	5,0
3,44	0,56	4,2	6,0	5,0
3,46	0,56	4,2	6,0	5,0
3,49	0,57	4,2	6,0	5,0
3,51	0,58	4,2	6,0	5,0
3,54	0,58	4,2	6,0	5,0
3,56	0,58	4,2	6,0	5,0
3,58	0,58	4,2	6,0	5,0
3,61	0,59	4,2	6,0	5,0
3,63	0,60	4,2	6,0	5,0
3,66	0,60	4,2	6,0	5,0
3,68	0,60	4,2	6,0	5,0
3,71	0,60	4,2	6,0	5,0
3,73	0,60	4,2	6,0	5,0
3,76	0,60	4,2	6,0	5,0
3,78	0,61	4,2	6,0	5,0
3,80	0,61	4,2	6,0	5,0
3,83	0,61	4,2	6,0	5,0
3,85	0,61	4,2	6,0	5,0
3,88	0,60	4,2	6,0	5,0
3,90	0,60	4,2	6,0	5,0
3,93	0,61	4,2	6,0	5,0
3,95	0,62	4,2	6,0	5,0
3,98	0,61	4,2	6,0	5,0
4,00	0,61	4,2	6,0	5,0
4,02	0,63	4,2	6,0	5,0
4,05	0,63	4,2	6,0	5,0
4,07	0,64	4,2	6,0	5,0
4,10	0,64	4,2	6,0	5,0
4,12	0,64	4,2	6,0	5,0
4,15	0,63	4,2	6,0	5,0
4,17	0,64	4,2	6,0	5,0
4,20	0,65	4,2	6,0	5,0
4,22	0,65	4,2	6,0	5,0
4,24	0,65	4,2	6,0	5,0
4,27	0,65	4,2	6,0	5,0
4,29	0,65	4,2	6,0	5,0
4,32	0,65	4,2	6,0	5,0
4,34	0,65	4,2	6,0	5,0
4,37	0,66	4,2	6,0	5,0
4,39	0,66	4,2	6,0	5,0
4,42	0,66	4,2	6,0	5,0
4,44	0,66	4,2	6,0	5,0
4,46	0,67	4,2	6,0	5,0
4,49	0,68	4,2	6,0	5,0
4,51	0,69	4,2	6,0	5,0
4,54	0,68	4,2	6,0	5,0
4,56	0,68	4,2	6,0	5,0
4,59	0,67	4,2	6,0	5,0
4,61	0,68	4,2	6,0	5,0
4,63	0,69	4,2	6,0	5,0
4,66	0,69	4,2	6,0	5,0
4,68	0,69	4,2	6,0	5,0
4,71	0,69	4,2	6,0	5,0
4,73	0,69	4,2	6,0	5,0
4,76	0,70	4,2	6,0	5,0
4,78	0,70	4,2	6,0	5,0
4,81	0,71	4,2	6,0	5,0
4,83	0,71	4,2	6,0	5,0
4,85	0,70	4,2	6,0	5,0
4,88	0,71	4,2	6,0	5,0
4,90	0,72	4,2	6,0	5,0
4,93	0,72	4,2	6,0	5,0
4,95	0,72	4,2	6,0	5,0
4,98	0,71	4,2	6,0	5,0
5,00	0,71	4,2	6,0	5,0
5,03	0,71	4,2	6,0	5,0
5,05	0,71	4,2	6,0	5,0
5,07	0,72	4,2	6,0	5,0
5,10	0,72	4,2	6,0	5,0
5,12	0,72	4,2	6,0	5,0
5,15	0,72	4,2	6,0	5,0
5,17	0,73	4,2	6,0	5,0
5,20	0,74	4,2	6,0	5,0
5,22	0,74	4,2	6,0	5,0
5,25	0,75	4,2	6,0	5,0
5,27	0,75	4,2	6,0	5,0
5,29	0,75	4,2	6,0	5,0
5,32	0,75	4,2	6,0	5,0
5,34	0,76	4,2	6,0	5,0
5,37	0,76	4,2	6,0	5,0
5,39	0,76	4,2	6,0	5,0
5,42	0,75	4,2	6,0	5,0
5,44	0,75	4,2	6,0	5,0
5,47	0,75	4,2	6,0	5,0
5,49	0,76	4,2	6,0	5,0
5,51	0,76	4,2	6,0	5,0
5,54	0,76	4,2	6,0	5,0
5,56	0,76	4,2	6,0	5,0
5,59	0,77	4,2	6,0	5,0
5,61	0,77	4,2	6,0	5,0
5,64	0,78	4,2	6,0	5,0
5,66	0,78	4,2	6,0	5,0
5,68	0,78	4,2	6,0	5,0
5,71	0,78	4,2	6,0	5,0
5,73	0,78	4,2	6,0	5,0
5,76	0,79	4,2	6,0	5,0
5,78	0,79	4,2	6,0	5,0
5,81	0,79	4,2	6,0	5,0
5,83	0,79	4,2	6,0	5,0
5,86	0,78	4,2	6,0	5,0
5,88	0,78	4,2	6,0	5,0
5,90	0,79	4,2	6,0	5,0
5,93	0,80	4,2	6,0	5,0
5,95	0,80	4,2	6,0	5,0
5,98	0,79	4,2	6,0	5,0
6,00	0,80	4,2	6,0	5,0
6,03	0,80	4,2	6,0	5,0
6,05	0,80	4,2	6,0	5,0
6,08	0,80	4,2	6,0	5,0
6,10	0,81	4,2	6,0	5,0
6,12	0,81	4,2	6,0	5,0
6,15	0,80	4,2	6,0	5,0
6,17	0,80	4,2	6,0	5,0
6,20	0,81	4,2	6,0	5,0
6,22	0,81	4,2	6,0	5,0
6,25	0,80	4,2	6,0	5,0
6,27	0,81	4,2	6,0	5,0
6,30	0,81	4,2	6,0	5,0
6,32	0,81	4,2	6,0	5,0
6,34	0,82	4,2	6,0	5,0
6,37	0,83	4,2	6,0	5,0
6,39	0,84	4,2	6,0	5,0
6,42	0,83	4,2	6,0	5,0
6,44	0,83	4,2	6,0	5,0
6,47	0,84	4,2	6,0	5,0
6,49	0,84	4,2	6,0	5,0
6,52	0,84	4,2	6,0	5,0
6,54	0,84	4,2	6,0	5,0
6,56	0,84	4,2	6,0	5,0
6,59	0,84	4,2	6,0	5,0
6,61	0,84	4,2	6,0	5,0
6,64	0,86	4,2	6,0	5,0
6,66	0,85	4,2	6,0	5,0
6,69	0,85	4,2	6,0	5,0
6,71	0,85	4,2	6,0	5,0
6,73	0,86	4,2	6,0	5,0
6,76	0,86	4,2	6,0	5,0
6,78	0,86	4,2	6,0	5,0
6,81	0,88	4,2	6,0	5,0
6,83	0,87	4,2	6,0	5,0
6,86	0,88	4,2	6,0	5,0
6,88	0,88	4,2	6,0	5,0
6,91	0,88	4,2	6,0	5,0
6,93	0,89	4,2	6,0	5,0
6,95	0,89	4,2	6,0	5,0
6,98	0,89	4,2	6,0	5,0
7,00	0,89	4,2	6,0	5,0
7,03	0,89	4,2	6,0	5,0
7,05	0,89	4,2	6,0	5,0
7,08	0,90	4,2	6,0	5,0
7,10	0,89	4,2	6,0	5,0
7,13	0,89	4,2	6,0	5,0
7,15	0,89	4,2	6,0	5,0
7,17	0,89	4,2	6,0	5,0
7,20	0,89	4,2	6,0	5,0
7,22	0,90	4,2	6,0	5,0
7,25	0,91	4,2	6,0	5,0
7,27	0,90	4,2	6,0	5,0
7,30	0,90	4,2	6,0	5,0
7,32	0,91	4,2	6,0	5,0
7,35	0,91	4,2	6,0	5,0
7,37	0,91	4,2	6,0	5,0
7,39	0,91	4,2	6,0	5,0
7,42	0,91	4,2	6,0	5,0
7,44	0,91	4,2	6,0	5,0
7,47	0,91	4,2	6,0	5,0
7,49	0,92	4,2	6,0	5,0
7,52	0,92	4,2	6,0	5,0
7,54	0,91	4,2	6,0	5,0
7,57	0,91	4,2	6,0	5,0
7,59	0,91	4,2	6,0	5,0
7,61	0,92	4,2	6,0	5,0
7,64	0,92	4,2	6,0	5,0
7,66	0,93	4,2	6,0	5,0
7,69	0,93	4,2	6,0	5,0
7,71	0,92	4,2	6,0	5,0
7,74	0,93	4,2	6,0	5,0
7,76	0,94	4,2	6,0	5,0
7,78	0,94	4,2	6,0	5,0
7,81	0,94	4,2	6,0	5,0
7,83	0,93	4,2	6,0	5,0
7,86	0,94	4,2	6,0	5,0
7,88	0,93	4,2	6,0	5,0
7,91	0,93	4,2	6,0	5,0
7,93	0,94	4,2	6,0	5,0
7,96	0,95	4,2	6,0	5,0
7,98	0,94	4,2	6,0	5,0
8,00	0,95	4,2	6,0	5,0
8,03	0,94	4,2	6,0	5,0
8,05	0,95	4,2	6,0	5,0
8,08	0,95	4,2	6,0	5,0
8,10	0,97	4,2	6,0	5,0
8,13	0,97	4,2	6,0	5,0
8,15	0,96	4,2	6,0	5,0
8,18	0,97	4,2	6,0	5,0
8,20	0,98	4,2	6,0	5,0
8,22	0,97	4,2	6,0	5,0
8,25	0,98	4,2	6,0	5,0
8,27	0,96	4,2	6,0	5,0
8,30	0,96	4,2	6,0	5,0
8,32	0,96	4,2	6,0	5,0
8,35	0,97	4,2	6,0	5,0
8,37	0,97	4,2	6,0	5,0
8,40	0,97	4,2	6,0	5,0
8,42	0,97	4,2	6,0	5,0
8,44	0,97	4,2	6,0	5,0
8,47	0,98	4,2	6,0	5,0
8,49	0,99	4,2	6,0	5,0
8,52	0,99	4,2	6,0	5,0
8,54	0,99	4,2	6,0	5,0
8,57	0,99	4,2	6,0	5,0
8,59	0,99	4,2	6,0	5,0
8,62	1,00	4,2	6,0	5,0
8,64	1,00	4,2	6,0	5,0
8,66	0,99	4,2	6,0	5,0
8,69	1,00	4,2	6,0	5,0
8,71	0,98	4,2	6,0	5,0
8,74	0,99	4,2	6,0	5,0
8,76	0,99	4,2	6,0	5,0
8,79	0,99	4,2	6,0	5,0
8,81	0,99	4,2	6,0	5,0
8,84	0,99	4,2	6,0	5,0
8,86	0,99	4,2	6,0	5,0
8,88	1,00	4,2	6,0	5,0
8,91	1,00	4,2	6,0	5,0
8,93	1,01	4,2	6,0	5,0
8,96	1,01	4,2	6,0	5,0
8,98	1,02	4,2	6,0	5,0
9,01	1,01	4,2	6,0	5,0
9,03	1,02	4,2	6,0	5,0
9,05	1,03	4,2	6,0	5,0
9,08	1,02	4,2	6,0	5,0
9,10	1,02	4,2	6,0	5,0
9,13	1,02	4,2	6,0	5,0
9,15	1,02	4,2	6,0	5,0
9,18	1,02	4,2	6,0	5,0
9,20	1,03	4,2	6,0	5,0
9,23	1,04	4,2	6,0	5,0
9,25	1,04	4,2	6,0	5,0
9,27	1,03	4,2	6,0	5,0
9,30	1,03	4,2	6,0	5,0
9,32	1,04	4,2	6,0	5,0
9,35	1,04	4,2	6,0	5,0
9,37	1,04	4,2	6,0	5,0
9,40	1,05	4,2	6,0	5,0
9,42	1,05	4,2	6,0	5,0
9,45	1,04	4,2	6,0	5,0
9,47	1,05	4,2	6,0	5,0
9,49	1,05	4,2	6,0	5,0
9,52	1,06	4,2	6,0	5,0
9,54	1,05	4,2	6,0	5,0
9,57	1,05	4,2	6,0	5,0
9,59	1,05	4,2	6,0	5,0
9,62	1,05	4,2	6,0	5,0
9,64	1,05	4,2	6,0	5,0
9,67	1,06	4,2	6,0	5,0
9,69	1,06	4,2	6,0	5,0
9,71	1,05	4,2	6,0	5,0
9,74	1,06	4,2	6,0	5,0
9,76	1,06	4,2	6,0	5,0
9,79	1,07	4,2	6,0	5,0
9,81	1,06	4,2	6,0	5,0
9,84	1,06	4,2	6,0	5,0
9,86	1,06	4,2	6,0	5,0
9,89	1,06	4,2	6,0	5,0
9,91	1,07	4,2	6,0	5,0
9,93	1,07	4,2	6,0	5,0
9,96	1,06	4,2	6,0	5,0
9,98	1,07	4,2	6,0	5,0
10,01	1,06	4,2	6,0	5,0
10,03	1,07	4,2	6,0	5,0
10,06	1,07	4,2	6,0	5,0
10,08	1,07	4,2	6,0	5,0
10,10	1,08	4,2	6,0	5,0
10,13	1,07	4,2	6,0	5,0
10,15	1,07	4,2	6,0	5,0
10,18	1,08	4,2	6,0	5,0
10,20	1,08	4,2	6,0	5,0
10,23	1,08	4,2	6,0	5,0
10,25	1,08	4,2	6,0	5,0
10,28	1,08	4,2	6,0	5,0
10,30	1,08	4,2	6,0	5,0
10,32	1,09	4,2	6,0	5,0
10,35	1,09	4,2	6,0	5,0
10,37	1,09	4,2	6,0	5,0
10,40	1,09	4,2	6,0	5,0
10,42	1,09	4,2	6,0	5,0
10,45	1,08	4,2	6,0	5,0
10,47	1,09	4,2	6,0	5,0
10,50	1,09	4,2	6,0	5,0
10,52	1,09	4,2	6,0	5,0
10,54	1,10	4,2	6,0	5,0
10,57	1,09	4,2	6,0	5,0
10,59	1,09	4,2	6,0	5,0
10,62	1,11	4,2	6,0	5,0
10,64	1,10	4,2	6,0	5,0
10,67	1,10	4,2	6,0	5,0
10,69	1,10	4,2	6,0	5,0
10,72	1,10	4,2	6,0	5,0
10,74	1,10	4,2	6,0	5,0
10,76	1,10	4,2	6,0	5,0
10,79	1,11	4,2	6,0	5,0
10,81	1,11	4,2	6,0	5,0
10,84	1,10	4,2	6,0	5,0
10,86	1,10	4,2	6,0	5,0
10,89	1,10	4,2	6,0	5,0
10,91	1,11	4,2	6,0	5,0
10,94	1,10	4,2	6,0	5,0
10,96	1,11	4,2	6,0	5,0
10,98	1,11	4,2	6,0	5,0
11,01	1,11	4,2	6,0	5,0
11,03	1,11	4,2	6,0	5,0
11,06	1,12	4,2	6,0	5,0
11,08	1,12	4,2	6,0	5,0
11,11	1,12	4,2	6,0	5,0
11,13	1,11	4,2	6,0	5,0
11,15	1,11	4,2	6,0	5,0
11,18	1,11	4,2	6,0	5,0
11,20	1,12	4,2	6,0	5,0
11,23	1,12	4,2	6,0	5,0
11,25	1,12	4,2	6,0	5,0
11,28	1,11	4,2	6,0	5,0
11,30	1,12	4,2	6,0	5,0
11,33	1,12	4,2	6,0	5,0
11,35	1,13	4,2	6,0	5,0
11,37	1,13	4,2	6,0	5,0
11,40	1,14	4,2	6,0	5,0
11,42	1,14	4,2	6,0	5,0
11,45	1,13	4,2	6,0	5,0
11,47	1,14	4,2	6,0	5,0
11,50	1,15	4,2	6,0	5,0
11,52	1,14	4,2	6,0	5,0
11,55	1,14	4,2	6,0	5,0
11,57	1,14	4,2	6,0	5,0
11,59	1,14	4,2	6,0	5,0
11,62	1,14	4,2	6,0	5,0
11,64	1,14	4,2	6,0	5,0
11,67	1,15	4,2	6,0	5,0
11,69	1,14	4,2	6,0	5,0
11,72	1,15	4,2	6,0	5,0
11,74	1,15	4,2	6,0	5,0
11,77	1,15	4,2	6,0	5,0
11,79	1,16	4,2	6,0	5,0
11,81	1,16	4,2	6,0	5,0
11,84	1,16	4,2	6,0	5,0
11,86	1,16	4,2	6,0	5,0
11,89	1,16	4,2	6,0	5,0
11,91	1,16	4,2	6,0	5,0
11,94	1,16	4,2	6,0	5,0
11,96	1,16	4,2	6,0	5,0
11,99	1,16	4,2	6,0	5,0
12,01	1,15	4,2	6,0	5,0
12,03	1,15	4,2	6,0	5,0
12,06	1,16	4,2	6,0	5,0
12,08	1,16	4,2	6,0	5,0
12,11	1,17	4,2	6,0	5,0
12,13	1,16	4,2	6,0	5,0
12,16	1,16	4,2	6,0	5,0
12,18	1,17	4,2	6,0	5,0
12,21	1,17	4,2	6,0	5,0
12,23	1,17	4,2	6,0	5,0
12,25	1,17	4,2	6,0	5,0
12,28	1,17	4,2	6,0	5,0
12,30	1,16	4,2	6,0	5,0
12,33	1,16	4,2	6,0	5,0
12,35	1,18	4,2	6,0	5,0
12,38	1,17	4,2	6,0	5,0
12,40	1,17	4,2	6,0	5,0
12,42	1,16	4,2	6,0	5,0
12,45	1,16	4,2	6,0	5,0
12,47	1,16	4,2	6,0	5,0
12,50	1,17	4,2	6,0	5,0
12,52	1,18	4,2	6,0	5,0
12,55	1,18	4,2	6,0	5,0
12,57	1,17	4,2	6,0	5,0
12,60	1,17	4,2	6,0	5,0
12,62	1,18	4,2	6,0	5,0
12,64	1,18	4,2	6,0	5,0
12,67	1,19	4,2	6,0	5,0
12,69	1,18	4,2	6,0	5,0
12,72	1,17	4,2	6,0	5,0
12,74	1,17	4,2	6,0	5,0
12,77	1,18	4,2	6,0	5,0
12,79	1,18	4,2	6,0	5,0
12,82	1,18	4,2	6,0	5,0
12,84	1,17	4,2	6,0	5,0
12,86	1,18	4,2	6,0	5,0
12,89	1,18	4,2	6,0	5,0
12,91	1,19	4,2	6,0	5,0
12,94	1,19	4,2	6,0	5,0
12,96	1,20	4,2	6,0	5,0
12,99	1,19	4,2	6,0	5,0
13,01	1,19	4,2	6,0	5,0
13,04	1,20	4,2	6,0	5,0
13,06	1,20	4,2	6,0	5,0
13,08	1,20	4,2	6,0	5,0
13,11	1,20	4,2	6,0	5,0
13,13	1,20	4,2	6,0	5,0
13,16	1,19	4,2	6,0	5,0
13,18	1,19	4,2	6,0	5,0
13,21	1,20	4,2	6,0	5,0
13,23	1,20	4,2	6,0	5,0
13,26	1,19	4,2	6,0	5,0
13,28	1,19	4,2	6,0	5,0
13,30	1,18	4,2	6,0	5,0
13,33	1,19	4,2	6,0	5,0
13,35	1,19	4,2	6,0	5,0
13,38	1,19	4,2	6,0	5,0
13,40	1,19	4,2	6,0	5,0
13,43	1,18	4,2	6,0	5,0
13,45	1,18	4,2	6,0	5,0
13,47	1,18	4,2	6,0	5,0
13,50	1,17	4,2	6,0	5,0
13,52	1,17	4,2	6,0	5,0
13,55	1,15	4,2	6,0	5,0
13,57	1,15	4,2	6,0	5,0
13,60	1,13	4,2	6,0	5,0
13,62	1,13	4,2	6,0	5,0
13,65	1,13	4,2	6,0	5,0
13,67	1,12	4,2	6,0	5,0
13,69	1,10	4,2	6,0	5,0
13,72	1,09	4,2	6,0	5,0
13,74	1,09	4,2	6,0	5,0
13,77	1,09	4,2	6,0	5,0
13,79	1,08	4,2	6,0	5,0
13,82	1,07	4,2	6,0	5,0
13,84	1,07	4,2	6,0	5,0
13,87	1,05	4,2	6,0	5,0
13,89	1,04	4,2	6,0	5,0
13,91	1,04	4,2	6,0	5,0
13,94	1,02	4,2	6,0	5,0
13,96	1,01	4,2	6,0	5,0
13,99	0,99	4,2	6,0	5,0
14,01	0,98	4,2	6,0	5,0
14,04	0,96	4,2	6,0	5,0
14,06	0,96	4,2	6,0	5,0
14,09	0,95	4,2	6,0	5,0
14,11	0,94	4,2	6,0	5,0
14,13	0,92	4,2	6,0	5,0
14,16	0,92	4,2	6,0	5,0
14,18	0,91	4,2	6,0	5,0
14,21	0,91	4,2	6,0	5,0
14,23	0,90	4,2	6,0	5,0
14,26	0,89	4,2	6,0	5,0
14,28	0,87	4,2	6,0	5,0
14,31	0,86	4,2	6,0	5,0
14,33	0,85	4,2	6,0	5,0
14,35	0,84	4,2	6,0	5,0
14,38	0,83	4,2	6,0	5,0
14,40	0,82	4,2	6,0	5,0
14,43	0,80	4,2	6,0	5,0
14,45	0,79	4,2	6,0	5,0
14,48	0,77	4,2	6,0	5,0
14,50	0,77	4,2	6,0	5,0
14,52	0,76	4,2	6,0	5,0
14,55	0,75	4,2	6,0	5,0
14,57	0,73	4,2	6,0	5,0
14,60	0,72	4,2	6,0	5,0
14,62	0,71	4,2	6,0	5,0
14,65	0,71	4,2	6,0	5,0
14,67	0,69	4,2	6,0	5,0
14,70	0,68	4,2	6,0	5,0
14,72	0,67	4,2	6,0	5,0
14,74	0,65	4,2	6,0	5,0
14,77	0,64	4,2	6,0	5,0
14,79	0,63	4,2	6,0	5,0
14,82	0,61	4,2	6,0	5,0
14,84	0,60	4,2	6,0	5,0
14,87	0,58	4,2	6,0	5,0
14,89	0,57	4,2	6,0	5,0
14,92	0,56	4,2	6,0	5,0
14,94	0,55	4,2	6,0	5,0
14,96	0,54	4,2	6,0	5,0
14,99	0,52	4,2	6,0	5,0
15,01	0,51	4,2	6,0	5,0
15,04	0,50	4,2	6,0	5,0
15,06	0,49	4,2	6,0	5,0
15,09	0,48	4,2	6,0	5,0
15,11	0,47	4,2	6,0	5,0
15,14	0,46	4,2	6,0	5,0
15,16	0,44	4,2	6,0	5,0
15,18	0,43	4,2	6,0	5,0
15,21	0,42	4,2	6,0	5,0
15,23	0,41	4,2	6,0	5,0
15,26	0,40	4,2	6,0	5,0
15,28	0,38	4,2	6,0	5,0
15,31	0,37	4,2	6,0	5,0
15,33	0,36	4,2	6,0	5,0
15,36	0,36	4,2	6,0	5,0
15,38	0,35	4,2	6,0	5,0
15,40	0,34	4,2	6,0	5,0
15,43	0,33	4,2	6,0	5,0
15,45	0,32	4,2	6,0	5,0
15,48	0,31	4,2	6,0	5,0
15,50	0,31	4,2	6,0	5,0
15,53	0,30	4,2	6,0	5,0
15,55	0,29	4,2	6,0	5,0
15,57	0,28	4,2	6,0	5,0
15,60	0,27	4,2	6,0	5,0
15,62	0,26	4,2	6,0	5,0
15,65	0,27	4,2	6,0	5,0
15,67	0,25	4,2	6,0	5,0
15,70	0,24	4,2	6,0	5,0
15,72	0,22	4,2	6,0	5,0
15,75	0,22	4,2	6,0	5,0
15,77	0,21	4,2	6,0	5,0
15,79	0,21	4,2	6,0	5,0
15,82	0,21	4,2	6,0	5,0
15,84	0,19	4,2	6,0	5,0
15,87	0,19	4,2	6,0	5,0
15,89	0,19	4,2	6,0	5,0
15,92	0,18	4,2	6,0	5,0
15,94	0,18	4,2	6,0	5,0
15,97	0,18	4,2	6,0	5,0
15,99	0,17	4,2	6,0	5,0
16,01	0,16	4,2	6,0	5,0
16,04	0,16	4,2	6,0	5,0
16,06	0,16	4,2	6,0	5,0
16,09	0,16	4,2	6,0	5,0
16,11	0,14	4,2	6,0	5,0
16,14	0,14	4,2	6,0	5,0
16,16	0,14	4,2	6,0	5,0
16,19	0,14	4,2	6,0	5,0
16,21	0,14	4,2	6,0	5,0
16,23	0,14	4,2	6,0	5,0
16,26	0,14	4,2	6,0	5,0
16,28	0,13	4,2	6,0	5,0
16,31	0,13	4,2	6,0	5,0
16,33	0,14	4,2	6,0	5,0
16,36	0,13	4,2	6,0	5,0
16,38	0,13	4,2	6,0	5,0
16,41	0,13	4,2	6,0	5,0
16,43	0,13	4,2	6,0	5,0
16,45	0,12	4,2	6,0	5,0
16,48	0,12	4,2	6,0	5,0
16,50	0,13	4,2	6,0	5,0
16,53	0,13	4,2	6,0	5,0
16,55	0,12	4,2	6,0	5,0
16,58	0,12	4,2	6,0	5,0
16,60	0,12	4,2	6,0	5,0
16,63	0,13	4,2	6,0	5,0
16,65	0,13	4,2	6,0	5,0
16,67	0,14	4,2	6,0	5,0
16,70	0,13	4,2	6,0	5,0
16,72	0,13	4,2	6,0	5,0
16,75	0,13	4,2	6,0	5,0
16,77	0,13	4,2	6,0	5,0
16,80	0,13	4,2	6,0	5,0
16,82	0,13	4,2	6,0	5,0
16,84	0,13	4,2	6,0	5,0
16,87	0,13	4,2	6,0	5,0
16,89	0,13	4,2	6,0	5,0
16,92	0,13	4,2	6,0	5,0
16,94	0,13	4,2	6,0	5,0
16,97	0,13	4,2	6,0	5,0
16,99	0,13	4,2	6,0	5,0
17,02	0,13	4,2	6,0	5,0
17,04	0,14	4,2	6,0	5,0
17,06	0,15	4,2	6,0	5,0
17,09	0,15	4,2	6,0	5,0
17,11	0,16	4,2	6,0	5,0
17,14	0,16	4,2	6,0	5,0
17,16	0,16	4,2	6,0	5,0
17,19	0,16	4,2	6,0	5,0
17,21	0,17	4,2	6,0	5,0
17,24	0,16	4,2	6,0	5,0
17,26	0,17	4,2	6,0	5,0
17,28	0,16	4,2	6,0	5,0
17,31	0,18	4,2	6,0	5,0
17,33	0,18	4,2	6,0	5,0
17,36	0,19	4,2	6,0	5,0
17,38	0,21	4,2	6,0	5,0
17,41	0,21	4,2	6,0	5,0
17,43	0,21	4,2	6,0	5,0
17,46	0,23	4,2	6,0	5,0
17,48	0,24	4,2	6,0	5,0
17,50	0,25	4,2	6,0	5,0
17,53	0,26	4,2	6,0	5,0
17,55	0,28	4,2	6,0	5,0
17,58	0,29	4,2	6,0	5,0
17,60	0,30	4,2	6,0	5,0
17,63	0,32	4,2	6,0	5,0
17,65	0,33	4,2	6,0	5,0
17,68	0,34	4,2	6,0	5,0
17,70	0,35	4,2	6,0	5,0
17,72	0,37	4,2	6,0	5,0
17,75	0,39	4,2	6,0	5,0
17,77	0,40	4,2	6,0	5,0
17,80	0,43	4,2	6,0	5,0
17,82	0,45	4,2	6,0	5,0
17,85	0,46	4,2	6,0	5,0
17,87	0,47	4,2	6,0	5,0
17,89	0,50	4,2	6,0	5,0
17,92	0,51	4,2	6,0	5,0
17,94	0,54	4,2	6,0	5,0
17,97	0,56	4,2	6,0	5,0
17,99	0,58	4,2	6,0	5,0
18,02	0,60	4,2	6,0	5,0
18,04	0,61	4,2	6,0	5,0
18,07	0,64	4,2	6,0	5,0
18,09	0,66	4,2	6,0	5,0
18,11	0,67	4,2	6,0	5,0
18,14	0,69	4,2	6,0	5,0
18,16	0,70	4,2	6,0	5,0
18,19	0,73	4,2	6,0	5,0
18,21	0,74	4,2	6,0	5,0
18,24	0,77	4,2	6,0	5,0
18,26	0,79	4,2	6,0	5,0
18,29	0,80	4,2	6,0	5,0
18,31	0,82	4,2	6,0	5,0
18,33	0,84	4,2	6,0	5,0
18,36	0,86	4,2	6,0	5,0
18,38	0,88	4,2	6,0	5,0
18,41	0,91	4,2	6,0	5,0
18,43	0,92	4,2	6,0	5,0
18,46	0,94	4,2	6,0	5,0
18,48	0,96	4,2	6,0	5,0
18,51	0,98	4,2	6,0	5,0
18,53	1,00	4,2	6,0	5,0
18,55	1,01	4,2	6,0	5,0
18,58	1,02	4,2	6,0	5,0
18,60	1,04	4,2	6,0	5,0
18,63	1,06	4,2	6,0	5,0
18,65	1,08	4,2	6,0	5,0
18,68	1,10	4,2	6,0	5,0
18,70	1,11	4,2	6,0	5,0
18,73	1,12	4,2	6,0	5,0
18,75	1,15	4,2	6,0	5,0
18,77	1,17	4,2	6,0	5,0
18,80	1,19	4,2	6,0	5,0
18,82	1,21	4,2	6,0	5,0
18,85	1,23	4,2	6,0	5,0
18,87	1,24	4,2	6,0	5,0
18,90	1,26	4,2	6,0	5,0
18,92	1,28	4,2	6,0	5,0
18,94	1,30	4,2	6,0	5,0
18,97	1,30	4,2	6,0	5,0
18,99	1,32	4,2	6,0	5,0
19,02	1,33	4,2	6,0	5,0
19,04	1,35	4,2	6,0	5,0
19,07	1,36	4,2	6,0	5,0
19,09	1,39	4,2	6,0	5,0
19,12	1,41	4,2	6,0	5,0
19,14	1,41	4,2	6,0	5,0
19,16	1,43	4,2	6,0	5,0
19,19	1,46	4,2	6,0	5,0
19,21	1,47	4,2	6,0	5,0
19,24	1,49	4,2	6,0	5,0
19,26	1,50	4,2	6,0	5,0
19,29	1,52	4,2	6,0	5,0
19,31	1,53	4,2	6,0	5,0
19,34	1,55	4,2	6,0	5,0
19,36	1,57	4,2	6,0	5,0
19,38	1,59	4,2	6,0	5,0
19,41	1,60	4,2	6,0	5,0
19,43	1,61	4,2	6,0	5,0
19,46	1,63	4,2	6,0	5,0
19,48	1,65	4,2	6,0	5,0
19,51	1,67	4,2	6,0	5,0
19,53	1,70	4,2	6,0	5,0
19,56	1,71	4,2	6,0	5,0
19,58	1,73	4,2	6,0	5,0
19,60	1,74	4,2	6,0	5,0
19,63	1,77	4,2	6,0	5,0
19,65	1,78	4,2	6,0	5,0
19,68	1,80	4,2	6,0	5,0
19,70	1,81	4,2	6,0	5,0
19,73	1,82	4,2	6,0	5,0
19,75	1,84	4,2	6,0	5,0
19,78	1,85	4,2	6,0	5,0
19,80	1,88	4,2	6,0	5,0
19,82	1,90	4,2	6,0	5,0
19,85	1,90	4,2	6,0	5,0
19,87	1,92	4,2	6,0	5,0
19,90	1,94	4,2	6,0	5,0
19,92	1,97	4,2	6,0	5,0
19,95	1,98	4,2	6,0	5,0
19,97	2,01	4,2	6,0	5,0
19,99	2,02	4,2	6,0	5,0
20,02	2,03	4,2	6,0	5,0
20,04	2,05	4,2	6,0	5,0
20,07	2,06	4,2	6,0	5,0
20,09	2,08	4,2	6,0	5,0
20,12	2,09	4,2	6,0	5,0
20,14	2,10	4,2	6,0	5,0
20,17	2,11	4,2	6,0	5,0
20,19	2,13	4,2	6,0	5,0
20,21	2,15	4,2	6,0	5,0
20,24	2,17	4,2	6,0	5,0
20,26	2,18	4,2	6,0	5,0
20,29	2,19	4,2	6,0	5,0
20,31	2,21	4,2	6,0	5,0
20,34	2,23	4,2	6,0	5,0
20,36	2,25	4,2	6,0	5,0
20,39	2,27	4,2	6,0	5,0
20,41	2,28	4,2	6,0	5,0
20,43	2,29	4,2	6,0	5,0
20,46	2,31	4,2	6,0	5,0
20,48	2,33	4,2	6,0	5,0
20,51	2,35	4,2	6,0	5,0
20,53	2,35	4,2	6,0	5,0
20,56	2,37	4,2	6,0	5,0
20,58	2,37	4,2	6,0	5,0
20,61	2,39	4,2	6,0	5,0
20,63	2,40	4,2	6,0	5,0
20,65	2,42	4,2	6,0	5,0
20,68	2,45	4,2	6,0	5,0
20,70	2,44	4,2	6,0	5,0
20,73	2,46	4,2	6,0	5,0
20,75	2,48	4,2	6,0	5,0
20,78	2,49	4,2	6,0	5,0
20,80	2,51	4,2	6,0	5,0
20,83	2,52	4,2	6,0	5,0
20,85	2,54	4,2	6,0	5,0
20,87	2,54	4,2	6,0	5,0
20,90	2,56	4,2	6,0	5,0
20,92	2,58	4,2	6,0	5,0
20,95	2,59	4,2	6,0	5,0
20,97	2,60	4,2	6,0	5,0
21,00	2,61	4,2	6,0	5,0
21,02	2,63	4,2	6,0	5,0
21,05	2,64	4,2	6,0	5,0
21,07	2,65	4,2	6,0	5,0
21,09	2,68	4,2	6,0	5,0
21,12	2,69	4,2	6,0	5,0
21,14	2,69	4,2	6,0	5,0
21,17	2,70	4,2	6,0	5,0
21,19	2,72	4,2	6,0	5,0
21,22	2,73	4,2	6,0	5,0
21,24	2,74	4,2	6,0	5,0
21,26	2,75	4,2	6,0	5,0
21,29	2,76	4,2	6,0	5,0
21,31	2,77	4,2	6,0	5,0
21,34	2,78	4,2	6,0	5,0
21,36	2,80	4,2	6,0	5,0
21,39	2,81	4,2	6,0	5,0
21,41	2,82	4,2	6,0	5,0
21,44	2,83	4,2	6,0	5,0
21,46	2,84	4,2	6,0	5,0
21,48	2,86	4,2	6,0	5,0
21,51	2,87	4,2	6,0	5,0
21,53	2,89	4,2	6,0	5,0
21,56	2,90	4,2	6,0	5,0
21,58	2,90	4,2	6,0	5,0
21,61	2,92	4,2	6,0	5,0
21,63	2,93	4,2	6,0	5,0
21,66	2,95	4,2	6,0	5,0
21,68	2,96	4,2	6,0	5,0
21,70	2,97	4,2	6,0	5,0
21,73	2,97	4,2	6,0	5,0
21,75	2,98	4,2	6,0	5,0
21,78	3,00	4,2	6,0	5,0
21,80	3,01	4,2	6,0	5,0
21,83	3,02	4,2	6,0	5,0
21,85	3,03	4,2	6,0	5,0
21,88	3,04	4,2	6,0	5,0
21,90	3,05	4,2	6,0	5,0
21,92	3,06	4,2	6,0	5,0
21,95	3,09	4,2	6,0	5,0
21,97	3,10	4,2	6,0	5,0
22,00	3,10	4,2	6,0	5,0
22,02	3,11	4,2	6,0	5,0
22,05	3,13	4,2	6,0	5,0
22,07	3,14	4,2	6,0	5,0
22,10	3,15	4,2	6,0	5,0
22,12	3,17	4,2	6,0	5,0
22,14	3,17	4,2	6,0	5,0
22,17	3,18	4,2	6,0	5,0
22,19	3,18	4,2	6,0	5,0
22,22	3,20	4,2	6,0	5,0
22,24	3,21	4,2	6,0	5,0
22,27	3,21	4,2	6,0	5,0
22,29	3,22	4,2	6,0	5,0
22,31	3,23	4,2	6,0	5,0
22,34	3,24	4,2	6,0	5,0
22,36	3,25	4,2	6,0	5,0
22,39	3,27	4,2	6,0	5,0
22,41	3,28	4,2	6,0	5,0
22,44	3,28	4,2	6,0	5,0
22,46	3,29	4,2	6,0	5,0
22,49	3,30	4,2	6,0	5,0
22,51	3,31	4,2	6,0	5,0
22,53	3,33	4,2	6,0	5,0
22,56	3,33	4,2	6,0	5,0
22,58	3,34	4,2	6,0	5,0
22,61	3,33	4,2	6,0	5,0
22,63	3,34	4,2	6,0	5,0
22,66	3,36	4,2	6,0	5,0
22,68	3,37	4,2	6,0	5,0
22,71	3,37	4,2	6,0	5,0
22,73	3,38	4,2	6,0	5,0
22,75	3,39	4,2	6,0	5,0
22,78	3,41	4,2	6,0	5,0
22,80	3,42	4,2	6,0	5,0
22,83	3,44	4,2	6,0	5,0
22,85	3,45	4,2	6,0	5,0
22,88	3,45	4,2	6,0	5,0
22,90	3,45	4,2	6,0	5,0
22,93	3,46	4,2	6,0	5,0
22,95	3,47	4,2	6,0	5,0
22,97	3,48	4,2	6,0	5,0
23,00	3,48	4,2	6,0	5,0
23,02	3,49	4,2	6,0	5,0
23,05	3,50	4,2	6,0	5,0
23,07	3,50	4,2	6,0	5,0
23,10	3,52	4,2	6,0	5,0
23,12	3,52	4,2	6,0	5,0
23,15	3,53	4,2	6,0	5,0
23,17	3,54	4,2	6,0	5,0
23,19	3,55	4,2	6,0	5,0
23,22	3,57	4,2	6,0	5,0
23,24	3,58	4,2	6,0	5,0
23,27	3,60	4,2	6,0	5,0
23,29	3,60	4,2	6,0	5,0
23,32	3,60	4,2	6,0	5,0
23,34	3,62	4,2	6,0	5,0
23,36	3,62	4,2	6,0	5,0
23,39	3,63	4,2	6,0	5,0
23,41	3,64	4,2	6,0	5,0
23,44	3,63	4,2	6,0	5,0
23,46	3,64	4,2	6,0	5,0
23,49	3,64	4,2	6,0	5,0
23,51	3,66	4,2	6,0	5,0
23,54	3,67	4,2	6,0	5,0
23,56	3,67	4,2	6,0	5,0
23,58	3,68	4,2	6,0	5,0
23,61	3,69	4,2	6,0	5,0
23,63	3,70	4,2	6,0	5,0
23,66	3,72	4,2	6,0	5,0
23,68	3,73	4,2	6,0	5,0
23,71	3,73	4,2	6,0	5,0
23,73	3,74	4,2	6,0	5,0
23,76	3,74	4,2	6,0	5,0
23,78	3,75	4,2	6,0	5,0
23,80	3,76	4,2	6,0	5,0
23,83	3,77	4,2	6,0	5,0
23,85	3,78	4,2	6,0	5,0
23,88	3,78	4,2	6,0	5,0
23,90	3,78	4,2	6,0	5,0
23,93	3,79	4,2	6,0	5,0
23,95	3,80	4,2	6,0	5,0
23,98	3,81	4,2	6,0	5,0
24,00	3,80	4,2	6,0	5,0
24,02	3,81	4,2	6,0	5,0
24,05	3,83	4,2	6,0	5,0
24,07	3,83	4,2	6,0	5,0
24,10	3,84	4,2	6,0	5,0
24,12	3,84	4,2	6,0	5,0
24,15	3,85	4,2	6,0	5,0
24,17	3,84	4,2	6,0	5,0
24,20	3,85	4,2	6,0	5,0
24,22	3,87	4,2	6,0	5,0
24,24	3,87	4,2	6,0	5,0
24,27	3,87	4,2	6,0	5,0
24,29	3,88	4,2	6,0	5,0
24,32	3,88	4,2	6,0	5,0
24,34	3,90	4,2	6,0	5,0
24,37	3,90	4,2	6,0	5,0
24,39	3,92	4,2	6,0	5,0
24,42	3,92	4,2	6,0	5,0
24,44	3,92	4,2	6,0	5,0
24,46	3,92	4,2	6,0	5,0
24,49	3,94	4,2	6,0	5,0
24,51	3,95	4,2	6,0	5,0
24,54	3,96	4,2	6,0	5,0
24,56	3,96	4,2	6,0	5,0
24,59	3,96	4,2	6,0	5,0
24,61	3,97	4,2	6,0	5,0
24,63	3,97	4,2	6,0	5,0
24,66	3,98	4,2	6,0	5,0
24,68	3,98	4,2	6,0	5,0
24,71	3,98	4,2	6,0	5,0
24,73	4,00	4,2	6,0	5,0
24,76	4,00	4,2	6,0	5,0
24,78	4,02	4,2	6,0	5,0
24,81	4,03	4,2	6,0	5,0
24,83	4,04	4,2	6,0	5,0
24,85	4,04	4,2	6,0	5,0
24,88	4,04	4,2	6,0	5,0
24,90	4,05	4,2	6,0	5,0
24,93	4,06	4,2	6,0	5,0
24,95	4,06	4,2	6,0	5,0
24,98	4,07	4,2	6,0	5,0
25,00	4,07	4,2	6,0	5,0
25,03	4,07	4,2	6,0	5,0
25,05	4,07	4,2	6,0	5,0
25,07	4,08	4,2	6,0	5,0
25,10	4,08	4,2	6,0	5,0
25,12	4,08	4,2	6,0	5,0
25,15	4,09	4,2	6,0	5,0
25,17	4,10	4,2	6,0	5,0
25,20	4,11	4,2	6,0	5,0
25,22	4,12	4,2	6,0	5,0
25,25	4,13	4,2	6,0	5,0
25,27	4,13	4,2	6,0	5,0
25,29	4,13	4,2	6,0	5,0
25,32	4,14	4,2	6,0	5,0
25,34	4,14	4,2	6,0	5,0
25,37	4,15	4,2	6,0	5,0
25,39	4,15	4,2	6,0	5,0
25,42	4,15	4,2	6,0	5,0
25,44	4,15	4,2	6,0	5,0
25,47	4,15	4,2	6,0	5,0
25,49	4,16	4,2	6,0	5,0
25,51	4,17	4,2	6,0	5,0
25,54	4,17	4,2	6,0	5,0
25,56	4,16	4,2	6,0	5,0
25,59	4,17	4,2	6,0	5,0
25,61	4,19	4,2	6,0	5,0
25,64	4,19	4,2	6,0	5,0
25,66	4,20	4,2	6,0	5,0
25,68	4,20	4,2	6,0	5,0
25,71	4,20	4,2	6,0	5,0
25,73	4,19	4,2	6,0	5,0
25,76	4,20	4,2	6,0	5,0
25,78	4,21	4,2	6,0	5,0
25,81	4,22	4,2	6,0	5,0
25,83	4,21	4,2	6,0	5,0
25,86	4,22	4,2	6,0	5,0
25,88	4,22	4,2	6,0	5,0
25,90	4,23	4,2	6,0	5,0
25,93	4,23	4,2	6,0	5,0
25,95	4,24	4,2	6,0	5,0
25,98	4,24	4,2	6,0	5,0
26,00	4,24	4,2	6,0	5,0
26,03	4,24	4,2	6,0	5,0
26,05	4,26	4,2	6,0	5,0
26,08	4,27	4,2	6,0	5,0
26,10	4,27	4,2	6,0	5,0
26,12	4,27	4,2	6,0	5,0
26,15	4,26	4,2	6,0	5,0
26,17	4,26	4,2	6,0	5,0
26,20	4,27	4,2	6,0	5,0
26,22	4,28	4,2	6,0	5,0
26,25	4,27	4,2	6,0	5,0
26,27	4,27	4,2	6,0	5,0
26,30	4,28	4,2	6,0	5,0
26,32	4,28	4,2	6,0	5,0
26,34	4,29	4,2	6,0	5,0
26,37	4,29	4,2	6,0	5,0
26,39	4,30	4,2	6,0	5,0
26,42	4,29	4,2	6,0	5,0
26,44	4,29	4,2	6,0	5,0
26,47	4,30	4,2	6,0	5,0
26,49	4,30	4,2	6,0	5,0
26,52	4,31	4,2	6,0	5,0
26,54	4,31	4,2	6,0	5,0
26,56	4,31	4,2	6,0	5,0
26,59	4,31	4,2	6,0	5,0
26,61	4,31	4,2	6,0	5,0
26,64	4,32	4,2	6,0	5,0
26,66	4,31	4,2	6,0	5,0
26,69	4,32	4,2	6,0	5,0
26,71	4,32	4,2	6,0	5,0
26,73	4,32	4,2	6,0	5,0
26,76	4,33	4,2	6,0	5,0
26,78	4,33	4,2	6,0	5,0
26,81	4,33	4,2	6,0	5,0
26,83	4,33	4,2	6,0	5,0
26,86	4,33	4,2	6,0	5,0
26,88	4,33	4,2	6,0	5,0
26,91	4,34	4,2	6,0	5,0
26,93	4,34	4,2	6,0	5,0
26,95	4,35	4,2	6,0	5,0
26,98	4,34	4,2	6,0	5,0
27,00	4,35	4,2	6,0	5,0
27,03	4,34	4,2	6,0	5,0
27,05	4,35	4,2	6,0	5,0
27,08	4,36	4,2	6,0	5,0
27,10	4,36	4,2	6,0	5,0
27,13	4,35	4,2	6,0	5,0
27,15	4,35	4,2	6,0	5,0
27,17	4,35	4,2	6,0	5,0
27,20	4,36	4,2	6,0	5,0
27,22	4,36	4,2	6,0	5,0
27,25	4,37	4,2	6,0	5,0
27,27	4,37	4,2	6,0	5,0
27,30	4,36	4,2	6,0	5,0
27,32	4,37	4,2	6,0	5,0
27,35	4,38	4,2	6,0	5,0
27,37	4,38	4,2	6,0	5,0
27,39	4,38	4,2	6,0	5,0
27,42	4,37	4,2	6,0	5,0
27,44	4,38	4,2	6,0	5,0
27,47	4,37	4,2	6,0	5,0
27,49	4,38	4,2	6,0	5,0
27,52	4,39	4,2	6,0	5,0
27,54	4,38	4,2	6,0	5,0
27,57	4,38	4,2	6,0	5,0
27,59	4,38	4,2	6,0	5,0
27,61	4,38	4,2	6,0	5,0
27,64	4,39	4,2	6,0	5,0
27,66	4,39	4,2	6,0	5,0
27,69	4,39	4,2	6,0	5,0
27,71	4,38	4,2	6,0	5,0
27,74	4,38	4,2	6,0	5,0
27,76	4,39	4,2	6,0	5,0
27,78	4,40	4,2	6,0	5,0
27,81	4,40	4,2	6,0	5,0
27,83	4,40	4,2	6,0	5,0
27,86	4,39	4,2	6,0	5,0
27,88	4,39	4,2	6,0	5,0
27,91	4,39	4,2	6,0	5,0
27,93	4,39	4,2	6,0	5,0
27,96	4,40	4,2	6,0	5,0
27,98	4,39	4,2	6,0	5,0
28,00	4,39	4,2	6,0	5,0
28,03	4,40	4,2	6,0	5,0
28,05	4,40	4,2	6,0	5,0
28,08	4,41	4,2	6,0	5,0
28,10	4,41	4,2	6,0	5,0
28,13	4,41	4,2	6,0	5,0
28,15	4,40	4,2	6,0	5,0
28,18	4,40	4,2	6,0	5,0
28,20	4,41	4,2	6,0	5,0
28,22	4,41	4,2	6,0	5,0
28,25	4,41	4,2	6,0	5,0
28,27	4,41	4,2	6,0	5,0
28,30	4,40	4,2	6,0	5,0
28,32	4,40	4,2	6,0	5,0
28,35	4,41	4,2	6,0	5,0
28,37	4,41	4,2	6,0	5,0
28,40	4,40	4,2	6,0	5,0
28,42	4,40	4,2	6,0	5,0
28,44	4,40	4,2	6,0	5,0
28,47	4,40	4,2	6,0	5,0
28,49	4,41	4,2	6,0	5,0
28,52	4,41	4,2	6,0	5,0
28,54	4,41	4,2	6,0	5,0
28,57	4,40	4,2	6,0	5,0
28,59	4,40	4,2	6,0	5,0
28,62	4,40	4,2	6,0	5,0
28,64	4,40	4,2	6,0	5,0
28,66	4,40	4,2	6,0	5,0
28,69	4,39	4,2	6,0	5,0
28,71	4,39	4,2	6,0	5,0
28,74	4,39	4,2	6,0	5,0
28,76	4,39	4,2	6,0	5,0
28,79	4,39	4,2	6,0	5,0
28,81	4,40	4,2	6,0	5,0
28,84	4,40	4,2	6,0	5,0
28,86	4,39	4,2	6,0	5,0
28,88	4,40	4,2	6,0	5,0
28,91	4,41	4,2	6,0	5,0
28,93	4,41	4,2	6,0	5,0
28,96	4,41	4,2	6,0	5,0
28,98	4,40	4,2	6,0	5,0
29,01	4,40	4,2	6,0	5,0
29,03	4,39	4,2	6,0	5,0
29,05	4,40	4,2	6,0	5,0
29,08	4,41	4,2	6,0	5,0
29,10	4,40	4,2	6,0	5,0
29,13	4,40	4,2	6,0	5,0
29,15	4,40	4,2	6,0	5,0
29,18	4,40	4,2	6,0	5,0
29,20	4,41	4,2	6,0	5,0
29,23	4,42	4,2	6,0	5,0
29,25	4,42	4,2	6,0	5,0
29,27	4,42	4,2	6,0	5,0
29,30	4,41	4,2	6,0	5,0
29,32	4,42	4,2	6,0	5,0
29,35	4,42	4,2	6,0	5,0
29,37	4,42	4,2	6,0	5,0
29,40	4,42	4,2	6,0	5,0
29,42	4,42	4,2	6,0	5,0
29,45	4,41	4,2	6,0	5,0
29,47	4,41	4,2	6,0	5,0
29,49	4,41	4,2	6,0	5,0
29,52	4,42	4,2	6,0	5,0
29,54	4,42	4,2	6,0	5,0
29,57	4,41	4,2	6,0	5,0
29,59	4,42	4,2	6,0	5,0
29,62	4,42	4,2	6,0	5,0
29,64	4,42	4,2	6,0	5,0
29,67	4,42	4,2	6,0	5,0
29,69	4,42	4,2	6,0	5,0
29,71	4,42	4,2	6,0	5,0
29,74	4,41	4,2	6,0	5,0
29,76	4,42	4,2	6,0	5,0
29,79	4,42	4,2	6,0	5,0
29,81	4,41	4,2	6,0	5,0
29,84	4,40	4,2	6,0	5,0
29,86	4,40	4,2	6,0	5,0
29,89	4,39	4,2	6,0	5,0
29,91	4,39	4,2	6,0	5,0
29,93	4,39	4,2	6,0	5,0
29,96	4,39	4,2	6,0	5,0
29,98	4,38	4,2	6,0	5,0
30,01	4,38	4,2	6,0	5,0
30,03	4,37	4,2	6,0	5,0
30,06	4,37	4,2	6,0	5,0
30,08	4,36	4,2	6,0	5,0
30,10	4,37	4,2	6,0	5,0
30,13	4,35	4,2	6,0	5,0
30,15	4,34	4,2	6,0	5,0
30,18	4,33	4,2	6,0	5,0
30,20	4,32	4,2	6,0	5,0
30,23	4,31	4,2	6,0	5,0
30,25	4,30	4,2	6,0	5,0
30,28	4,29	4,2	6,0	5,0
30,30	4,27	4,2	6,0	5,0
30,32	4,25	4,2	6,0	5,0
30,35	4,24	4,2	6,0	5,0
30,37	4,23	4,2	6,0	5,0
30,40	4,21	4,2	6,0	5,0
30,42	4,19	4,2	6,0	5,0
30,45	4,17	4,2	6,0	5,0
30,47	4,15	4,2	6,0	5,0
30,50	4,14	4,2	6,0	5,0
30,52	4,12	4,2	6,0	5,0
30,54	4,11	4,2	6,0	5,0
30,57	4,08	4,2	6,0	5,0
30,59	4,05	4,2	6,0	5,0
30,62	4,03	4,2	6,0	5,0
30,64	4,02	4,2	6,0	5,0
30,67	3,98	4,2	6,0	5,0
30,69	3,96	4,2	6,0	5,0
30,72	3,92	4,2	6,0	5,0
30,74	3,90	4,2	6,0	5,0
30,76	3,86	4,2	6,0	5,0
30,79	3,84	4,2	6,0	5,0
30,81	3,81	4,2	6,0	5,0
30,84	3,78	4,2	6,0	5,0
30,86	3,75	4,2	6,0	5,0
30,89	3,73	4,2	6,0	5,0
30,91	3,70	4,2	6,0	5,0
30,94	3,68	4,2	6,0	5,0
30,96	3,65	4,2	6,0	5,0
30,98	3,62	4,2	6,0	5,0
31,01	3,58	4,2	6,0	5,0
31,03	3,55	4,2	6,0	5,0
31,06	3,52	4,2	6,0	5,0
31,08	3,49	4,2	6,0	5,0
31,11	3,46	4,2	6,0	5,0
31,13	3,42	4,2	6,0	5,0
31,15	3,39	4,2	6,0	5,0
31,18	3,35	4,2	6,0	5,0
31,20	3,32	4,2	6,0	5,0
31,23	3,28	4,2	6,0	5,0
31,25	3,26	4,2	6,0	5,0
31,28	3,23	4,2	6,0	5,0
31,30	3,20	4,2	6,0	5,0
31,33	3,17	4,2	6,0	5,0
31,35	3,14	4,2	6,0	5,0
31,37	3,12	4,2	6,0	5,0
31,40	3,08	4,2	6,0	5,0
31,42	3,05	4,2	6,0	5,0
31,45	3,02	4,2	6,0	5,0
31,47	2,99	4,2	6,0	5,0
31,50	2,96	4,2	6,0	5,0
31,52	2,93	4,2	6,0	5,0
31,55	2,89	4,2	6,0	5,0
31,57	2,86	4,2	6,0	5,0
31,59	2,83	4,2	6,0	5,0
31,62	2,79	4,2	6,0	5,0
31,64	2,76	4,2	6,0	5,0
31,67	2,74	4,2	6,0	5,0
31,69	2,71	4,2	6,0	5,0
31,72	2,68	4,2	6,0	5,0
31,74	2,65	4,2	6,0	5,0
31,77	2,63	4,2	6,0	5,0
31,79	2,61	4,2	6,0	5,0
31,81	2,58	4,2	6,0	5,0
31,84	2,55	4,2	6,0	5,0
31,86	2,51	4,2	6,0	5,0
31,89	2,48	4,2	6,0	5,0
31,91	2,45	4,2	6,0	5,0
31,94	2,42	4,2	6,0	5,0
31,96	2,39	4,2	6,0	5,0
31,99	2,36	4,2	6,0	5,0
32,01	2,32	4,2	6,0	5,0
32,03	2,29	4,2	6,0	5,0
32,06	2,26	4,2	6,0	5,0
32,08	2,24	4,2	6,0	5,0
32,11	2,21	4,2	6,0	5,0
32,13	2,18	4,2	6,0	5,0
32,16	2,14	4,2	6,0	5,0
32,18	2,12	4,2	6,0	5,0
32,20	2,09	4,2	6,0	5,0
32,23	2,06	4,2	6,0	5,0
32,25	2,03	4,2	6,0	5,0
32,28	1,99	4,2	6,0	5,0
32,30	1,96	4,2	6,0	5,0
32,33	1,92	4,2	6,0	5,0
32,35	1,91	4,2	6,0	5,0
32,38	1,88	4,2	6,0	5,0
32,40	1,84	4,2	6,0	5,0
32,42	1,81	4,2	6,0	5,0
32,45	1,78	4,2	6,0	5,0
32,47	1,75	4,2	6,0	5,0
32,50	1,72	4,2	6,0	5,0
32,52	1,70	4,2	6,0	5,0
32,55	1,68	4,2	6,0	5,0
32,57	1,64	4,2	6,0	5,0
32,60	1,61	4,2	6,0	5,0
32,62	1,59	4,2	6,0	5,0
32,64	1,57	4,2	6,0	5,0
32,67	1,54	4,2	6,0	5,0
32,69	1,50	4,2	6,0	5,0
32,72	1,47	4,2	6,0	5,0
32,74	1,44	4,2	6,0	5,0
32,77	1,41	4,2	6,0	5,0
32,79	1,39	4,2	6,0	5,0
32,82	1,37	4,2	6,0	5,0
32,84	1,34	4,2	6,0	5,0
32,86	1,32	4,2	6,0	5,0
32,89	1,30	4,2	6,0	5,0
32,91	1,28	4,2	6,0	5,0
32,94	1,25	4,2	6,0	5,0
32,96	1,23	4,2	6,0	5,0
32,99	1,21	4,2	6,0	5,0
33,01	1,18	4,2	6,0	5,0
33,04	1,16	4,2	6,0	5,0
33,06	1,15	4,2	6,0	5,0
33,08	1,12	4,2	6,0	5,0
33,11	1,10	4,2	6,0	5,0
33,13	1,07	4,2	6,0	5,0
33,16	1,05	4,2	6,0	5,0
33,18	1,02	4,2	6,0	5,0
33,21	1,00	4,2	6,0	5,0
33,23	0,98	4,2	6,0	5,0
33,26	0,96	4,2	6,0	5,0
33,28	0,94	4,2	6,0	5,0
33,30	0,93	4,2	6,0	5,0
33,33	0,91	4,2	6,0	5,0
33,35	0,90	4,2	6,0	5,0
33,38	0,87	4,2	6,0	5,0
33,40	0,86	4,2	6,0	5,0
33,43	0,84	4,2	6,0	5,0
33,45	0,82	4,2	6,0	5,0
33,47	0,81	4,2	6,0	5,0
33,50	0,79	4,2	6,0	5,0
33,52	0,78	4,2	6,0	5,0
33,55	0,76	4,2	6,0	5,0
33,57	0,74	4,2	6,0	5,0
33,60	0,71	4,2	6,0	5,0
33,62	0,70	4,2	6,0	5,0
33,65	0,69	4,2	6,0	5,0
33,67	0,68	4,2	6,0	5,0
33,69	0,66	4,2	6,0	5,0
33,72	0,64	4,2	6,0	5,0
33,74	0,64	4,2	6,0	5,0
33,77	0,63	4,2	6,0	5,0
33,79	0,62	4,2	6,0	5,0
33,82	0,61	4,2	6,0	5,0
33,84	0,60	4,2	6,0	5,0
33,87	0,58	4,2	6,0	5,0
33,89	0,57	4,2	6,0	5,0
33,91	0,57	4,2	6,0	5,0
33,94	0,57	4,2	6,0	5,0
33,96	0,55	4,2	6,0	5,0
33,99	0,55	4,2	6,0	5,0
34,01	0,54	4,2	6,0	5,0
34,04	0,54	4,2	6,0	5,0
34,06	0,53	4,2	6,0	5,0
34,09	0,54	4,2	6,0	5,0
34,11	0,54	4,2	6,0	5,0
34,13	0,53	4,2	6,0	5,0
34,16	0,52	4,2	6,0	5,0
34,18	0,53	4,2	6,0	5,0
34,21	0,53	4,2	6,0	5,0
34,23	0,54	4,2	6,0	5,0
34,26	0,54	4,2	6,0	5,0
34,28	0,54	4,2	6,0	5,0
34,31	0,54	4,2	6,0	5,0
34,33	0,55	4,2	6,0	5,0
34,35	0,56	4,2	6,0	5,0
34,38	0,57	4,2	6,0	5,0
34,40	0,57	4,2	6,0	5,0
34,43	0,58	4,2	6,0	5,0
34,45	0,58	4,2	6,0	5,0
34,48	0,58	4,2	6,0	5,0
34,50	0,59	4,2	6,0	5,0
34,52	0,61	4,2	6,0	5,0
34,55	0,63	4,2	6,0	5,0
34,57	0,63	4,2	6,0	5,0
34,60	0,64	4,2	6,0	5,0
34,62	0,66	4,2	6,0	5,0
34,65	0,67	4,2	6,0	5,0
34,67	0,69	4,2	6,0	5,0
34,70	0,70	4,2	6,0	5,0
34,72	0,71	4,2	6,0	5,0
34,74	0,72	4,2	6,0	5,0
34,77	0,73	4,2	6,0	5,0
34,79	0,75	4,2	6,0	5,0
34,82	0,77	4,2	6,0	5,0
34,84	0,78	4,2	6,0	5,0
34,87	0,79	4,2	6,0	5,0
34,89	0,79	4,2	6,0	5,0
34,92	0,81	4,2	6,0	5,0
34,94	0,83	4,2	6,0	5,0
34,96	0,85	4,2	6,0	5,0
34,99	0,86	4,2	6,0	5,0
35,01	0,87	4,2	6,0	5,0
35,04	0,90	4,2	6,0	5,0
35,06	0,92	4,2	6,0	5,0
35,09	0,94	4,2	6,0	5,0
35,11	0,96	4,2	6,0	5,0
35,14	0,97	4,2	6,0	5,0
35,16	0,98	4,2	6,0	5,0
35,18	0,99	4,2	6,0	5,0
35,21	1,02	4,2	6,0	5,0
35,23	1,04	4,2	6,0	5,0
35,26	1,05	4,2	6,0	5,0
35,28	1,06	4,2	6,0	5,0
35,31	1,08	4,2	6,0	5,0
35,33	1,09	4,2	6,0	5,0
35,36	1,11	4,2	6,0	5,0
35,38	1,13	4,2	6,0	5,0
35,40	1,15	4,2	6,0	5,0
35,43	1,16	4,2	6,0	5,0
35,45	1,18	4,2	6,0	5,0
35,48	1,20	4,2	6,0	5,0
35,50	1,23	4,2	6,0	5,0
35,53	1,25	4,2	6,0	5,0
35,55	1,26	4,2	6,0	5,0
35,57	1,27	4,2	6,0	5,0
35,60	1,29	4,2	6,0	5,0
35,62	1,30	4,2	6,0	5,0
35,65	1,33	4,2	6,0	5,0
35,67	1,35	4,2	6,0	5,0
35,70	1,36	4,2	6,0	5,0
35,72	1,38	4,2	6,0	5,0
35,75	1,40	4,2	6,0	5,0
35,77	1,42	4,2	6,0	5,0
35,79	1,44	4,2	6,0	5,0
35,82	1,47	4,2	6,0	5,0
35,84	1,49	4,2	6,0	5,0
35,87	1,50	4,2	6,0	5,0
35,89	1,52	4,2	6,0	5,0
35,92	1,55	4,2	6,0	5,0
35,94	1,58	4,2	6,0	5,0
35,97	1,60	4,2	6,0	5,0
35,99	1,62	4,2	6,0	5,0
36,01	1,64	4,2	6,0	5,0
36,04	1,66	4,2	6,0	5,0
36,06	1,68	4,2	6,0	5,0
36,09	1,71	4,2	6,0	5,0
36,11	1,73	4,2	6,0	5,0
36,14	1,75	4,2	6,0	5,0
36,16	1,77	4,2	6,0	5,0
36,19	1,81	4,2	6,0	5,0
36,21	1,85	4,2	6,0	5,0
36,23	1,88	4,2	6,0	5,0
36,26	1,91	4,2	6,0	5,0
36,28	1,94	4,2	6,0	5,0
36,31	1,96	4,2	6,0	5,0
36,33	1,99	4,2	6,0	5,0
36,36	2,02	4,2	6,0	5,0
36,38	2,05	4,2	6,0	5,0
36,41	2,08	4,2	6,0	5,0
36,43	2,10	4,2	6,0	5,0
36,45	2,13	4,2	6,0	5,0
36,48	2,15	4,2	6,0	5,0
36,50	2,18	4,2	6,0	5,0
36,53	2,22	4,2	6,0	5,0
36,55	2,24	4,2	6,0	5,0
36,58	2,27	4,2	6,0	5,0
36,60	2,31	4,2	6,0	5,0
36,62	2,33	4,2	6,0	5,0
36,65	2,37	4,2	6,0	5,0
36,67	2,40	4,2	6,0	5,0
36,70	2,43	4,2	6,0	5,0
36,72	2,46	4,2	6,0	5,0
36,75	2,49	4,2	6,0	5,0
36,77	2,53	4,2	6,0	5,0
36,80	2,55	4,2	6,0	5,0
36,82	2,58	4,2	6,0	5,0
36,84	2,61	4,2	6,0	5,0
36,87	2,63	4,2	6,0	5,0
36,89	2,66	4,2	6,0	5,0
36,92	2,69	4,2	6,0	5,0
36,94	2,73	4,2	6,0	5,0
36,97	2,76	4,2	6,0	5,0
36,99	2,79	4,2	6,0	5,0
37,02	2,81	4,2	6,0	5,0
37,04	2,85	4,2	6,0	5,0
37,06	2,88	4,2	6,0	5,0
37,09	2,92	4,2	6,0	5,0
37,11	2,95	4,2	6,0	5,0
37,14	2,98	4,2	6,0	5,0
37,16	3,00	4,2	6,0	5,0
37,19	3,03	4,2	6,0	5,0
37,21	3,07	4,2	6,0	5,0
37,24	3,10	4,2	6,0	5,0
37,26	3,13	4,2	6,0	5,0
37,28	3,16	4,2	6,0	5,0
37,31	3,18	4,2	6,0	5,0
37,33	3,22	4,2	6,0	5,0
37,36	3,25	4,2	6,0	5,0
37,38	3,29	4,2	6,0	5,0
37,41	3,32	4,2	6,0	5,0
37,43	3,35	4,2	6,0	5,0
37,46	3,38	4,2	6,0	5,0
37,48	3,41	4,2	6,0	5,0
37,50	3,45	4,2	6,0	5,0
37,53	3,48	4,2	6,0	5,0
37,55	3,51	4,2	6,0	5,0
37,58	3,54	4,2	6,0	5,0
37,60	3,56	4,2	6,0	5,0
37,63	3,59	4,2	6,0	5,0
37,65	3,64	4,2	6,0	5,0
37,68	3,67	4,2	6,0	5,0
37,70	3,69	4,2	6,0	5,0
37,72	3,72	4,2	6,0	5,0
37,75	3,75	4,2	6,0	5,0
37,77	3,78	4,2	6,0	5,0
37,80	3,81	4,2	6,0	5,0
37,82	3,85	4,2	6,0	5,0
37,85	3,89	4,2	6,0	5,0
37,87	3,91	4,2	6,0	5,0
37,89	3,95	4,2	6,0	5,0
37,92	3,99	4,2	6,0	5,0
37,94	4,02	4,2	6,0	5,0
37,97	4,05	4,2	6,0	5,0
37,99	4,08	4,2	6,0	5,0
38,02	4,11	4,2	6,0	5,0
38,04	4,14	4,2	6,0	5,0
38,07	4,17	4,2	6,0	5,0
38,09	4,21	4,2	6,0	5,0
38,11	4,24	4,2	6,0	5,0
38,14	4,27	4,2	6,0	5,0
38,16	4,30	4,2	6,0	5,0
38,19	4,33	4,2	6,0	5,0
38,21	4,37	4,2	6,0	5,0
38,24	4,41	4,2	6,0	5,0
38,26	4,44	4,2	6,0	5,0
38,29	4,47	4,2	6,0	5,0
38,31	4,50	4,2	6,0	5,0
38,33	4,54	4,2	6,0	5,0
38,36	4,57	4,2	6,0	5,0
38,38	4,61	4,2	6,0	5,0
38,41	4,65	4,2	6,0	5,0
38,43	4,68	4,2	6,0	5,0
38,46	4,71	4,2	6,0	5,0
38,48	4,74	4,2	6,0	5,0
38,51	4,79	4,2	6,0	5,0
38,53	4,82	4,2	6,0	5,0
38,55	4,85	4,2	6,0	5,0
38,58	4,88	4,2	6,0	5,0
38,60	4,91	4,2	6,0	5,0
38,63	4,94	4,2	6,0	5,0
38,65	4,98	4,2	6,0	5,0
38,68	5,01	4,2	6,0	5,0
38,70	5,05	4,2	6,0	5,0
38,73	5,07	4,2	6,0	5,0
38,75	5,11	4,2	6,0	5,0
38,77	5,14	4,2	6,0	5,0
38,80	5,18	4,2	6,0	5,0
38,82	5,21	4,2	6,0	5,0
38,85	5,24	4,2	6,0	5,0
38,87	5,26	4,2	6,0	5,0
38,90	5,29	4,2	6,0	5,0
38,92	5,32	4,2	6,0	5,0
38,94	5,36	4,2	6,0	5,0
38,97	5,39	4,2	6,0	5,0
38,99	5,41	4,2	6,0	5,0
39,02	5,44	4,2	6,0	5,0
39,04	5,47	4,2	6,0	5,0
39,07	5,51	4,2	6,0	5,0
39,09	5,53	4,2	6,0	5,0
39,12	5,58	4,2	6,0	5,0
39,14	5,61	4,2	6,0	5,0
39,16	5,64	4,2	6,0	5,0
39,19	5,67	4,2	6,0	5,0
39,21	5,71	4,2	6,0	5,0
39,24	5,74	4,2	6,0	5,0
39,26	5,77	4,2	6,0	5,0
39,29	5,78	4,2	6,0	5,0
39,31	5,81	4,2	6,0	5,0
39,34	5,83	4,2	6,0	5,0
39,36	5,86	4,2	6,0	5,0
39,38	5,90	4,2	6,0	5,0
39,41	5,93	4,2	6,0	5,0
39,43	5,96	4,2	6,0	5,0
39,46	5,99	4,2	6,0	5,0
39,48	6,03	4,2	6,0	5,0
39,51	6,07	4,2	6,0	5,0
39,53	6,10	4,2	6,0	5,0
39,56	6,14	4,2	6,0	5,0
39,58	6,17	4,2	6,0	5,0
39,60	6,20	4,2	6,0	5,0
39,63	6,23	4,2	6,0	5,0
39,65	6,27	4,2	6,0	5,0
39,68	6,29	4,2	6,0	5,0
39,70	6,32	4,2	6,0	5,0
39,73	6,34	4,2	6,0	5,0
39,75	6,36	4,2	6,0	5,0
39,78	6,39	4,2	6,0	5,0
39,80	6,43	4,2	6,0	5,0
39,82	6,46	4,2	6,0	5,0
39,85	6,48	4,2	6,0	5,0
39,87	6,51	4,2	6,0	5,0
39,90	6,56	4,2	6,0	5,0
39,92	6,58	4,2	6,0	5,0
39,95	6,63	4,2	6,0	5,0
39,97	6,66	4,2	6,0	5,0
39,99	6,69	4,2	6,0	5,0
40,02	6,71	4,2	6,0	5,0
40,04	6,74	4,2	6,0	5,0
40,07	6,77	4,2	6,0	5,0
40,09	6,80	4,2	6,0	5,0
40,12	6,82	4,2	6,0	5,0
40,14	6,85	4,2	6,0	5,0
40,17	6,87	4,2	6,0	5,0
40,19	6,89	4,2	6,0	5,0
40,21	6,93	4,2	6,0	5,0
40,24	6,96	4,2	6,0	5,0
40,26	6,99	4,2	6,0	5,0
40,29	7,02	4,2	6,0	5,0
40,31	7,04	4,2	6,0	5,0
40,34	7,07	4,2	6,0	5,0
40,36	7,11	4,2	6,0	5,0
40,39	7,13	4,2	6,0	5,0
40,41	7,16	4,2	6,0	5,0
40,43	7,19	4,2	6,0	5,0
40,46	7,21	4,2	6,0	5,0
40,48	7,24	4,2	6,0	5,0
40,51	7,27	4,2	6,0	5,0
40,53	7,30	4,2	6,0	5,0
40,56	7,32	4,2	6,0	5,0
40,58	7,35	4,2	6,0	5,0
40,61	7,37	4,2	6,0	5,0
40,63	7,40	4,2	6,0	5,0
40,65	7,43	4,2	6,0	5,0
40,68	7,47	4,2	6,0	5,0
40,70	7,49	4,2	6,0	5,0
40,73	7,51	4,2	6,0	5,0
40,75	7,54	4,2	6,0	5,0
40,78	7,58	4,2	6,0	5,0
40,80	7,60	4,2	6,0	5,0
40,83	7,63	4,2	6,0	5,0
40,85	7,65	4,2	6,0	5,0
40,87	7,68	4,2	6,0	5,0
40,90	7,69	4,2	6,0	5,0
40,92	7,72	4,2	6,0	5,0
40,95	7,76	4,2	6,0	5,0
40,97	7,78	4,2	6,0	5,0
41,00	7,80	4,2	6,0	5,0
41,02	7,82	4,2	6,0	5,0
41,05	7,84	4,2	6,0	5,0
41,07	7,87	4,2	6,0	5,0
41,09	7,90	4,2	6,0	5,0
41,12	7,93	4,2	6,0	5,0
41,14	7,95	4,2	6,0	5,0
41,17	7,98	4,2	6,0	5,0
41,19	8,01	4,2	6,0	5,0
41,22	8,04	4,2	6,0	5,0
41,24	8,06	4,2	6,0	5,0
41,26	8,09	4,2	6,0	5,0
41,29	8,11	4,2	6,0	5,0
41,31	8,14	4,2	6,0	5,0
41,34	8,16	4,2	6,0	5,0
41,36	8,19	4,2	6,0	5,0
41,39	8,22	4,2	6,0	5,0
41,41	8,23	4,2	6,0	5,0
41,44	8,25	4,2	6,0	5,0
41,46	8,28	4,2	6,0	5,0
41,48	8,30	4,2	6,0	5,0
41,51	8,32	4,2	6,0	5,0
41,53	8,35	4,2	6,0	5,0
41,56	8,38	4,2	6,0	5,0
41,58	8,40	4,2	6,0	5,0
41,61	8,42	4,2	6,0	5,0
41,63	8,45	4,2	6,0	5,0
41,66	8,47	4,2	6,0	5,0
41,68	8,50	4,2	6,0	5,0
41,70	8,52	4,2	6,0	5,0
41,73	8,54	4,2	6,0	5,0
41,75	8,56	4,2	6,0	5,0
41,78	8,59	4,2	6,0	5,0
41,80	8,62	4,2	6,0	5,0
41,83	8,64	4,2	6,0	5,0
41,85	8,65	4,2	6,0	5,0
41,88	8,67	4,2	6,0	5,0
41,90	8,69	4,2	6,0	5,0
41,92	8,72	4,2	6,0	5,0
41,95	8,74	4,2	6,0	5,0
41,97	8,77	4,2	6,0	5,0
42,00	8,79	4,2	6,0	5,0
42,02	8,80	4,2	6,0	5,0
42,05	8,83	4,2	6,0	5,0
42,07	8,86	4,2	6,0	5,0
42,10	8,88	4,2	6,0	5,0
42,12	8,90	4,2	6,0	5,0
42,14	8,91	4,2	6,0	5,0
42,17	8,94	4,2	6,0	5,0
42,19	8,95	4,2	6,0	5,0
42,22	8,97	4,2	6,0	5,0
42,24	9,00	4,2	6,0	5,0
42,27	9,02	4,2	6,0	5,0
42,29	9,03	4,2	6,0	5,0
42,31	9,05	4,2	6,0	5,0
42,34	9,07	4,2	6,0	5,0
42,36	9,10	4,2	6,0	5,0
42,39	9,11	4,2	6,0	5,0
42,41	9,14	4,2	6,0	5,0
42,44	9,16	4,2	6,0	5,0
42,46	9,17	4,2	6,0	5,0
42,49	9,20	4,2	6,0	5,0
42,51	9,23	4,2	6,0	5,0
42,53	9,24	4,2	6,0	5,0
42,56	9,26	4,2	6,0	5,0
42,58	9,26	4,2	6,0	5,0
42,61	9,28	4,2	6,0	5,0
42,63	9,29	4,2	6,0	5,0
42,66	9,32	4,2	6,0	5,0
42,68	9,34	4,2	6,0	5,0
42,71	9,35	4,2	6,0	5,0
42,73	9,37	4,2	6,0	5,0
42,75	9,39	4,2	6,0	5,0
42,78	9,40	4,2	6,0	5,0
42,80	9,43	4,2	6,0	5,0
42,83	9,45	4,2	6,0	5,0
42,85	9,47	4,2	6,0	5,0
42,88	9,48	4,2	6,0	5,0
42,90	9,50	4,2	6,0	5,0
42,93	9,52	4,2	6,0	5,0
42,95	9,54	4,2	6,0	5,0
42,97	9,55	4,2	6,0	5,0
43,00	9,57	4,2	6,0	5,0
43,02	9,57	4,2	6,0	5,0
43,05	9,58	4,2	6,0	5,0
43,07	9,60	4,2	6,0	5,0
43,10	9,62	4,2	6,0	5,0
43,12	9,64	4,2	6,0	5,0
43,15	9,65	4,2	6,0	5,0
43,17	9,66	4,2	6,0	5,0
43,19	9,69	4,2	6,0	5,0
43,22	9,70	4,2	6,0	5,0
43,24	9,73	4,2	6,0	5,0
43,27	9,74	4,2	6,0	5,0
43,29	9,75	4,2	6,0	5,0
43,32	9,76	4,2	6,0	5,0
43,34	9,78	4,2	6,0	5,0
43,36	9,80	4,2	6,0	5,0
43,39	9,82	4,2	6,0	5,0
43,41	9,82	4,2	6,0	5,0
43,44	9,84	4,2	6,0	5,0
43,46	9,84	4,2	6,0	5,0
43,49	9,86	4,2	6,0	5,0
43,51	9,88	4,2	6,0	5,0
43,54	9,91	4,2	6,0	5,0
43,56	9,92	4,2	6,0	5,0
43,58	9,92	4,2	6,0	5,0
43,61	9,94	4,2	6,0	5,0
43,63	9,96	4,2	6,0	5,0
43,66	9,98	4,2	6,0	5,0
43,68	9,99	4,2	6,0	5,0
43,71	10,00	4,2	6,0	5,0
43,73	10,01	4,2	6,0	5,0
43,76	10,02	4,2	6,0	5,0
43,78	10,03	4,2	6,0	5,0
43,80	10,05	4,2	6,0	5,0
43,83	10,07	4,2	6,0	5,0
43,85	10,07	4,2	6,0	5,0
43,88	10,08	4,2	6,0	5,0
43,90	10,09	4,2	6,0	5,0
43,93	10,11	4,2	6,0	5,0
43,95	10,12	4,2	6,0	5,0
43,98	10,14	4,2	6,0	5,0
44,00	10,15	4,2	6,0	5,0
44,02	10,16	4,2	6,0	5,0
44,05	10,17	4,2	6,0	5,0
44,07	10,19	4,2	6,0	5,0
44,10	10,20	4,2	6,0	5,0
44,12	10,21	4,2	6,0	5,0
44,15	10,21	4,2	6,0	5,0
44,17	10,22	4,2	6,0	5,0
44,20	10,23	4,2	6,0	5,0
44,22	10,24	4,2	6,0	5,0
44,24	10,26	4,2	6,0	5,0
44,27	10,26	4,2	6,0	5,0
44,29	10,28	4,2	6,0	5,0
44,32	10,28	4,2	6,0	5,0
44,34	10,29	4,2	6,0	5,0
44,37	10,31	4,2	6,0	5,0
44,39	10,32	4,2	6,0	5,0
44,41	10,34	4,2	6,0	5,0
44,44	10,34	4,2	6,0	5,0
44,46	10,35	4,2	6,0	5,0
44,49	10,36	4,2	6,0	5,0
44,51	10,38	4,2	6,0	5,0
44,54	10,39	4,2	6,0	5,0
44,56	10,39	4,2	6,0	5,0
44,59	10,40	4,2	6,0	5,0
44,61	10,40	4,2	6,0	5,0
44,63	10,41	4,2	6,0	5,0
44,66	10,43	4,2	6,0	5,0
44,68	10,44	4,2	6,0	5,0
44,71	10,44	4,2	6,0	5,0
44,73	10,45	4,2	6,0	5,0
44,76	10,46	4,2	6,0	5,0
44,78	10,47	4,2	6,0	5,0
44,81	10,48	4,2	6,0	5,0
44,83	10,49	4,2	6,0	5,0
44,85	10,50	4,2	6,0	5,0
44,88	10,51	4,2	6,0	5,0
44,90	10,51	4,2	6,0	5,0
44,93	10,53	4,2	6,0	5,0
44,95	10,54	4,2	6,0	5,0
44,98	10,55	4,2	6,0	5,0
45,00	10,55	4,2	6,0	5,0
45,03	10,56	4,2	6,0	5,0
45,05	10,55	4,2	6,0	5,0
45,07	10,56	4,2	6,0	5,0
45,10	10,58	4,2	6,0	5,0
45,12	10,58	4,2	6,0	5,0
45,15	10,58	4,2	6,0	5,0
45,17	10,59	4,2	6,0	5,0
45,20	10,60	4,2	6,0	5,0
45,22	10,61	4,2	6,0	5,0
45,25	10,62	4,2	6,0	5,0
45,27	10,64	4,2	6,0	5,0
45,29	10,64	4,2	6,0	5,0
45,32	10,64	4,2	6,0	5,0
45,34	10,65	4,2	6,0	5,0
45,37	10,66	4,2	6,0	5,0
45,39	10,66	4,2	6,0	5,0
45,42	10,67	4,2	6,0	5,0
45,44	10,67	4,2	6,0	5,0
45,47	10,67	4,2	6,0	5,0
45,49	10,67	4,2	6,0	5,0
45,51	10,68	4,2	6,0	5,0
45,54	10,69	4,2	6,0	5,0
45,56	10,69	4,2	6,0	5,0
45,59	10,69	4,2	6,0	5,0
45,61	10,70	4,2	6,0	5,0
45,64	10,70	4,2	6,0	5,0
45,66	10,72	4,2	6,0	5,0
45,68	10,72	4,2	6,0	5,0
45,71	10,73	4,2	6,0	5,0
45,73	10,73	4,2	6,0	5,0
45,76	10,74	4,2	6,0	5,0
45,78	10,75	4,2	6,0	5,0
45,81	10,76	4,2	6,0	5,0
45,83	10,75	4,2	6,0	5,0
45,86	10,76	4,2	6,0	5,0
45,88	10,75	4,2	6,0	5,0
45,90	10,76	4,2	6,0	5,0
45,93	10,76	4,2	6,0	5,0
45,95	10,77	4,2	6,0	5,0
45,98	10,78	4,2	6,0	5,0
46,00	10,78	4,2	6,0	5,0
46,03	10,79	4,2	6,0	5,0
46,05	10,79	4,2	6,0	5,0
46,08	10,79	4,2	6,0	5,0
46,10	10,80	4,2	6,0	5,0
46,12	10,81	4,2	6,0	5,0
46,15	10,82	4,2	6,0	5,0
46,17	10,82	4,2	6,0	5,0
46,20	10,82	4,2	6,0	5,0
46,22	10,83	4,2	6,0	5,0
46,25	10,83	4,2	6,0	5,0
46,27	10,83	4,2	6,0	5,0
46,30	10,83	4,2	6,0	5,0
46,32	10,82	4,2	6,0	5,0
46,34	10,82	4,2	6,0	5,0
46,37	10,83	4,2	6,0	5,0
46,39	10,83	4,2	6,0	5,0
46,42	10,83	4,2	6,0	5,0
46,44	10,83	4,2	6,0	5,0
46,47	10,83	4,2	6,0	5,0
46,49	10,84	4,2	6,0	5,0
46,52	10,83	4,2	6,0	5,0
46,54	10,84	4,2	6,0	5,0
46,56	10,84	4,2	6,0	5,0
46,59	10,84	4,2	6,0	5,0
46,61	10,83	4,2	6,0	5,0
46,64	10,83	4,2	6,0	5,0
46,66	10,84	4,2	6,0	5,0
46,69	10,84	4,2	6,0	5,0
46,71	10,83	4,2	6,0	5,0
46,73	10,82	4,2	6,0	5,0
46,76	10,82	4,2	6,0	5,0
46,78	10,81	4,2	6,0	5,0
46,81	10,81	4,2	6,0	5,0
46,83	10,82	4,2	6,0	5,0
46,86	10,81	4,2	6,0	5,0
46,88	10,80	4,2	6,0	5,0
46,91	10,79	4,2	6,0	5,0
46,93	10,80	4,2	6,0	5,0
46,95	10,79	4,2	6,0	5,0
46,98	10,79	4,2	6,0	5,0
47,00	10,78	4,2	6,0	5,0
47,03	10,76	4,2	6,0	5,0
47,05	10,75	4,2	6,0	5,0
47,08	10,74	4,2	6,0	5,0
47,10	10,73	4,2	6,0	5,0
47,13	10,72	4,2	6,0	5,0
47,15	10,70	4,2	6,0	5,0
47,17	10,69	4,2	6,0	5,0
47,20	10,67	4,2	6,0	5,0
47,22	10,66	4,2	6,0	5,0
47,25	10,65	4,2	6,0	5,0
47,27	10,64	4,2	6,0	5,0
47,30	10,62	4,2	6,0	5,0
47,32	10,60	4,2	6,0	5,0
47,35	10,59	4,2	6,0	5,0
47,37	10,57	4,2	6,0	5,0
47,39	10,55	4,2	6,0	5,0
47,42	10,53	4,2	6,0	5,0
47,44	10,51	4,2	6,0	5,0
47,47	10,48	4,2	6,0	5,0
47,49	10,45	4,2	6,0	5,0
47,52	10,43	4,2	6,0	5,0
47,54	10,41	4,2	6,0	5,0
47,57	10,38	4,2	6,0	5,0
47,59	10,35	4,2	6,0	5,0
47,61	10,32	4,2	6,0	5,0
47,64	10,30	4,2	6,0	5,0
47,66	10,28	4,2	6,0	5,0
47,69	10,25	4,2	6,0	5,0
47,71	10,23	4,2	6,0	5,0
47,74	10,19	4,2	6,0	5,0
47,76	10,17	4,2	6,0	5,0
47,78	10,14	4,2	6,0	5,0
47,81	10,11	4,2	6,0	5,0
47,83	10,08	4,2	6,0	5,0
47,86	10,04	4,2	6,0	5,0
47,88	10,01	4,2	6,0	5,0
47,91	9,97	4,2	6,0	5,0
47,93	9,95	4,2	6,0	5,0
47,96	9,92	4,2	6,0	5,0
47,98	9,89	4,2	6,0	5,0
48,00	9,86	4,2	6,0	5,0
48,03	9,83	4,2	6,0	5,0
48,05	9,80	4,2	6,0	5,0
48,08	9,78	4,2	6,0	5,0
48,10	9,75	4,2	6,0	5,0
48,13	9,72	4,2	6,0	5,0
48,15	9,69	4,2	6,0	5,0
48,18	9,66	4,2	6,0	5,0
48,20	9,63	4,2	6,0	5,0
48,22	9,61	4,2	6,0	5,0
48,25	9,56	4,2	6,0	5,0
48,27	9,54	4,2	6,0	5,0
48,30	9,50	4,2	6,0	5,0
48,32	9,48	4,2	6,0	5,0
48,35	9,44	4,2	6,0	5,0
48,37	9,41	4,2	6,0	5,0
48,40	9,39	4,2	6,0	5,0
48,42	9,35	4,2	6,0	5,0
48,44	9,32	4,2	6,0	5,0
48,47	9,29	4,2	6,0	5,0
48,49	9,26	4,2	6,0	5,0
48,52	9,24	4,2	6,0	5,0
48,54	9,20	4,2	6,0	5,0
48,57	9,17	4,2	6,0	5,0
48,59	9,14	4,2	6,0	5,0
48,62	9,10	4,2	6,0	5,0
48,64	9,08	4,2	6,0	5,0
48,66	9,05	4,2	6,0	5,0
48,69	9,01	4,2	6,0	5,0
48,71	8,98	4,2	6,0	5,0
48,74	8,94	4,2	6,0	5,0
48,76	8,91	4,2	6,0	5,0
48,79	8,88	4,2	6,0	5,0
48,81	8,85	4,2	6,0	5,0
48,84	8,82	4,2	6,0	5,0
48,86	8,79	4,2	6,0	5,0
48,88	8,74	4,2	6,0	5,0
48,91	8,72	4,2	6,0	5,0
48,93	8,68	4,2	6,0	5,0
48,96	8,65	4,2	6,0	5,0
48,98	8,62	4,2	6,0	5,0
49,01	8,58	4,2	6,0	5,0
49,03	8,55	4,2	6,0	5,0
49,05	8,51	4,2	6,0	5,0
49,08	8,48	4,2	6,0	5,0
49,10	8,45	4,2	6,0	5,0
49,13	8,40	4,2	6,0	5,0
49,15	8,37	4,2	6,0	5,0
49,18	8,33	4,2	6,0	5,0
49,20	8,30	4,2	6,0	5,0
49,23	8,26	4,2	6,0	5,0
49,25	8,23	4,2	6,0	5,0
49,27	8,19	4,2	6,0	5,0
49,30	8,15	4,2	6,0	5,0
49,32	8,11	4,2	6,0	5,0
49,35	8,07	4,2	6,0	5,0
49,37	8,04	4,2	6,0	5,0
49,40	8,00	4,2	6,0	5,0
49,42	7,96	4,2	6,0	5,0
49,45	7,92	4,2	6,0	5,0
49,47	7,87	4,2	6,0	5,0
49,49	7,84	4,2	6,0	5,0
49,52	7,81	4,2	6,0	5,0
49,54	7,77	4,2	6,0	5,0
49,57	7,72	4,2	6,0	5,0
49,59	7,68	4,2	6,0	5,0
49,62	7,64	4,2	6,0	5,0
49,64	7,61	4,2	6,0	5,0
49,67	7,57	4,2	6,0	5,0
49,69	7,54	4,2	6,0	5,0
49,71	7,50	4,2	6,0	5,0
49,74	7,46	4,2	6,0	5,0
49,76	7,42	4,2	6,0	5,0
49,79	7,39	4,2	6,0	5,0
49,81	7,34	4,2	6,0	5,0
49,84	7,32	4,2	6,0	5,0
49,86	7,27	4,2	6,0	5,0
49,89	7,23	4,2	6,0	5,0
49,91	7,18	4,2	6,0	5,0
49,93	7,15	4,2	6,0	5,0
49,96	7,12	4,2	6,0	5,0
49,98	7,07	4,2	6,0	5,0
50,01	7,03	4,2	6,0	5,0
50,03	7,00	4,2	6,0	5,0
50,06	6,96	4,2	6,0	5,0
50,08	6,93	4,2	6,0	5,0
50,10	6,90	4,2	6,0	5,0
50,13	6,87	4,2	6,0	5,0
50,15	6,82	4,2	6,0	5,0
50,18	6,79	4,2	6,0	5,0
50,20	6,76	4,2	6,0	5,0
50,23	6,72	4,2	6,0	5,0
50,25	6,68	4,2	6,0	5,0
50,28	6,65	4,2	6,0	5,0
50,30	6,61	4,2	6,0	5,0
50,32	6,57	4,2	6,0	5,0
50,35	6,54	4,2	6,0	5,0
50,37	6,51	4,2	6,0	5,0
50,40	6,48	4,2	6,0	5,0
50,42	6,44	4,2	6,0	5,0
50,45	6,39	4,2	6,0	5,0
50,47	6,37	4,2	6,0	5,0
50,50	6,34	4,2	6,0	5,0
50,52	6,32	4,2	6,0	5,0
50,54	6,28	4,2	6,0	5,0
50,57	6,24	4,2	6,0	5,0
50,59	6,21	4,2	6,0	5,0
50,62	6,18	4,2	6,0	5,0
50,64	6,15	4,2	6,0	5,0
50,67	6,12	4,2	6,0	5,0
50,69	6,09	4,2	6,0	5,0
50,72	6,06	4,2	6,0	5,0
50,74	6,02	4,2	6,0	5,0
50,76	5,99	4,2	6,0	5,0
50,79	5,96	4,2	6,0	5,0
50,81	5,94	4,2	6,0	5,0
50,84	5,91	4,2	6,0	5,0
50,86	5,88	4,2	6,0	5,0
50,89	5,85	4,2	6,0	5,0
50,91	5,82	4,2	6,0	5,0
50,94	5,80	4,2	6,0	5,0
50,96	5,78	4,2	6,0	5,0
50,98	5,75	4,2	6,0	5,0
51,01	5,73	4,2	6,0	5,0
51,03	5,69	4,2	6,0	5,0
51,06	5,67	4,2	6,0	5,0
51,08	5,65	4,2	6,0	5,0
51,11	5,63	4,2	6,0	5,0
51,13	5,60	4,2	6,0	5,0
51,15	5,58	4,2	6,0	5,0
51,18	5,56	4,2	6,0	5,0
51,20	5,54	4,2	6,0	5,0
51,23	5,52	4,2	6,0	5,0
51,25	5,51	4,2	6,0	5,0
51,28	5,49	4,2	6,0	5,0
51,30	5,46	4,2	6,0	5,0
51,33	5,44	4,2	6,0	5,0
51,35	5,43	4,2	6,0	5,0
51,37	5,42	4,2	6,0	5,0
51,40	5,41	4,2	6,0	5,0
51,42	5,39	4,2	6,0	5,0
51,45	5,37	4,2	6,0	5,0
51,47	5,34	4,2	6,0	5,0
51,50	5,33	4,2	6,0	5,0
51,52	5,32	4,2	6,0	5,0
51,55	5,29	4,2	6,0	5,0
51,57	5,27	4,2	6,0	5,0
51,59	5,26	4,2	6,0	5,0
51,62	5,24	4,2	6,0	5,0
51,64	5,23	4,2	6,0	5,0
51,67	5,22	4,2	6,0	5,0
51,69	5,22	4,2	6,0	5,0
51,72	5,19	4,2	6,0	5,0
51,74	5,17	4,2	6,0	5,0
51,77	5,16	4,2	6,0	5,0
51,79	5,15	4,2	6,0	5,0
51,81	5,14	4,2	6,0	5,0
51,84	5,12	4,2	6,0	5,0
51,86	5,11	4,2	6,0	5,0
51,89	5,08	4,2	6,0	5,0
51,91	5,07	4,2	6,0	5,0
51,94	5,06	4,2	6,0	5,0
51,96	5,05	4,2	6,0	5,0
51,99	5,03	4,2	6,0	5,0
52,01	5,01	4,2	6,0	5,0
52,03	5,00	4,2	6,0	5,0
52,06	4,98	4,2	6,0	5,0
52,08	4,97	4,2	6,0	5,0
52,11	4,97	4,2	6,0	5,0
52,13	4,95	4,2	6,0	5,0
52,16	4,94	4,2	6,0	5,0
52,18	4,91	4,2	6,0	5,0
52,20	4,91	4,2	6,0	5,0
52,23	4,89	4,2	6,0	5,0
52,25	4,89	4,2	6,0	5,0
52,28	4,87	4,2	6,0	5,0
52,30	4,85	4,2	6,0	5,0
52,33	4,84	4,2	6,0	5,0
52,35	4,82	4,2	6,0	5,0
52,38	4,82	4,2	6,0	5,0
52,40	4,81	4,2	6,0	5,0
52,42	4,79	4,2	6,0	5,0
52,45	4,78	4,2	6,0	5,0
52,47	4,77	4,2	6,0	5,0
52,50	4,78	4,2	6,0	5,0
52,52	4,77	4,2	6,0	5,0
52,55	4,77	4,2	6,0	5,0
52,57	4,76	4,2	6,0	5,0
52,60	4,74	4,2	6,0	5,0
52,62	4,74	4,2	6,0	5,0
52,64	4,73	4,2	6,0	5,0
52,67	4,73	4,2	6,0	5,0
52,69	4,73	4,2	6,0	5,0
52,72	4,71	4,2	6,0	5,0
52,74	4,71	4,2	6,0	5,0
52,77	4,69	4,2	6,0	5,0
52,79	4,70	4,2	6,0	5,0
52,82	4,69	4,2	6,0	5,0
52,84	4,69	4,2	6,0	5,0
52,86	4,68	4,2	6,0	5,0
52,89	4,68	4,2	6,0	5,0
52,91	4,68	4,2	6,0	5,0
52,94	4,69	4,2	6,0	5,0
52,96	4,69	4,2	6,0	5,0
52,99	4,70	4,2	6,0	5,0
53,01	4,69	4,2	6,0	5,0
53,04	4,69	4,2	6,0	5,0
53,06	4,70	4,2	6,0	5,0
53,08	4,71	4,2	6,0	5,0
53,11	4,70	4,2	6,0	5,0
53,13	4,71	4,2	6,0	5,0
53,16	4,70	4,2	6,0	5,0
53,18	4,71	4,2	6,0	5,0
53,21	4,71	4,2	6,0	5,0
53,23	4,72	4,2	6,0	5,0
53,26	4,73	4,2	6,0	5,0
53,28	4,72	4,2	6,0	5,0
53,30	4,73	4,2	6,0	5,0
53,33	4,74	4,2	6,0	5,0
53,35	4,75	4,2	6,0	5,0
53,38	4,77	4,2	6,0	5,0
53,40	4,77	4,2	6,0	5,0
53,43	4,79	4,2	6,0	5,0
53,45	4,79	4,2	6,0	5,0
53,47	4,79	4,2	6,0	5,0
53,50	4,81	4,2	6,0	5,0
53,52	4,82	4,2	6,0	5,0
53,55	4,83	4,2	6,0	5,0
53,57	4,84	4,2	6,0	5,0
53,60	4,85	4,2	6,0	5,0
53,62	4,86	4,2	6,0	5,0
53,65	4,87	4,2	6,0	5,0
53,67	4,88	4,2	6,0	5,0
53,69	4,89	4,2	6,0	5,0
53,72	4,90	4,2	6,0	5,0
53,74	4,90	4,2	6,0	5,0
53,77	4,93	4,2	6,0	5,0
53,79	4,93	4,2	6,0	5,0
53,82	4,96	4,2	6,0	5,0
53,84	4,97	4,2	6,0	5,0
53,87	4,99	4,2	6,0	5,0
53,89	5,00	4,2	6,0	5,0
53,91	5,00	4,2	6,0	5,0
53,94	5,02	4,2	6,0	5,0
53,96	5,03	4,2	6,0	5,0
53,99	5,03	4,2	6,0	5,0
54,01	5,05	4,2	6,0	5,0
54,04	5,06	4,2	6,0	5,0
54,06	5,07	4,2	6,0	5,0
54,09	5,08	4,2	6,0	5,0
54,11	5,11	4,2	6,0	5,0
54,13	5,12	4,2	6,0	5,0
54,16	5,13	4,2	6,0	5,0
54,18	5,14	4,2	6,0	5,0
54,21	5,16	4,2	6,0	5,0
54,23	5,18	4,2	6,0	5,0
54,26	5,20	4,2	6,0	5,0
54,28	5,22	4,2	6,0	5,0
54,31	5,23	4,2	6,0	5,0
54,33	5,24	4,2	6,0	5,0
54,35	5,26	4,2	6,0	5,0
54,38	5,27	4,2	6,0	5,0
54,40	5,29	4,2	6,0	5,0
54,43	5,30	4,2	6,0	5,0
54,45	5,31	4,2	6,0	5,0
54,48	5,33	4,2	6,0	5,0
54,50	5,35	4,2	6,0	5,0
54,52	5,38	4,2	6,0	5,0
54,55	5,40	4,2	6,0	5,0
54,57	5,42	4,2	6,0	5,0
54,60	5,44	4,2	6,0	5,0
54,62	5,46	4,2	6,0	5,0
54,65	5,49	4,2	6,0	5,0
54,67	5,51	4,2	6,0	5,0
54,70	5,53	4,2	6,0	5,0
54,72	5,55	4,2	6,0	5,0
54,74	5,57	4,2	6,0	5,0
54,77	5,59	4,2	6,0	5,0
54,79	5,62	4,2	6,0	5,0
54,82	5,64	4,2	6,0	5,0
54,84	5,65	4,2	6,0	5,0
54,87	5,68	4,2	6,0	5,0
54,89	5,70	4,2	6,0	5,0
54,92	5,72	4,2	6,0	5,0
54,94	5,75	4,2	6,0	5,0
54,96	5,77	4,2	6,0	5,0
54,99	5,81	4,2	6,0	5,0
55,01	5,82	4,2	6,0	5,0
55,04	5,84	4,2	6,0	5,0
55,06	5,88	4,2	6,0	5,0
55,09	5,90	4,2	6,0	5,0
55,11	5,93	4,2	6,0	5,0
55,14	5,95	4,2	6,0	5,0
55,16	5,98	4,2	6,0	5,0
55,18	6,00	4,2	6,0	5,0
55,21	6,03	4,2	6,0	5,0
55,23	6,06	4,2	6,0	5,0
55,26	6,09	4,2	6,0	5,0
55,28	6,11	4,2	6,0	5,0
55,31	6,14	4,2	6,0	5,0
55,33	6,17	4,2	6,0	5,0
55,36	6,20	4,2	6,0	5,0
55,38	6,23	4,2	6,0	5,0
55,40	6,27	4,2	6,0	5,0
55,43	6,30	4,2	6,0	5,0
55,45	6,32	4,2	6,0	5,0
55,48	6,35	4,2	6,0	5,0
55,50	6,39	4,2	6,0	5,0
55,53	6,42	4,2	6,0	5,0
55,55	6,45	4,2	6,0	5,0
55,57	6,48	4,2	6,0	5,0
55,60	6,51	4,2	6,0	5,0
55,62	6,54	4,2	6,0	5,0
55,65	6,56	4,2	6,0	5,0
55,67	6,60	4,2	6,0	5,0
55,70	6,63	4,2	6,0	5,0
55,72	6,65	4,2	6,0	5,0
55,75	6,68	4,2	6,0	5,0
55,77	6,71	4,2	6,0	5,0
55,79	6,75	4,2	6,0	5,0
55,82	6,79	4,2	6,0	5,0
55,84	6,83	4,2	6,0	5,0
55,87	6,86	4,2	6,0	5,0
55,89	6,88	4,2	6,0	5,0
55,92	6,92	4,2	6,0	5,0
55,94	6,95	4,2	6,0	5,0
55,97	6,98	4,2	6,0	5,0
55,99	7,02	4,2	6,0	5,0
56,01	7,04	4,2	6,0	5,0
56,04	7,07	4,2	6,0	5,0
56,06	7,09	4,2	6,0	5,0
56,09	7,13	4,2	6,0	5,0
56,11	7,16	4,2	6,0	5,0
56,14	7,19	4,2	6,0	5,0
56,16	7,22	4,2	6,0	5,0
56,19	7,27	4,2	6,0	5,0
56,21	7,30	4,2	6,0	5,0
56,23	7,34	4,2	6,0	5,0
56,26	7,39	4,2	6,0	5,0
56,28	7,42	4,2	6,0	5,0
56,31	7,45	4,2	6,0	5,0
56,33	7,48	4,2	6,0	5,0
56,36	7,52	4,2	6,0	5,0
56,38	7,56	4,2	6,0	5,0
56,41	7,59	4,2	6,0	5,0
56,43	7,63	4,2	6,0	5,0
56,45	7,66	4,2	6,0	5,0
56,48	7,69	4,2	6,0	5,0
56,50	7,73	4,2	6,0	5,0
56,53	7,77	4,2	6,0	5,0
56,55	7,81	4,2	6,0	5,0
56,58	7,84	4,2	6,0	5,0
56,60	7,88	4,2	6,0	5,0
56,62	7,93	4,2	6,0	5,0
56,65	7,97	4,2	6,0	5,0
56,67	8,02	4,2	6,0	5,0
56,70	8,05	4,2	6,0	5,0
56,72	8,10	4,2	6,0	5,0
56,75	8,12	4,2	6,0	5,0
56,77	8,16	4,2	6,0	5,0
56,80	8,21	4,2	6,0	5,0
56,82	8,25	4,2	6,0	5,0
56,84	8,28	4,2	6,0	5,0
56,87	8,32	4,2	6,0	5,0
56,89	8,36	4,2	6,0	5,0
56,92	8,40	4,2	6,0	5,0
56,94	8,44	4,2	6,0	5,0
56,97	8,49	4,2	6,0	5,0
56,99	8,53	4,2	6,0	5,0
57,02	8,56	4,2	6,0	5,0
57,04	8,60	4,2	6,0	5,0
57,06	8,65	4,2	6,0	5,0
57,09	8,69	4,2	6,0	5,0
57,11	8,74	4,2	6,0	5,0
57,14	8,77	4,2	6,0	5,0
57,16	8,82	4,2	6,0	5,0
57,19	8,85	4,2	6,0	5,0
57,21	8,88	4,2	6,0	5,0
57,24	8,93	4,2	6,0	5,0
57,26	8,98	4,2	6,0	5,0
57,28	9,01	4,2	6,0	5,0
57,31	9,05	4,2	6,0	5,0
57,33	9,08	4,2	6,0	5,0
57,36	9,13	4,2	6,0	5,0
57,38	9,17	4,2	6,0	5,0
57,41	9,21	4,2	6,0	5,0
57,43	9,25	4,2	6,0	5,0
57,46	9,28	4,2	6,0	5,0
57,48	9,33	4,2	6,0	5,0
57,50	9,38	4,2	6,0	5,0
57,53	9,42	4,2	6,0	5,0
57,55	9,46	4,2	6,0	5,0
57,58	9,50	4,2	6,0	5,0
57,60	9,54	4,2	6,0	5,0
57,63	9,58	4,2	6,0	5,0
57,65	9,62	4,2	6,0	5,0
57,68	9,66	4,2	6,0	5,0
57,70	9,70	4,2	6,0	5,0
57,72	9,74	4,2	6,0	5,0
57,75	9,78	4,2	6,0	5,0
57,77	9,82	4,2	6,0	5,0
57,80	9,86	4,2	6,0	5,0
57,82	9,92	4,2	6,0	5,0
57,85	9,95	4,2	6,0	5,0
57,87	9,99	4,2	6,0	5,0
57,89	10,03	4,2	6,0	5,0
57,92	10,08	4,2	6,0	5,0
57,94	10,13	4,2	6,0	5,0
57,97	10,18	4,2	6,0	5,0
57,99	10,23	4,2	6,0	5,0
58,02	10,27	4,2	6,0	5,0
58,04	10,31	4,2	6,0	5,0
58,07	10,35	4,2	6,0	5,0
58,09	10,40	4,2	6,0	5,0
58,11	10,44	4,2	6,0	5,0
58,14	10,48	4,2	6,0	5,0
58,16	10,53	4,2	6,0	5,0
58,19	10,57	4,2	6,0	5,0
58,21	10,62	4,2	6,0	5,0
58,24	10,67	4,2	6,0	5,0
58,26	10,72	4,2	6,0	5,0
58,29	10,77	4,2	6,0	5,0
58,31	10,80	4,2	6,0	5,0
58,33	10,85	4,2	6,0	5,0
58,36	10,90	4,2	6,0	5,0
58,38	10,95	4,2	6,0	5,0
58,41	11,00	4,2	6,0	5,0
58,43	11,03	4,2	6,0	5,0
58,46	11,08	4,2	6,0	5,0
58,48	11,11	4,2	6,0	5,0
58,51	11,16	4,2	6,0	5,0
58,53	11,21	4,2	6,0	5,0
58,55	11,26	4,2	6,0	5,0
58,58	11,29	4,2	6,0	5,0
58,60	11,34	4,2	6,0	5,0
58,63	11,38	4,2	6,0	5,0
58,65	11,43	4,2	6,0	5,0
58,68	11,48	4,2	6,0	5,0
58,70	11,53	4,2	6,0	5,0
58,73	11,57	4,2	6,0	5,0
58,75	11,61	4,2	6,0	5,0
58,77	11,65	4,2	6,0	5,0
58,80	11,71	4,2	6,0	5,0
58,82	11,75	4,2	6,0	5,0
58,85	11,79	4,2	6,0	5,0
58,87	11,83	4,2	6,0	5,0
58,90	11,87	4,2	6,0	5,0
58,92	11,91	4,2	6,0	5,0
58,94	11,95	4,2	6,0	5,0
58,97	12,00	4,2	6,0	5,0
58,99	12,04	4,2	6,0	5,0
59,02	12,08	4,2	6,0	5,0
59,04	12,13	4,2	6,0	5,0
59,07	12,18	4,2	6,0	5,0
59,09	12,23	4,2	6,0	5,0
59,12	12,27	4,2	6,0	5,0
59,14	12,32	4,2	6,0	5,0
59,16	12,36	4,2	6,0	5,0
59,19	12,40	4,2	6,0	5,0
59,21	12,45	4,2	6,0	5,0
59,24	12,50	4,2	6,0	5,0
59,26	12,54	4,2	6,0	5,0
59,29	12,58	4,2	6,0	5,0
59,31	12,61	4,2	6,0	5,0
59,34	12,65	4,2	6,0	5,0
59,36	12,69	4,2	6,0	5,0
59,38	12,74	4,2	6,0	5,0
59,41	12,79	4,2	6,0	5,0
59,43	12,83	4,2	6,0	5,0
59,46	12,87	4,2	6,0	5,0
59,48	12,92	4,2	6,0	5,0
59,51	12,96	4,2	6,0	5,0
59,53	13,02	4,2	6,0	5,0
59,56	13,06	4,2	6,0	5,0
59,58	13,10	4,2	6,0	5,0
59,60	13,14	4,2	6,0	5,0
59,63	13,18	4,2	6,0	5,0
59,65	13,23	4,2	6,0	5,0
59,68	13,27	4,2	6,0	5,0
59,70	13,31	4,2	6,0	5,0
59,73	13,36	4,2	6,0	5,0
59,75	13,39	4,2	6,0	5,0
59,78	13,43	4,2	6,0	5,0
59,80	13,48	4,2	6,0	5,0
59,82	13,52	4,2	6,0	5,0
59,85	13,57	4,2	6,0	5,0
59,87	13,60	4,2	6,0	5,0
59,90	13,65	4,2	6,0	5,0
59,92	13,70	4,2	6,0	5,0
59,95	13,75	4,2	6,0	5,0
59,97	13,80	4,2	6,0	5,0
59,99	13,84	4,2	6,0	5,0
60,02	13,89	4,2	6,0	5,0
60,04	13,91	4,2	6,0	5,0
60,07	13,95	4,2	6,0	5,0
60,09	14,01	4,2	6,0	5,0
60,12	14,05	4,2	6,0	5,0
60,14	14,08	4,2	6,0	5,0
60,17	14,12	4,2	6,0	5,0
60,19	14,16	4,2	6,0	5,0
60,21	14,20	4,2	6,0	5,0
60,24	14,25	4,2	6,0	5,0
60,26	14,30	4,2	6,0	5,0
60,29	14,34	4,2	6,0	5,0
60,31	14,37	4,2	6,0	5,0
60,34	14,42	4,2	6,0	5,0
60,36	14,47	4,2	6,0	5,0
60,39	14,51	4,2	6,0	5,0
60,41	14,56	4,2	6,0	5,0
60,43	14,60	4,2	6,0	5,0
60,46	14,63	4,2	6,0	5,0
60,48	14,67	4,2	6,0	5,0
60,51	14,71	4,2	6,0	5,0
60,53	14,76	4,2	6,0	5,0
60,56	14,80	4,2	6,0	5,0
60,58	14,84	4,2	6,0	5,0
60,61	14,88	4,2	6,0	5,0
60,63	14,92	4,2	6,0	5,0
60,65	14,97	4,2	6,0	5,0
60,68	15,01	4,2	6,0	5,0
60,70	15,06	4,2	6,0	5,0
60,73	15,09	4,2	6,0	5,0
60,75	15,13	4,2	6,0	5,0
60,78	15,18	4,2	6,0	5,0
60,80	15,23	4,2	6,0	5,0
60,83	15,27	4,2	6,0	5,0
60,85	15,31	4,2	6,0	5,0
60,87	15,35	4,2	6,0	5,0
60,90	15,38	4,2	6,0	5,0
60,92	15,41	4,2	6,0	5,0
60,95	15,46	4,2	6,0	5,0
60,97	15,51	4,2	6,0	5,0
61,00	15,54	4,2	6,0	5,0
61,02	15,58	4,2	6,0	5,0
61,05	15,62	4,2	6,0	5,0
61,07	15,66	4,2	6,0	5,0
61,09	15,70	4,2	6,0	5,0
61,12	15,74	4,2	6,0	5,0
61,14	15,77	4,2	6,0	5,0
61,17	15,81	4,2	6,0	5,0
61,19	15,85	4,2	6,0	5,0
61,22	15,89	4,2	6,0	5,0
61,24	15,93	4,2	6,0	5,0
61,26	15,98	4,2	6,0	5,0
61,29	16,01	4,2	6,0	5,0
61,31	16,05	4,2	6,0	5,0
61,34	16,08	4,2	6,0	5,0
61,36	16,12	4,2	6,0	5,0
61,39	16,16	4,2	6,0	5,0
61,41	16,20	4,2	6,0	5,0
61,44	16,23	4,2	6,0	5,0
61,46	16,27	4,2	6,0	5,0
61,48	16,30	4,2	6,0	5,0
61,51	16,35	4,2	6,0	5,0
61,53	16,39	4,2	6,0	5,0
61,56	16,43	4,2	6,0	5,0
61,58	16,47	4,2	6,0	5,0
61,61	16,50	4,2	6,0	5,0
61,63	16,54	4,2	6,0	5,0
61,66	16,58	4,2	6,0	5,0
61,68	16,62	4,2	6,0	5,0
61,70	16,66	4,2	6,0	5,0
61,73	16,69	4,2	6,0	5,0
61,75	16,73	4,2	6,0	5,0
61,78	16,75	4,2	6,0	5,0
61,80	16,79	4,2	6,0	5,0
61,83	16,83	4,2	6,0	5,0
61,85	16,86	4,2	6,0	5,0
61,88	16,89	4,2	6,0	5,0
61,90	16,93	4,2	6,0	5,0
61,92	16,96	4,2	6,0	5,0
61,95	17,01	4,2	6,0	5,0
61,97	17,05	4,2	6,0	5,0
62,00	17,09	4,2	6,0	5,0
62,02	17,11	4,2	6,0	5,0
62,05	17,15	4,2	6,0	5,0
62,07	17,18	4,2	6,0	5,0
62,10	17,23	4,2	6,0	5,0
62,12	17,26	4,2	6,0	5,0
62,14	17,29	4,2	6,0	5,0
62,17	17,32	4,2	6,0	5,0
62,19	17,35	4,2	6,0	5,0
62,22	17,38	4,2	6,0	5,0
62,24	17,42	4,2	6,0	5,0
62,27	17,46	4,2	6,0	5,0
62,29	17,49	4,2	6,0	5,0
62,31	17,52	4,2	6,0	5,0
62,34	17,56	4,2	6,0	5,0
62,36	17,59	4,2	6,0	5,0
62,39	17,64	4,2	6,0	5,0
62,41	17,67	4,2	6,0	5,0
62,44	17,70	4,2	6,0	5,0
62,46	17,73	4,2	6,0	5,0
62,49	17,76	4,2	6,0	5,0
62,51	17,79	4,2	6,0	5,0
62,53	17,83	4,2	6,0	5,0
62,56	17,86	4,2	6,0	5,0
62,58	17,89	4,2	6,0	5,0
62,61	17,91	4,2	6,0	5,0
62,63	17,94	4,2	6,0	5,0
62,66	17,97	4,2	6,0	5,0
62,68	18,01	4,2	6,0	5,0
62,71	18,04	4,2	6,0	5,0
62,73	18,07	4,2	6,0	5,0
62,75	18,10	4,2	6,0	5,0
62,78	18,14	4,2	6,0	5,0
62,80	18,17	4,2	6,0	5,0
62,83	18,21	4,2	6,0	5,0
62,85	18,24	4,2	6,0	5,0
62,88	18,26	4,2	6,0	5,0
62,90	18,29	4,2	6,0	5,0
62,93	18,32	4,2	6,0	5,0
62,95	18,36	4,2	6,0	5,0
62,97	18,39	4,2	6,0	5,0
63,00	18,41	4,2	6,0	5,0
63,02	18,44	4,2	6,0	5,0
63,05	18,46	4,2	6,0	5,0
63,07	18,49	4,2	6,0	5,0
63,10	18,52	4,2	6,0	5,0
63,12	18,56	4,2	6,0	5,0
63,15	18,58	4,2	6,0	5,0
63,17	18,60	4,2	6,0	5,0
63,19	18,63	4,2	6,0	5,0
63,22	18,67	4,2	6,0	5,0
63,24	18,70	4,2	6,0	5,0
63,27	18,74	4,2	6,0	5,0
63,29	18,76	4,2	6,0	5,0
63,32	18,78	4,2	6,0	5,0
63,34	18,79	4,2	6,0	5,0
63,36	18,82	4,2	6,0	5,0
63,39	18,86	4,2	6,0	5,0
63,41	18,88	4,2	6,0	5,0
63,44	18,89	4,2	6,0	5,0
63,46	18,91	4,2	6,0	5,0
63,49	18,94	4,2	6,0	5,0
63,51	18,97	4,2	6,0	5,0
63,54	18,99	4,2	6,0	5,0
63,56	19,02	4,2	6,0	5,0
63,58	19,04	4,2	6,0	5,0
63,61	19,06	4,2	6,0	5,0
63,63	19,09	4,2	6,0	5,0
63,66	19,12	4,2	6,0	5,0
63,68	19,14	4,2	6,0	5,0
63,71	19,16	4,2	6,0	5,0
63,73	19,18	4,2	6,0	5,0
63,76	19,19	4,2	6,0	5,0
63,78	19,21	4,2	6,0	5,0
63,80	19,23	4,2	6,0	5,0
63,83	19,26	4,2	6,0	5,0
63,85	19,27	4,2	6,0	5,0
63,88	19,28	4,2	6,0	5,0
63,90	19,30	4,2	6,0	5,0
63,93	19,32	4,2	6,0	5,0
63,95	19,34	4,2	6,0	5,0
63,98	19,35	4,2	6,0	5,0
64,00	19,38	4,2	6,0	5,0
64,02	19,39	4,2	6,0	5,0
64,05	19,40	4,2	6,0	5,0
64,07	19,42	4,2	6,0	5,0
64,10	19,43	4,2	6,0	5,0
64,12	19,44	4,2	6,0	5,0
64,15	19,45	4,2	6,0	5,0
64,17	19,46	4,2	6,0	5,0
64,20	19,46	4,2	6,0	5,0
64,22	19,47	4,2	6,0	5,0
64,24	19,48	4,2	6,0	5,0
64,27	19,49	4,2	6,0	5,0
64,29	19,50	4,2	6,0	5,0
64,32	19,51	4,2	6,0	5,0
64,34	19,51	4,2	6,0	5,0
64,37	19,53	4,2	6,0	5,0
64,39	19,53	4,2	6,0	5,0
64,41	19,54	4,2	6,0	5,0
64,44	19,54	4,2	6,0	5,0
64,46	19,54	4,2	6,0	5,0
64,49	19,55	4,2	6,0	5,0
64,51	19,56	4,2	6,0	5,0
64,54	19,57	4,2	6,0	5,0
64,56	19,57	4,2	6,0	5,0
64,59	19,57	4,2	6,0	5,0
64,61	19,57	4,2	6,0	5,0
64,63	19,56	4,2	6,0	5,0
64,66	19,56	4,2	6,0	5,0
64,68	19,57	4,2	6,0	5,0
64,71	19,58	4,2	6,0	5,0
64,73	19,57	4,2	6,0	5,0
64,76	19,57	4,2	6,0	5,0
64,78	19,57	4,2	6,0	5,0
64,81	19,58	4,2	6,0	5,0
64,83	19,58	4,2	6,0	5,0
64,85	19,59	4,2	6,0	5,0
64,88	19,59	4,2	6,0	5,0
64,90	19,58	4,2	6,0	5,0
64,93	19,59	4,2	6,0	5,0
64,95	19,60	4,2	6,0	5,0
64,98	19,60	4,2	6,0	5,0
65,00	19,60	4,2	6,0	5,0
65,03	19,59	4,2	6,0	5,0
65,05	19,60	4,2	6,0	5,0
65,07	19,58	4,2	6,0	5,0
65,10	19,59	4,2	6,0	5,0
65,12	19,60	4,2	6,0	5,0
65,15	19,59	4,2	6,0	5,0
65,17	19,59	4,2	6,0	5,0
65,20	19,59	4,2	6,0	5,0
65,22	19,59	4,2	6,0	5,0
65,25	19,61	4,2	6,0	5,0
65,27	19,61	4,2	6,0	5,0
65,29	19,61	4,2	6,0	5,0
65,32	19,60	4,2	6,0	5,0
65,34	19,60	4,2	6,0	5,0
65,37	19,61	4,2	6,0	5,0
65,39	19,61	4,2	6,0	5,0
65,42	19,60	4,2	6,0	5,0
65,44	19,60	4,2	6,0	5,0
65,47	19,59	4,2	6,0	5,0
65,49	19,58	4,2	6,0	5,0
65,51	19,58	4,2	6,0	5,0
65,54	19,57	4,2	6,0	5,0
65,56	19,57	4,2	6,0	5,0
65,59	19,57	4,2	6,0	5,0
65,61	19,56	4,2	6,0	5,0
65,64	19,56	4,2	6,0	5,0
65,66	19,55	4,2	6,0	5,0
65,68	19,56	4,2	6,0	5,0
65,71	19,54	4,2	6,0	5,0
65,73	19,54	4,2	6,0	5,0
65,76	19,53	4,2	6,0	5,0
65,78	19,52	4,2	6,0	5,0
65,81	19,52	4,2	6,0	5,0
65,83	19,51	4,2	6,0	5,0
65,86	19,49	4,2	6,0	5,0
65,88	19,48	4,2	6,0	5,0
65,90	19,46	4,2	6,0	5,0
65,93	19,45	4,2	6,0	5,0
65,95	19,43	4,2	6,0	5,0
65,98	19,43	4,2	6,0	5,0
66,00	19,42	4,2	6,0	5,0
66,03	19,40	4,2	6,0	5,0
66,05	19,38	4,2	6,0	5,0
66,08	19,38	4,2	6,0	5,0
66,10	19,37	4,2	6,0	5,0
66,12	19,36	4,2	6,0	5,0
66,15	19,35	4,2	6,0	5,0
66,17	19,33	4,2	6,0	5,0
66,20	19,30	4,2	6,0	5,0
66,22	19,29	4,2	6,0	5,0
66,25	19,28	4,2	6,0	5,0
66,27	19,26	4,2	6,0	5,0
66,30	19,24	4,2	6,0	5,0
66,32	19,22	4,2	6,0	5,0
66,34	19,20	4,2	6,0	5,0
66,37	19,18	4,2	6,0	5,0
66,39	19,17	4,2	6,0	5,0
66,42	19,16	4,2	6,0	5,0
66,44	19,13	4,2	6,0	5,0
66,47	19,11	4,2	6,0	5,0
66,49	19,10	4,2	6,0	5,0
66,52	19,09	4,2	6,0	5,0
66,54	19,07	4,2	6,0	5,0
66,56	19,06	4,2	6,0	5,0
66,59	19,03	4,2	6,0	5,0
66,61	19,01	4,2	6,0	5,0
66,64	18,98	4,2	6,0	5,0
66,66	18,98	4,2	6,0	5,0
66,69	18,96	4,2	6,0	5,0
66,71	18,93	4,2	6,0	5,0
66,73	18,91	4,2	6,0	5,0
66,76	18,89	4,2	6,0	5,0
66,78	18,87	4,2	6,0	5,0
66,81	18,84	4,2	6,0	5,0
66,83	18,84	4,2	6,0	5,0
66,86	18,82	4,2	6,0	5,0
66,88	18,79	4,2	6,0	5,0
66,91	18,77	4,2	6,0	5,0
66,93	18,76	4,2	6,0	5,0
66,95	18,74	4,2	6,0	5,0
66,98	18,72	4,2	6,0	5,0
67,00	18,69	4,2	6,0	5,0
67,03	18,68	4,2	6,0	5,0
67,05	18,65	4,2	6,0	5,0
67,08	18,63	4,2	6,0	5,0
67,10	18,61	4,2	6,0	5,0
67,13	18,60	4,2	6,0	5,0
67,15	18,58	4,2	6,0	5,0
67,17	18,55	4,2	6,0	5,0
67,20	18,53	4,2	6,0	5,0
67,22	18,52	4,2	6,0	5,0
67,25	18,50	4,2	6,0	5,0
67,27	18,48	4,2	6,0	5,0
67,30	18,46	4,2	6,0	5,0
67,32	18,43	4,2	6,0	5,0
67,35	18,41	4,2	6,0	5,0
67,37	18,40	4,2	6,0	5,0
67,39	18,38	4,2	6,0	5,0
67,42	18,36	4,2	6,0	5,0
67,44	18,33	4,2	6,0	5,0
67,47	18,30	4,2	6,0	5,0
67,49	18,27	4,2	6,0	5,0
67,52	18,25	4,2	6,0	5,0
67,54	18,24	4,2	6,0	5,0
67,57	18,22	4,2	6,0	5,0
67,59	18,19	4,2	6,0	5,0
67,61	18,16	4,2	6,0	5,0
67,64	18,14	4,2	6,0	5,0
67,66	18,13	4,2	6,0	5,0
67,69	18,10	4,2	6,0	5,0
67,71	18,08	4,2	6,0	5,0
67,74	18,06	4,2	6,0	5,0
67,76	18,03	4,2	6,0	5,0
67,78	18,01	4,2	6,0	5,0
67,81	18,00	4,2	6,0	5,0
67,83	17,97	4,2	6,0	5,0
67,86	17,96	4,2	6,0	5,0
67,88	17,92	4,2	6,0	5,0
67,91	17,90	4,2	6,0	5,0
67,93	17,87	4,2	6,0	5,0
67,96	17,85	4,2	6,0	5,0
67,98	17,84	4,2	6,0	5,0
68,00	17,81	4,2	6,0	5,0
68,03	17,78	4,2	6,0	5,0
68,05	17,77	4,2	6,0	5,0
68,08	17,75	4,2	6,0	5,0
68,10	17,74	4,2	6,0	5,0
68,13	17,71	4,2	6,0	5,0
68,15	17,70	4,2	6,0	5,0
68,18	17,67	4,2	6,0	5,0
68,20	17,65	4,2	6,0	5,0
68,22	17,63	4,2	6,0	5,0
68,25	17,61	4,2	6,0	5,0
68,27	17,58	4,2	6,0	5,0
68,30	17,57	4,2	6,0	5,0
68,32	17,54	4,2	6,0	5,0
68,35	17,52	4,2	6,0	5,0
68,37	17,49	4,2	6,0	5,0
68,40	17,48	4,2	6,0	5,0
68,42	17,46	4,2	6,0	5,0
68,44	17,43	4,2	6,0	5,0
68,47	17,40	4,2	6,0	5,0
68,49	17,39	4,2	6,0	5,0
68,52	17,37	4,2	6,0	5,0
68,54	17,36	4,2	6,0	5,0
68,57	17,33	4,2	6,0	5,0
68,59	17,31	4,2	6,0	5,0
68,62	17,28	4,2	6,0	5,0
68,64	17,26	4,2	6,0	5,0
68,66	17,24	4,2	6,0	5,0
68,69	17,22	4,2	6,0	5,0
68,71	17,20	4,2	6,0	5,0
68,74	17,17	4,2	6,0	5,0
68,76	17,14	4,2	6,0	5,0
68,79	17,11	4,2	6,0	5,0
68,81	17,09	4,2	6,0	5,0
68,83	17,07	4,2	6,0	5,0
68,86	17,06	4,2	6,0	5,0
68,88	17,03	4,2	6,0	5,0
68,91	17,01	4,2	6,0	5,0
68,93	16,99	4,2	6,0	5,0
68,96	16,97	4,2	6,0	5,0
68,98	16,95	4,2	6,0	5,0
69,01	16,92	4,2	6,0	5,0
69,03	16,90	4,2	6,0	5,0
69,05	16,87	4,2	6,0	5,0
69,08	16,85	4,2	6,0	5,0
69,10	16,83	4,2	6,0	5,0
69,13	16,82	4,2	6,0	5,0
69,15	16,78	4,2	6,0	5,0
69,18	16,76	4,2	6,0	5,0
69,20	16,73	4,2	6,0	5,0
69,23	16,71	4,2	6,0	5,0
69,25	16,69	4,2	6,0	5,0
69,27	16,67	4,2	6,0	5,0
69,30	16,65	4,2	6,0	5,0
69,32	16,62	4,2	6,0	5,0
69,35	16,60	4,2	6,0	5,0
69,37	16,58	4,2	6,0	5,0
69,40	16,57	4,2	6,0	5,0
69,42	16,55	4,2	6,0	5,0
69,45	16,53	4,2	6,0	5,0
69,47	16,50	4,2	6,0	5,0
69,49	16,47	4,2	6,0	5,0
69,52	16,46	4,2	6,0	5,0
69,54	16,45	4,2	6,0	5,0
69,57	16,42	4,2	6,0	5,0
69,59	16,40	4,2	6,0	5,0
69,62	16,38	4,2	6,0	5,0
69,64	16,35	4,2	6,0	5,0
69,67	16,33	4,2	6,0	5,0
69,69	16,32	4,2	6,0	5,0
69,71	16,31	4,2	6,0	5,0
69,74	16,28	4,2	6,0	5,0
69,76	16,26	4,2	6,0	5,0
69,79	16,25	4,2	6,0	5,0
69,81	16,24	4,2	6,0	5,0
69,84	16,22	4,2	6,0	5,0
69,86	16,20	4,2	6,0	5,0
69,89	16,18	4,2	6,0	5,0
69,91	16,15	4,2	6,0	5,0
69,93	16,13	4,2	6,0	5,0
69,96	16,12	4,2	6,0	5,0
69,98	16,12	4,2	6,0	5,0
70,01	16,09	4,2	6,0	5,0
70,03	16,08	4,2	6,0	5,0
70,06	16,06	4,2	6,0	5,0
70,08	16,05	4,2	6,0	5,0
70,10	16,04	4,2	6,0	5,0
70,13	16,03	4,2	6,0	5,0
70,15	16,02	4,2	6,0	5,0
70,18	16,00	4,2	6,0	5,0
70,20	15,99	4,2	6,0	5,0
70,23	15,98	4,2	6,0	5,0
70,25	15,97	4,2	6,0	5,0
70,28	15,96	4,2	6,0	5,0
70,30	15,94	4,2	6,0	5,0
70,32	15,93	4,2	6,0	5,0
70,35	15,90	4,2	6,0	5,0
70,37	15,89	4,2	6,0	5,0
70,40	15,89	4,2	6,0	5,0
70,42	15,88	4,2	6,0	5,0
70,45	15,87	4,2	6,0	5,0
70,47	15,85	4,2	6,0	5,0
70,50	15,84	4,2	6,0	5,0
70,52	15,84	4,2	6,0	5,0
70,54	15,83	4,2	6,0	5,0
70,57	15,83	4,2	6,0	5,0
70,59	15,82	4,2	6,0	5,0
70,62	15,80	4,2	6,0	5,0
70,64	15,79	4,2	6,0	5,0
70,67	15,78	4,2	6,0	5,0
70,69	15,77	4,2	6,0	5,0
70,72	15,76	4,2	6,0	5,0
70,74	15,73	4,2	6,0	5,0
70,76	15,72	4,2	6,0	5,0
70,79	15,70	4,2	6,0	5,0
70,81	15,69	4,2	6,0	5,0
70,84	15,68	4,2	6,0	5,0
70,86	15,67	4,2	6,0	5,0
70,89	15,66	4,2	6,0	5,0
70,91	15,65	4,2	6,0	5,0
70,94	15,64	4,2	6,0	5,0
70,96	15,64	4,2	6,0	5,0
70,98	15,62	4,2	6,0	5,0
71,01	15,62	4,2	6,0	5,0
71,03	15,60	4,2	6,0	5,0
71,06	15,59	4,2	6,0	5,0
71,08	15,59	4,2	6,0	5,0
71,11	15,58	4,2	6,0	5,0
71,13	15,57	4,2	6,0	5,0
71,15	15,56	4,2	6,0	5,0
71,18	15,53	4,2	6,0	5,0
71,20	15,52	4,2	6,0	5,0
71,23	15,52	4,2	6,0	5,0
71,25	15,52	4,2	6,0	5,0
71,28	15,51	4,2	6,0	5,0
71,30	15,50	4,2	6,0	5,0
71,33	15,49	4,2	6,0	5,0
71,35	15,49	4,2	6,0	5,0
71,37	15,49	4,2	6,0	5,0
71,40	15,49	4,2	6,0	5,0
71,42	15,48	4,2	6,0	5,0
71,45	15,48	4,2	6,0	5,0
71,47	15,47	4,2	6,0	5,0
71,50	15,46	4,2	6,0	5,0
71,52	15,47	4,2	6,0	5,0
71,55	15,47	4,2	6,0	5,0
71,57	15,46	4,2	6,0	5,0
71,59	15,46	4,2	6,0	5,0
71,62	15,44	4,2	6,0	5,0
71,64	15,44	4,2	6,0	5,0
71,67	15,44	4,2	6,0	5,0
71,69	15,45	4,2	6,0	5,0
71,72	15,45	4,2	6,0	5,0
71,74	15,44	4,2	6,0	5,0
71,77	15,44	4,2	6,0	5,0
71,79	15,45	4,2	6,0	5,0
71,81	15,45	4,2	6,0	5,0
71,84	15,45	4,2	6,0	5,0
71,86	15,45	4,2	6,0	5,0
71,89	15,46	4,2	6,0	5,0
71,91	15,45	4,2	6,0	5,0
71,94	15,45	4,2	6,0	5,0
71,96	15,46	4,2	6,0	5,0
71,99	15,46	4,2	6,0	5,0
72,01	15,45	4,2	6,0	5,0
72,03	15,45	4,2	6,0	5,0
72,06	15,45	4,2	6,0	5,0
72,08	15,45	4,2	6,0	5,0
72,11	15,45	4,2	6,0	5,0
72,13	15,47	4,2	6,0	5,0
72,16	15,47	4,2	6,0	5,0
72,18	15,47	4,2	6,0	5,0
72,20	15,47	4,2	6,0	5,0
72,23	15,48	4,2	6,0	5,0
72,25	15,49	4,2	6,0	5,0
72,28	15,50	4,2	6,0	5,0
72,30	15,50	4,2	6,0	5,0
72,33	15,51	4,2	6,0	5,0
72,35	15,50	4,2	6,0	5,0
72,38	15,51	4,2	6,0	5,0
72,40	15,52	4,2	6,0	5,0
72,42	15,52	4,2	6,0	5,0
72,45	15,52	4,2	6,0	5,0
72,47	15,52	4,2	6,0	5,0
72,50	15,52	4,2	6,0	5,0
72,52	15,53	4,2	6,0	5,0
72,55	15,55	4,2	6,0	5,0
72,57	15,56	4,2	6,0	5,0
72,60	15,56	4,2	6,0	5,0
72,62	15,56	4,2	6,0	5,0
72,64	15,58	4,2	6,0	5,0
72,67	15,58	4,2	6,0	5,0
72,69	15,59	4,2	6,0	5,0
72,72	15,61	4,2	6,0	5,0
72,74	15,61	4,2	6,0	5,0
72,77	15,61	4,2	6,0	5,0
72,79	15,62	4,2	6,0	5,0
72,82	15,64	4,2	6,0	5,0
72,84	15,65	4,2	6,0	5,0
72,86	15,65	4,2	6,0	5,0
72,89	15,65	4,2	6,0	5,0
72,91	15,66	4,2	6,0	5,0
72,94	15,67	4,2	6,0	5,0
72,96	15,69	4,2	6,0	5,0
72,99	15,70	4,2	6,0	5,0
73,01	15,71	4,2	6,0	5,0
73,04	15,72	4,2	6,0	5,0
73,06	15,73	4,2	6,0	5,0
73,08	15,75	4,2	6,0	5,0
73,11	15,76	4,2	6,0	5,0
73,13	15,77	4,2	6,0	5,0
73,16	15,78	4,2	6,0	5,0
73,18	15,79	4,2	6,0	5,0
73,21	15,81	4,2	6,0	5,0
73,23	15,82	4,2	6,0	5,0
73,25	15,83	4,2	6,0	5,0
73,28	15,85	4,2	6,0	5,0
73,30	15,86	4,2	6,0	5,0
73,33	15,87	4,2	6,0	5,0
73,35	15,88	4,2	6,0	5,0
73,38	15,91	4,2	6,0	5,0
73,40	15,93	4,2	6,0	5,0
73,43	15,94	4,2	6,0	5,0
73,45	15,96	4,2	6,0	5,0
73,47	15,97	4,2	6,0	5,0
73,50	15,98	4,2	6,0	5,0
73,52	16,01	4,2	6,0	5,0
73,55	16,03	4,2	6,0	5,0
73,57	16,04	4,2	6,0	5,0
73,60	16,05	4,2	6,0	5,0
73,62	16,07	4,2	6,0	5,0
73,65	16,09	4,2	6,0	5,0
73,67	16,10	4,2	6,0	5,0
73,69	16,13	4,2	6,0	5,0
73,72	16,15	4,2	6,0	5,0
73,74	16,17	4,2	6,0	5,0
73,77	16,18	4,2	6,0	5,0
73,79	16,21	4,2	6,0	5,0
73,82	16,23	4,2	6,0	5,0
73,84	16,26	4,2	6,0	5,0
73,87	16,28	4,2	6,0	5,0
73,89	16,30	4,2	6,0	5,0
73,91	16,31	4,2	6,0	5,0
73,94	16,33	4,2	6,0	5,0
73,96	16,36	4,2	6,0	5,0
73,99	16,38	4,2	6,0	5,0
74,01	16,40	4,2	6,0	5,0
74,04	16,42	4,2	6,0	5,0
74,06	16,44	4,2	6,0	5,0
74,09	16,47	4,2	6,0	5,0
74,11	16,50	4,2	6,0	5,0
74,13	16,52	4,2	6,0	5,0
74,16	16,54	4,2	6,0	5,0
74,18	16,55	4,2	6,0	5,0
74,21	16,59	4,2	6,0	5,0
74,23	16,61	4,2	6,0	5,0
74,26	16,64	4,2	6,0	5,0
74,28	16,67	4,2	6,0	5,0
74,31	16,70	4,2	6,0	5,0
74,33	16,72	4,2	6,0	5,0
74,35	16,74	4,2	6,0	5,0
74,38	16,78	4,2	6,0	5,0
74,40	16,81	4,2	6,0	5,0
74,43	16,83	4,2	6,0	5,0
74,45	16,85	4,2	6,0	5,0
74,48	16,87	4,2	6,0	5,0
74,50	16,90	4,2	6,0	5,0
74,52	16,93	4,2	6,0	5,0
74,55	16,97	4,2	6,0	5,0
74,57	17,00	4,2	6,0	5,0
74,60	17,02	4,2	6,0	5,0
74,62	17,05	4,2	6,0	5,0
74,65	17,08	4,2	6,0	5,0
74,67	17,11	4,2	6,0	5,0
74,70	17,14	4,2	6,0	5,0
74,72	17,17	4,2	6,0	5,0
74,74	17,20	4,2	6,0	5,0
74,77	17,23	4,2	6,0	5,0
74,79	17,26	4,2	6,0	5,0
74,82	17,30	4,2	6,0	5,0
74,84	17,34	4,2	6,0	5,0
74,87	17,35	4,2	6,0	5,0
74,89	17,38	4,2	6,0	5,0
74,92	17,40	4,2	6,0	5,0
74,94	17,44	4,2	6,0	5,0
74,96	17,48	4,2	6,0	5,0
74,99	17,52	4,2	6,0	5,0
75,01	17,55	4,2	6,0	5,0
75,04	17,58	4,2	6,0	5,0
75,06	17,61	4,2	6,0	5,0
75,09	17,65	4,2	6,0	5,0
75,11	17,69	4,2	6,0	5,0
75,14	17,72	4,2	6,0	5,0
75,16	17,75	4,2	6,0	5,0
75,18	17,78	4,2	6,0	5,0
75,21	17,81	4,2	6,0	5,0
75,23	17,84	4,2	6,0	5,0
75,26	17,89	4,2	6,0	5,0
75,28	17,93	4,2	6,0	5,0
75,31	17,96	4,2	6,0	5,0
75,33	17,99	4,2	6,0	5,0
75,36	18,02	4,2	6,0	5,0
75,38	18,07	4,2	6,0	5,0
75,40	18,11	4,2	6,0	5,0
75,43	18,15	4,2	6,0	5,0
75,45	18,19	4,2	6,0	5,0
75,48	18,22	4,2	6,0	5,0
75,50	18,26	4,2	6,0	5,0
75,53	18,31	4,2	6,0	5,0
75,55	18,34	4,2	6,0	5,0
75,57	18,38	4,2	6,0	5,0
75,60	18,41	4,2	6,0	5,0
75,62	18,45	4,2	6,0	5,0
75,65	18,49	4,2	6,0	5,0
75,67	18,53	4,2	6,0	5,0
75,70	18,58	4,2	6,0	5,0
75,72	18,61	4,2	6,0	5,0
75,75	18,64	4,2	6,0	5,0
75,77	18,69	4,2	6,0	5,0
75,79	18,73	4,2	6,0	5,0
75,82	18,79	4,2	6,0	5,0
75,84	18,82	4,2	6,0	5,0
75,87	18,87	4,2	6,0	5,0
75,89	18,90	4,2	6,0	5,0
75,92	18,94	4,2	6,0	5,0
75,94	18,99	4,2	6,0	5,0
75,97	19,03	4,2	6,0	5,0
75,99	19,07	4,2	6,0	5,0
76,01	19,11	4,2	6,0	5,0
76,04	19,14	4,2	6,0	5,0
76,06	19,18	4,2	6,0	5,0
76,09	19,22	4,2	6,0	5,0
76,11	19,27	4,2	6,0	5,0
76,14	19,31	4,2	6,0	5,0
76,16	19,35	4,2	6,0	5,0
76,19	19,39	4,2	6,0	5,0
76,21	19,44	4,2	6,0	5,0
76,23	19,48	4,2	6,0	5,0
76,26	19,54	4,2	6,0	5,0
76,28	19,58	4,2	6,0	5,0
76,31	19,63	4,2	6,0	5,0
76,33	19,67	4,2	6,0	5,0
76,36	19,71	4,2	6,0	5,0
76,38	19,77	4,2	6,0	5,0
76,41	19,81	4,2	6,0	5,0
76,43	19,84	4,2	6,0	5,0
76,45	19,89	4,2	6,0	5,0
76,48	19,92	4,2	6,0	5,0
76,50	19,98	4,2	6,0	5,0
76,53	20,02	4,2	6,0	5,0
76,55	20,08	4,2	6,0	5,0
76,58	20,12	4,2	6,0	5,0
76,60	20,15	4,2	6,0	5,0
76,62	20,20	4,2	6,0	5,0
76,65	20,26	4,2	6,0	5,0
76,67	20,31	4,2	6,0	5,0
76,70	20,37	4,2	6,0	5,0
76,72	20,41	4,2	6,0	5,0
76,75	20,46	4,2	6,0	5,0
76,77	20,50	4,2	6,0	5,0
76,80	20,55	4,2	6,0	5,0
76,82	20,60	4,2	6,0	5,0
76,84	20,65	4,2	6,0	5,0
76,87	20,69	4,2	6,0	5,0
76,89	20,73	4,2	6,0	5,0
76,92	20,78	4,2	6,0	5,0
76,94	20,83	4,2	6,0	5,0
76,97	20,89	4,2	6,0	5,0
76,99	20,95	4,2	6,0	5,0
77,02	21,00	4,2	6,0	5,0
77,04	21,05	4,2	6,0	5,0
77,06	21,09	4,2	6,0	5,0
77,09	21,15	4,2	6,0	5,0
77,11	21,20	4,2	6,0	5,0
77,14	21,25	4,2	6,0	5,0
77,16	21,30	4,2	6,0	5,0
77,19	21,35	4,2	6,0	5,0
77,21	21,40	4,2	6,0	5,0
77,24	21,46	4,2	6,0	5,0
77,26	21,51	4,2	6,0	5,0
77,28	21,56	4,2	6,0	5,0
77,31	21,61	4,2	6,0	5,0
77,33	21,66	4,2	6,0	5,0
77,36	21,71	4,2	6,0	5,0
77,38	21,77	4,2	6,0	5,0
77,41	21,82	4,2	6,0	5,0
77,43	21,88	4,2	6,0	5,0
77,46	21,92	4,2	6,0	5,0
77,48	21,97	4,2	6,0	5,0
77,50	22,03	4,2	6,0	5,0
77,53	22,08	4,2	6,0	5,0
77,55	22,14	4,2	6,0	5,0
77,58	22,19	4,2	6,0	5,0
77,60	22,25	4,2	6,0	5,0
77,63	22,30	4,2	6,0	5,0
77,65	22,34	4,2	6,0	5,0
77,68	22,41	4,2	6,0	5,0
77,70	22,46	4,2	6,0	5,0
77,72	22,51	4,2	6,0	5,0
77,75	22,56	4,2	6,0	5,0
77,77	22,61	4,2	6,0	5,0
77,80	22,67	4,2	6,0	5,0
77,82	22,72	4,2	6,0	5,0
77,85	22,78	4,2	6,0	5,0
77,87	22,84	4,2	6,0	5,0
77,89	22,88	4,2	6,0	5,0
77,92	22,93	4,2	6,0	5,0
77,94	23,00	4,2	6,0	5,0
77,97	23,05	4,2	6,0	5,0
77,99	23,11	4,2	6,0	5,0
78,02	23,17	4,2	6,0	5,0
78,04	23,22	4,2	6,0	5,0
78,07	23,26	4,2	6,0	5,0
78,09	23,31	4,2	6,0	5,0
78,11	23,38	4,2	6,0	5,0
78,14	23,44	4,2	6,0	5,0
78,16	23,47	4,2	6,0	5,0
78,19	23,53	4,2	6,0	5,0
78,21	23,57	4,2	6,0	5,0
78,24	23,64	4,2	6,0	5,0
78,26	23,70	4,2	6,0	5,0
78,29	23,77	4,2	6,0	5,0
78,31	23,83	4,2	6,0	5,0
78,33	23,88	4,2	6,0	5,0
78,36	23,93	4,2	6,0	5,0
78,38	24,00	4,2	6,0	5,0
78,41	24,06	4,2	6,0	5,0
78,43	24,12	4,2	6,0	5,0
78,46	24,16	4,2	6,0	5,0
78,48	24,21	4,2	6,0	5,0
78,51	24,26	4,2	6,0	5,0
78,53	24,32	4,2	6,0	5,0
78,55	24,39	4,2	6,0	5,0
78,58	24,43	4,2	6,0	5,0
78,60	24,48	4,2	6,0	5,0
78,63	24,54	4,2	6,0	5,0
78,65	24,61	4,2	6,0	5,0
78,68	24,68	4,2	6,0	5,0
78,70	24,74	4,2	6,0	5,0
78,73	24,80	4,2	6,0	5,0
78,75	24,84	4,2	6,0	5,0
78,77	24,90	4,2	6,0	5,0
78,80	24,95	4,2	6,0	5,0
78,82	25,01	4,2	6,0	5,0
78,85	25,06	4,2	6,0	5,0
78,87	25,12	4,2	6,0	5,0
78,90	25,17	4,2	6,0	5,0
78,92	25,22	4,2	6,0	5,0
78,94	25,27	4,2	6,0	5,0
78,97	25,34	4,2	6,0	5,0
78,99	25,41	4,2	6,0	5,0
79,02	25,46	4,2	6,0	5,0
79,04	25,52	4,2	6,0	5,0
79,07	25,58	4,2	6,0	5,0
79,09	25,65	4,2	6,0	5,0
79,12	25,72	4,2	6,0	5,0
79,14	25,78	4,2	6,0	5,0
79,16	25,84	4,2	6,0	5,0
79,19	25,90	4,2	6,0	5,0
79,21	25,96	4,2	6,0	5,0
79,24	26,02	4,2	6,0	5,0
79,26	26,07	4,2	6,0	5,0
79,29	26,13	4,2	6,0	5,0
79,31	26,19	4,2	6,0	5,0
79,34	26,24	4,2	6,0	5,0
79,36	26,30	4,2	6,0	5,0
79,38	26,36	4,2	6,0	5,0
79,41	26,44	4,2	6,0	5,0
79,43	26,50	4,2	6,0	5,0
79,46	26,55	4,2	6,0	5,0
79,48	26,60	4,2	6,0	5,0
79,51	26,67	4,2	6,0	5,0
79,53	26,73	4,2	6,0	5,0
79,56	26,80	4,2	6,0	5,0
79,58	26,85	4,2	6,0	5,0
79,60	26,91	4,2	6,0	5,0
79,63	26,96	4,2	6,0	5,0
79,65	27,02	4,2	6,0	5,0
79,68	27,09	4,2	6,0	5,0
79,70	27,15	4,2	6,0	5,0
79,73	27,19	4,2	6,0	5,0
79,75	27,25	4,2	6,0	5,0
79,78	27,30	4,2	6,0	5,0
79,80	27,36	4,2	6,0	5,0
79,82	27,42	4,2	6,0	5,0
79,85	27,48	4,2	6,0	5,0
79,87	27,55	4,2	6,0	5,0
79,90	27,59	4,2	6,0	5,0
79,92	27,65	4,2	6,0	5,0
79,95	27,72	4,2	6,0	5,0
79,97	27,78	4,2	6,0	5,0
79,99	27,85	4,2	6,0	5,0
80,02	27,91	4,2	6,0	5,0
80,04	27,96	4,2	6,0	5,0
80,07	28,01	4,2	6,0	5,0
80,09	28,08	4,2	6,0	5,0
80,12	28,15	4,2	6,0	5,0
80,14	28,20	4,2	6,0	5,0
80,17	28,25	4,2	6,0	5,0
80,19	28,31	4,2	6,0	5,0
80,21	28,37	4,2	6,0	5,0
80,24	28,43	4,2	6,0	5,0
80,26	28,49	4,2	6,0	5,0
80,29	28,56	4,2	6,0	5,0
80,31	28,61	4,2	6,0	5,0
80,34	28,67	4,2	6,0	5,0
80,36	28,73	4,2	6,0	5,0
80,39	28,79	4,2	6,0	5,0
80,41	28,85	4,2	6,0	5,0
80,43	28,91	4,2	6,0	5,0
80,46	28,97	4,2	6,0	5,0
80,48	29,02	4,2	6,0	5,0
80,51	29,08	4,2	6,0	5,0
80,53	29,14	4,2	6,0	5,0
80,56	29,20	4,2	6,0	5,0
80,58	29,25	4,2	6,0	5,0
80,61	29,30	4,2	6,0	5,0
80,63	29,35	4,2	6,0	5,0
80,65	29,42	4,2	6,0	5,0
80,68	29,48	4,2	6,0	5,0
80,70	29,54	4,2	6,0	5,0
80,73	29,60	4,2	6,0	5,0
80,75	29,64	4,2	6,0	5,0
80,78	29,69	4,2	6,0	5,0
80,80	29,76	4,2	6,0	5,0
80,83	29,81	4,2	6,0	5,0
80,85	29,87	4,2	6,0	5,0
80,87	29,92	4,2	6,0	5,0
80,90	29,97	4,2	6,0	5,0
80,92	30,02	4,2	6,0	5,0
80,95	30,06	4,2	6,0	5,0
80,97	30,13	4,2	6,0	5,0
81,00	30,18	4,2	6,0	5,0
81,02	30,23	4,2	6,0	5,0
81,04	30,28	4,2	6,0	5,0
81,07	30,33	4,2	6,0	5,0
81,09	30,39	4,2	6,0	5,0
81,12	30,44	4,2	6,0	5,0
81,14	30,51	4,2	6,0	5,0
81,17	30,55	4,2	6,0	5,0
81,19	30,60	4,2	6,0	5,0
81,22	30,65	4,2	6,0	5,0
81,24	30,70	4,2	6,0	5,0
81,26	30,75	4,2	6,0	5,0
81,29	30,81	4,2	6,0	5,0
81,31	30,86	4,2	6,0	5,0
81,34	30,91	4,2	6,0	5,0
81,36	30,95	4,2	6,0	5,0
81,39	31,00	4,2	6,0	5,0
81,41	31,06	4,2	6,0	5,0
81,44	31,11	4,2	6,0	5,0
81,46	31,14	4,2	6,0	5,0
81,48	31,20	4,2	6,0	5,0
81,51	31,24	4,2	6,0	5,0
81,53	31,30	4,2	6,0	5,0
81,56	31,35	4,2	6,0	5,0
81,58	31,41	4,2	6,0	5,0
81,61	31,45	4,2	6,0	5,0
81,63	31,49	4,2	6,0	5,0
81,66	31,55	4,2	6,0	5,0
81,68	31,60	4,2	6,0	5,0
81,70	31,64	4,2	6,0	5,0
81,73	31,69	4,2	6,0	5,0
81,75	31,73	4,2	6,0	5,0
81,78	31,78	4,2	6,0	5,0
81,80	31,82	4,2	6,0	5,0
81,83	31,88	4,2	6,0	5,0
81,85	31,94	4,2	6,0	5,0
81,88	31,98	4,2	6,0	5,0
81,90	32,02	4,2	6,0	5,0
81,92	32,07	4,2	6,0	5,0
81,95	32,13	4,2	6,0	5,0
81,97	32,19	4,2	6,0	5,0
82,00	32,24	4,2	6,0	5,0
82,02	32,29	4,2	6,0	5,0
82,05	32,33	4,2	6,0	5,0
82,07	32,38	4,2	6,0	5,0
82,10	32,43	4,2	6,0	5,0
82,12	32,49	4,2	6,0	5,0
82,14	32,52	4,2	6,0	5,0
82,17	32,58	4,2	6,0	5,0
82,19	32,61	4,2	6,0	5,0
82,22	32,66	4,2	6,0	5,0
82,24	32,71	4,2	6,0	5,0
82,27	32,76	4,2	6,0	5,0
82,29	32,81	4,2	6,0	5,0
82,31	32,85	4,2	6,0	5,0
82,34	32,89	4,2	6,0	5,0
82,36	32,95	4,2	6,0	5,0
82,39	33,00	4,2	6,0	5,0
82,41	33,06	4,2	6,0	5,0
82,44	33,10	4,2	6,0	5,0
82,46	33,15	4,2	6,0	5,0
82,49	33,19	4,2	6,0	5,0
82,51	33,23	4,2	6,0	5,0
82,53	33,28	4,2	6,0	5,0
82,56	33,33	4,2	6,0	5,0
82,58	33,36	4,2	6,0	5,0
82,61	33,41	4,2	6,0	5,0
82,63	33,45	4,2	6,0	5,0
82,66	33,50	4,2	6,0	5,0
82,68	33,54	4,2	6,0	5,0
82,71	33,59	4,2	6,0	5,0
82,73	33,63	4,2	6,0	5,0
82,75	33,67	4,2	6,0	5,0
82,78	33,71	4,2	6,0	5,0
82,80	33,76	4,2	6,0	5,0
82,83	33,81	4,2	6,0	5,0
82,85	33,86	4,2	6,0	5,0
82,88	33,90	4,2	6,0	5,0
82,90	33,93	4,2	6,0	5,0
82,93	33,96	4,2	6,0	5,0
82,95	34,01	4,2	6,0	5,0
82,97	34,05	4,2	6,0	5,0
83,00	34,08	4,2	6,0	5,0
83,02	34,10	4,2	6,0	5,0
83,05	34,14	4,2	6,0	5,0
83,07	34,18	4,2	6,0	5,0
83,10	34,21	4,2	6,0	5,0
83,12	34,26	4,2	6,0	5,0
83,15	34,30	4,2	6,0	5,0
83,17	34,33	4,2	6,0	5,0
83,19	34,35	4,2	6,0	5,0
83,22	34,39	4,2	6,0	5,0
83,24	34,43	4,2	6,0	5,0
83,27	34,46	4,2	6,0	5,0
83,29	34,50	4,2	6,0	5,0
83,32	34,54	4,2	6,0	5,0
83,34	34,57	4,2	6,0	5,0
83,36	34,59	4,2	6,0	5,0
83,39	34,63	4,2	6,0	5,0
83,41	34,67	4,2	6,0	5,0
83,44	34,70	4,2	6,0	5,0
83,46	34,72	4,2	6,0	5,0
83,49	34,75	4,2	6,0	5,0
83,51	34,80	4,2	6,0	5,0
83,54	34,83	4,2	6,0	5,0
83,56	34,87	4,2	6,0	5,0
83,58	34,92	4,2	6,0	5,0
83,61	34,94	4,2	6,0	5,0
83,63	34,97	4,2	6,0	5,0
83,66	35,01	4,2	6,0	5,0
83,68	35,05	4,2	6,0	5,0
83,71	35,09	4,2	6,0	5,0
83,73	35,12	4,2	6,0	5,0
83,76	35,15	4,2	6,0	5,0
83,78	35,18	4,2	6,0	5,0
83,80	35,21	4,2	6,0	5,0
83,83	35,24	4,2	6,0	5,0
83,85	35,28	4,2	6,0	5,0
83,88	35,31	4,2	6,0	5,0
83,90	35,34	4,2	6,0	5,0
83,93	35,37	4,2	6,0	5,0
83,95	35,40	4,2	6,0	5,0
83,98	35,44	4,2	6,0	5,0
84,00	35,48	4,2	6,0	5,0
84,02	35,51	4,2	6,0	5,0
84,05	35,53	4,2	6,0	5,0
84,07	35,57	4,2	6,0	5,0
84,10	35,61	4,2	6,0	5,0
84,12	35,63	4,2	6,0	5,0
84,15	35,67	4,2	6,0	5,0
84,17	35,69	4,2	6,0	5,0
84,20	35,72	4,2	6,0	5,0
84,22	35,74	4,2	6,0	5,0
84,24	35,77	4,2	6,0	5,0
84,27	35,82	4,2	6,0	5,0
84,29	35,84	4,2	6,0	5,0
84,32	35,86	4,2	6,0	5,0
84,34	35,89	4,2	6,0	5,0
84,37	35,92	4,2	6,0	5,0
84,39	35,96	4,2	6,0	5,0
84,41	35,99	4,2	6,0	5,0
84,44	36,04	4,2	6,0	5,0
84,46	36,06	4,2	6,0	5,0
84,49	36,07	4,2	6,0	5,0
84,51	36,10	4,2	6,0	5,0
84,54	36,14	4,2	6,0	5,0
84,56	36,17	4,2	6,0	5,0
84,59	36,20	4,2	6,0	5,0
84,61	36,20	4,2	6,0	5,0
84,63	36,23	4,2	6,0	5,0
84,66	36,25	4,2	6,0	5,0
84,68	36,29	4,2	6,0	5,0
84,71	36,33	4,2	6,0	5,0
84,73	36,35	4,2	6,0	5,0
84,76	36,36	4,2	6,0	5,0
84,78	36,40	4,2	6,0	5,0
84,81	36,43	4,2	6,0	5,0
84,83	36,46	4,2	6,0	5,0
84,85	36,48	4,2	6,0	5,0
84,88	36,51	4,2	6,0	5,0
84,90	36,53	4,2	6,0	5,0
84,93	36,53	4,2	6,0	5,0
84,95	36,57	4,2	6,0	5,0
84,98	36,60	4,2	6,0	5,0
85,00	36,62	4,2	6,0	5,0
85,03	36,65	4,2	6,0	5,0
85,05	36,66	4,2	6,0	5,0
85,07	36,69	4,2	6,0	5,0
85,10	36,71	4,2	6,0	5,0
85,12	36,75	4,2	6,0	5,0
85,15	36,77	4,2	6,0	5,0
85,17	36,79	4,2	6,0	5,0
85,20	36,81	4,2	6,0	5,0
85,22	36,85	4,2	6,0	5,0
85,25	36,88	4,2	6,0	5,0
85,27	36,92	4,2	6,0	5,0
85,29	36,94	4,2	6,0	5,0
85,32	36,97	4,2	6,0	5,0
85,34	36,98	4,2	6,0	5,0
85,37	37,01	4,2	6,0	5,0
85,39	37,03	4,2	6,0	5,0
85,42	37,06	4,2	6,0	5,0
85,44	37,07	4,2	6,0	5,0
85,47	37,10	4,2	6,0	5,0
85,49	37,12	4,2	6,0	5,0
85,51	37,14	4,2	6,0	5,0
85,54	37,17	4,2	6,0	5,0
85,56	37,20	4,2	6,0	5,0
85,59	37,21	4,2	6,0	5,0
85,61	37,22	4,2	6,0	5,0
85,64	37,24	4,2	6,0	5,0
85,66	37,27	4,2	6,0	5,0
85,68	37,28	4,2	6,0	5,0
85,71	37,31	4,2	6,0	5,0
85,73	37,33	4,2	6,0	5,0
85,76	37,35	4,2	6,0	5,0
85,78	37,36	4,2	6,0	5,0
85,81	37,38	4,2	6,0	5,0
85,83	37,41	4,2	6,0	5,0
85,86	37,42	4,2	6,0	5,0
85,88	37,43	4,2	6,0	5,0
85,90	37,45	4,2	6,0	5,0
85,93	37,45	4,2	6,0	5,0
85,95	37,47	4,2	6,0	5,0
85,98	37,50	4,2	6,0	5,0
86,00	37,53	4,2	6,0	5,0
86,03	37,53	4,2	6,0	5,0
86,05	37,55	4,2	6,0	5,0
86,08	37,57	4,2	6,0	5,0
86,10	37,59	4,2	6,0	5,0
86,12	37,61	4,2	6,0	5,0
86,15	37,64	4,2	6,0	5,0
86,17	37,66	4,2	6,0	5,0
86,20	37,67	4,2	6,0	5,0
86,22	37,68	4,2	6,0	5,0
86,25	37,70	4,2	6,0	5,0
86,27	37,73	4,2	6,0	5,0
86,30	37,75	4,2	6,0	5,0
86,32	37,76	4,2	6,0	5,0
86,34	37,78	4,2	6,0	5,0
86,37	37,80	4,2	6,0	5,0
86,39	37,81	4,2	6,0	5,0
86,42	37,83	4,2	6,0	5,0
86,44	37,86	4,2	6,0	5,0
86,47	37,87	4,2	6,0	5,0
86,49	37,87	4,2	6,0	5,0
86,52	37,90	4,2	6,0	5,0
86,54	37,93	4,2	6,0	5,0
86,56	37,95	4,2	6,0	5,0
86,59	37,96	4,2	6,0	5,0
86,61	37,98	4,2	6,0	5,0
86,64	38,00	4,2	6,0	5,0
86,66	38,01	4,2	6,0	5,0
86,69	38,04	4,2	6,0	5,0
86,71	38,06	4,2	6,0	5,0
86,73	38,08	4,2	6,0	5,0
86,76	38,08	4,2	6,0	5,0
86,78	38,09	4,2	6,0	5,0
86,81	38,12	4,2	6,0	5,0
86,83	38,13	4,2	6,0	5,0
86,86	38,17	4,2	6,0	5,0
86,88	38,19	4,2	6,0	5,0
86,91	38,21	4,2	6,0	5,0
86,93	38,22	4,2	6,0	5,0
86,95	38,25	4,2	6,0	5,0
86,98	38,28	4,2	6,0	5,0
87,00	38,31	4,2	6,0	5,0
87,03	38,32	4,2	6,0	5,0
87,05	38,34	4,2	6,0	5,0
87,08	38,35	4,2	6,0	5,0
87,10	38,37	4,2	6,0	5,0
87,13	38,39	4,2	6,0	5,0
87,15	38,42	4,2	6,0	5,0
87,17	38,42	4,2	6,0	5,0
87,20	38,44	4,2	6,0	5,0
87,22	38,45	4,2	6,0	5,0
87,25	38,49	4,2	6,0	5,0
87,27	38,51	4,2	6,0	5,0
87,30	38,54	4,2	6,0	5,0
87,32	38,56	4,2	6,0	5,0
87,35	38,56	4,2	6,0	5,0
87,37	38,59	4,2	6,0	5,0
87,39	38,62	4,2	6,0	5,0
87,42	38,64	4,2	6,0	5,0
87,44	38,66	4,2	6,0	5,0
87,47	38,66	4,2	6,0	5,0
87,49	38,67	4,2	6,0	5,0
87,52	38,68	4,2	6,0	5,0
87,54	38,70	4,2	6,0	5,0
87,57	38,73	4,2	6,0	5,0
87,59	38,73	4,2	6,0	5,0
87,61	38,74	4,2	6,0	5,0
87,64	38,77	4,2	6,0	5,0
87,66	38,78	4,2	6,0	5,0
87,69	38,81	4,2	6,0	5,0
87,71	38,82	4,2	6,0	5,0
87,74	38,85	4,2	6,0	5,0
87,76	38,85	4,2	6,0	5,0
87,78	38,86	4,2	6,0	5,0
87,81	38,89	4,2	6,0	5,0
87,83	38,90	4,2	6,0	5,0
87,86	38,91	4,2	6,0	5,0
87,88	38,92	4,2	6,0	5,0
87,91	38,92	4,2	6,0	5,0
87,93	38,94	4,2	6,0	5,0
87,96	38,95	4,2	6,0	5,0
87,98	38,98	4,2	6,0	5,0
88,00	39,00	4,2	6,0	5,0
88,03	39,00	4,2	6,0	5,0
88,05	39,02	4,2	6,0	5,0
88,08	39,05	4,2	6,0	5,0
88,10	39,06	4,2	6,0	5,0
88,13	39,09	4,2	6,0	5,0
88,15	39,11	4,2	6,0	5,0
88,18	39,13	4,2	6,0	5,0
88,20	39,14	4,2	6,0	5,0
88,22	39,14	4,2	6,0	5,0
88,25	39,17	4,2	6,0	5,0
88,27	39,20	4,2	6,0	5,0
88,30	39,20	4,2	6,0	5,0
88,32	39,23	4,2	6,0	5,0
88,35	39,23	4,2	6,0	5,0
88,37	39,27	4,2	6,0	5,0
88,40	39,27	4,2	6,0	5,0
88,42	39,30	4,2	6,0	5,0
88,44	39,33	4,2	6,0	5,0
88,47	39,33	4,2	6,0	5,0
88,49	39,35	4,2	6,0	5,0
88,52	39,38	4,2	6,0	5,0
88,54	39,40	4,2	6,0	5,0
88,57	39,41	4,2	6,0	5,0
88,59	39,43	4,2	6,0	5,0
88,62	39,45	4,2	6,0	5,0
88,64	39,46	4,2	6,0	5,0
88,66	39,48	4,2	6,0	5,0
88,69	39,50	4,2	6,0	5,0
88,71	39,53	4,2	6,0	5,0
88,74	39,54	4,2	6,0	5,0
88,76	39,55	4,2	6,0	5,0
88,79	39,57	4,2	6,0	5,0
88,81	39,59	4,2	6,0	5,0
88,83	39,62	4,2	6,0	5,0
88,86	39,65	4,2	6,0	5,0
88,88	39,67	4,2	6,0	5,0
88,91	39,69	4,2	6,0	5,0
88,93	39,71	4,2	6,0	5,0
88,96	39,74	4,2	6,0	5,0
88,98	39,75	4,2	6,0	5,0
89,01	39,79	4,2	6,0	5,0
89,03	39,81	4,2	6,0	5,0
89,05	39,83	4,2	6,0	5,0
89,08	39,85	4,2	6,0	5,0
89,10	39,88	4,2	6,0	5,0
89,13	39,91	4,2	6,0	5,0
89,15	39,93	4,2	6,0	5,0
89,18	39,96	4,2	6,0	5,0
89,20	39,98	4,2	6,0	5,0
89,23	40,00	4,2	6,0	5,0
89,25	40,03	4,2	6,0	5,0
89,27	40,06	4,2	6,0	5,0
89,30	40,09	4,2	6,0	5,0
89,32	40,09	4,2	6,0	5,0
89,35	40,12	4,2	6,0	5,0
89,37	40,15	4,2	6,0	5,0
89,40	40,18	4,2	6,0	5,0
89,42	40,21	4,2	6,0	5,0
89,45	40,23	4,2	6,0	5,0
89,47	40,25	4,2	6,0	5,0
89,49	40,26	4,2	6,0	5,0
89,52	40,28	4,2	6,0	5,0
89,54	40,31	4,2	6,0	5,0
89,57	40,33	4,2	6,0	5,0
89,59	40,35	4,2	6,0	5,0
89,62	40,37	4,2	6,0	5,0
89,64	40,39	4,2	6,0	5,0
89,67	40,41	4,2	6,0	5,0
89,69	40,43	4,2	6,0	5,0
89,71	40,46	4,2	6,0	5,0
89,74	40,46	4,2	6,0	5,0
89,76	40,46	4,2	6,0	5,0
89,79	40,48	4,2	6,0	5,0
89,81	40,50	4,2	6,0	5,0
89,84	40,49	4,2	6,0	5,0
89,86	40,50	4,2	6,0	5,0
89,89	40,52	4,2	6,0	5,0
89,91	40,51	4,2	6,0	5,0
89,93	40,51	4,2	6,0	5,0
89,96	40,52	4,2	6,0	5,0
89,98	40,53	4,2	6,0	5,0
