Voltage U1	Corriente IA	Voltage U2	Voltage U3	Voltage UH
U1/V	IA/nA	U2/V	U3/V	UH/V

0,02	0,32	2,3	6,0	4,7
0,04	0,30	2,3	6,0	4,7
0,07	0,30	2,3	6,0	4,7
0,09	0,30	2,3	6,0	4,7
0,12	0,28	2,3	6,0	4,7
0,14	0,26	2,3	6,0	4,7
0,17	0,26	2,3	6,0	4,7
0,19	0,25	2,3	6,0	4,7
0,21	0,23	2,3	6,0	4,7
0,24	0,23	2,3	6,0	4,7
0,26	0,22	2,3	6,0	4,7
0,29	0,21	2,3	6,0	4,7
0,31	0,19	2,3	6,0	4,7
0,34	0,19	2,3	6,0	4,7
0,36	0,20	2,3	6,0	4,7
0,39	0,20	2,3	6,0	4,7
0,41	0,21	2,3	6,0	4,7
0,43	0,20	2,3	6,0	4,7
0,46	0,20	2,3	6,0	4,7
0,48	0,21	2,3	6,0	4,7
0,51	0,21	2,3	6,0	4,7
0,53	0,20	2,3	6,0	4,7
0,56	0,20	2,3	6,0	4,7
0,58	0,19	2,3	6,0	4,7
0,61	0,19	2,3	6,0	4,7
0,63	0,20	2,3	6,0	4,7
0,65	0,20	2,3	6,0	4,7
0,68	0,21	2,3	6,0	4,7
0,70	0,20	2,3	6,0	4,7
0,73	0,20	2,3	6,0	4,7
0,75	0,21	2,3	6,0	4,7
0,78	0,21	2,3	6,0	4,7
0,80	0,21	2,3	6,0	4,7
0,83	0,22	2,3	6,0	4,7
0,85	0,22	2,3	6,0	4,7
0,87	0,21	2,3	6,0	4,7
0,90	0,21	2,3	6,0	4,7
0,92	0,22	2,3	6,0	4,7
0,95	0,23	2,3	6,0	4,7
0,97	0,22	2,3	6,0	4,7
1,00	0,22	2,3	6,0	4,7
1,02	0,21	2,3	6,0	4,7
1,05	0,22	2,3	6,0	4,7
1,07	0,22	2,3	6,0	4,7
1,09	0,23	2,3	6,0	4,7
1,12	0,23	2,3	6,0	4,7
1,14	0,22	2,3	6,0	4,7
1,17	0,22	2,3	6,0	4,7
1,19	0,23	2,3	6,0	4,7
1,22	0,24	2,3	6,0	4,7
1,24	0,24	2,3	6,0	4,7
1,26	0,23	2,3	6,0	4,7
1,29	0,24	2,3	6,0	4,7
1,31	0,23	2,3	6,0	4,7
1,34	0,23	2,3	6,0	4,7
1,36	0,24	2,3	6,0	4,7
1,39	0,24	2,3	6,0	4,7
1,41	0,24	2,3	6,0	4,7
1,44	0,24	2,3	6,0	4,7
1,46	0,24	2,3	6,0	4,7
1,48	0,24	2,3	6,0	4,7
1,51	0,24	2,3	6,0	4,7
1,53	0,25	2,3	6,0	4,7
1,56	0,25	2,3	6,0	4,7
1,58	0,25	2,3	6,0	4,7
1,61	0,25	2,3	6,0	4,7
1,63	0,26	2,3	6,0	4,7
1,66	0,26	2,3	6,0	4,7
1,68	0,26	2,3	6,0	4,7
1,70	0,26	2,3	6,0	4,7
1,73	0,26	2,3	6,0	4,7
1,75	0,26	2,3	6,0	4,7
1,78	0,27	2,3	6,0	4,7
1,80	0,27	2,3	6,0	4,7
1,83	0,27	2,3	6,0	4,7
1,85	0,27	2,3	6,0	4,7
1,88	0,27	2,3	6,0	4,7
1,90	0,27	2,3	6,0	4,7
1,92	0,27	2,3	6,0	4,7
1,95	0,28	2,3	6,0	4,7
1,97	0,28	2,3	6,0	4,7
2,00	0,27	2,3	6,0	4,7
2,02	0,27	2,3	6,0	4,7
2,05	0,28	2,3	6,0	4,7
2,07	0,28	2,3	6,0	4,7
2,10	0,28	2,3	6,0	4,7
2,12	0,28	2,3	6,0	4,7
2,14	0,28	2,3	6,0	4,7
2,17	0,28	2,3	6,0	4,7
2,19	0,28	2,3	6,0	4,7
2,22	0,29	2,3	6,0	4,7
2,24	0,29	2,3	6,0	4,7
2,27	0,29	2,3	6,0	4,7
2,29	0,29	2,3	6,0	4,7
2,31	0,29	2,3	6,0	4,7
2,34	0,29	2,3	6,0	4,7
2,36	0,29	2,3	6,0	4,7
2,39	0,30	2,3	6,0	4,7
2,41	0,30	2,3	6,0	4,7
2,44	0,29	2,3	6,0	4,7
2,46	0,29	2,3	6,0	4,7
2,49	0,30	2,3	6,0	4,7
2,51	0,31	2,3	6,0	4,7
2,53	0,31	2,3	6,0	4,7
2,56	0,30	2,3	6,0	4,7
2,58	0,30	2,3	6,0	4,7
2,61	0,30	2,3	6,0	4,7
2,63	0,30	2,3	6,0	4,7
2,66	0,31	2,3	6,0	4,7
2,68	0,31	2,3	6,0	4,7
2,71	0,30	2,3	6,0	4,7
2,73	0,31	2,3	6,0	4,7
2,75	0,31	2,3	6,0	4,7
2,78	0,31	2,3	6,0	4,7
2,80	0,32	2,3	6,0	4,7
2,83	0,33	2,3	6,0	4,7
2,85	0,33	2,3	6,0	4,7
2,88	0,32	2,3	6,0	4,7
2,90	0,32	2,3	6,0	4,7
2,93	0,33	2,3	6,0	4,7
2,95	0,33	2,3	6,0	4,7
2,97	0,34	2,3	6,0	4,7
3,00	0,33	2,3	6,0	4,7
3,02	0,33	2,3	6,0	4,7
3,05	0,32	2,3	6,0	4,7
3,07	0,33	2,3	6,0	4,7
3,10	0,34	2,3	6,0	4,7
3,12	0,34	2,3	6,0	4,7
3,15	0,34	2,3	6,0	4,7
3,17	0,34	2,3	6,0	4,7
3,19	0,34	2,3	6,0	4,7
3,22	0,35	2,3	6,0	4,7
3,24	0,36	2,3	6,0	4,7
3,27	0,36	2,3	6,0	4,7
3,29	0,36	2,3	6,0	4,7
3,32	0,36	2,3	6,0	4,7
3,34	0,36	2,3	6,0	4,7
3,36	0,36	2,3	6,0	4,7
3,39	0,35	2,3	6,0	4,7
3,41	0,35	2,3	6,0	4,7
3,44	0,34	2,3	6,0	4,7
3,46	0,34	2,3	6,0	4,7
3,49	0,34	2,3	6,0	4,7
3,51	0,35	2,3	6,0	4,7
3,54	0,35	2,3	6,0	4,7
3,56	0,35	2,3	6,0	4,7
3,58	0,34	2,3	6,0	4,7
3,61	0,35	2,3	6,0	4,7
3,63	0,35	2,3	6,0	4,7
3,66	0,36	2,3	6,0	4,7
3,68	0,36	2,3	6,0	4,7
3,71	0,36	2,3	6,0	4,7
3,73	0,36	2,3	6,0	4,7
3,76	0,36	2,3	6,0	4,7
3,78	0,37	2,3	6,0	4,7
3,80	0,37	2,3	6,0	4,7
3,83	0,36	2,3	6,0	4,7
3,85	0,36	2,3	6,0	4,7
3,88	0,35	2,3	6,0	4,7
3,90	0,35	2,3	6,0	4,7
3,93	0,36	2,3	6,0	4,7
3,95	0,37	2,3	6,0	4,7
3,98	0,38	2,3	6,0	4,7
4,00	0,37	2,3	6,0	4,7
4,02	0,38	2,3	6,0	4,7
4,05	0,38	2,3	6,0	4,7
4,07	0,39	2,3	6,0	4,7
4,10	0,39	2,3	6,0	4,7
4,12	0,39	2,3	6,0	4,7
4,15	0,39	2,3	6,0	4,7
4,17	0,39	2,3	6,0	4,7
4,20	0,39	2,3	6,0	4,7
4,22	0,39	2,3	6,0	4,7
4,24	0,40	2,3	6,0	4,7
4,27	0,39	2,3	6,0	4,7
4,29	0,39	2,3	6,0	4,7
4,32	0,39	2,3	6,0	4,7
4,34	0,39	2,3	6,0	4,7
4,37	0,39	2,3	6,0	4,7
4,39	0,40	2,3	6,0	4,7
4,42	0,40	2,3	6,0	4,7
4,44	0,39	2,3	6,0	4,7
4,46	0,39	2,3	6,0	4,7
4,49	0,40	2,3	6,0	4,7
4,51	0,41	2,3	6,0	4,7
4,54	0,40	2,3	6,0	4,7
4,56	0,40	2,3	6,0	4,7
4,59	0,40	2,3	6,0	4,7
4,61	0,39	2,3	6,0	4,7
4,63	0,40	2,3	6,0	4,7
4,66	0,40	2,3	6,0	4,7
4,68	0,39	2,3	6,0	4,7
4,71	0,40	2,3	6,0	4,7
4,73	0,39	2,3	6,0	4,7
4,76	0,40	2,3	6,0	4,7
4,78	0,40	2,3	6,0	4,7
4,81	0,40	2,3	6,0	4,7
4,83	0,41	2,3	6,0	4,7
4,85	0,40	2,3	6,0	4,7
4,88	0,41	2,3	6,0	4,7
4,90	0,41	2,3	6,0	4,7
4,93	0,41	2,3	6,0	4,7
4,95	0,42	2,3	6,0	4,7
4,98	0,42	2,3	6,0	4,7
5,00	0,42	2,3	6,0	4,7
5,03	0,42	2,3	6,0	4,7
5,05	0,42	2,3	6,0	4,7
5,07	0,42	2,3	6,0	4,7
5,10	0,43	2,3	6,0	4,7
5,12	0,42	2,3	6,0	4,7
5,15	0,42	2,3	6,0	4,7
5,17	0,42	2,3	6,0	4,7
5,20	0,43	2,3	6,0	4,7
5,22	0,43	2,3	6,0	4,7
5,25	0,43	2,3	6,0	4,7
5,27	0,43	2,3	6,0	4,7
5,29	0,43	2,3	6,0	4,7
5,32	0,43	2,3	6,0	4,7
5,34	0,44	2,3	6,0	4,7
5,37	0,43	2,3	6,0	4,7
5,39	0,44	2,3	6,0	4,7
5,42	0,44	2,3	6,0	4,7
5,44	0,44	2,3	6,0	4,7
5,47	0,44	2,3	6,0	4,7
5,49	0,44	2,3	6,0	4,7
5,51	0,45	2,3	6,0	4,7
5,54	0,45	2,3	6,0	4,7
5,56	0,44	2,3	6,0	4,7
5,59	0,44	2,3	6,0	4,7
5,61	0,44	2,3	6,0	4,7
5,64	0,44	2,3	6,0	4,7
5,66	0,44	2,3	6,0	4,7
5,68	0,45	2,3	6,0	4,7
5,71	0,45	2,3	6,0	4,7
5,73	0,45	2,3	6,0	4,7
5,76	0,45	2,3	6,0	4,7
5,78	0,46	2,3	6,0	4,7
5,81	0,46	2,3	6,0	4,7
5,83	0,46	2,3	6,0	4,7
5,86	0,45	2,3	6,0	4,7
5,88	0,46	2,3	6,0	4,7
5,90	0,45	2,3	6,0	4,7
5,93	0,46	2,3	6,0	4,7
5,95	0,46	2,3	6,0	4,7
5,98	0,46	2,3	6,0	4,7
6,00	0,45	2,3	6,0	4,7
6,03	0,46	2,3	6,0	4,7
6,05	0,45	2,3	6,0	4,7
6,08	0,46	2,3	6,0	4,7
6,10	0,47	2,3	6,0	4,7
6,12	0,47	2,3	6,0	4,7
6,15	0,47	2,3	6,0	4,7
6,17	0,46	2,3	6,0	4,7
6,20	0,47	2,3	6,0	4,7
6,22	0,48	2,3	6,0	4,7
6,25	0,48	2,3	6,0	4,7
6,27	0,48	2,3	6,0	4,7
6,30	0,47	2,3	6,0	4,7
6,32	0,47	2,3	6,0	4,7
6,34	0,47	2,3	6,0	4,7
6,37	0,48	2,3	6,0	4,7
6,39	0,48	2,3	6,0	4,7
6,42	0,48	2,3	6,0	4,7
6,44	0,48	2,3	6,0	4,7
6,47	0,48	2,3	6,0	4,7
6,49	0,48	2,3	6,0	4,7
6,52	0,49	2,3	6,0	4,7
6,54	0,50	2,3	6,0	4,7
6,56	0,50	2,3	6,0	4,7
6,59	0,50	2,3	6,0	4,7
6,61	0,50	2,3	6,0	4,7
6,64	0,51	2,3	6,0	4,7
6,66	0,51	2,3	6,0	4,7
6,69	0,50	2,3	6,0	4,7
6,71	0,50	2,3	6,0	4,7
6,73	0,50	2,3	6,0	4,7
6,76	0,50	2,3	6,0	4,7
6,78	0,50	2,3	6,0	4,7
6,81	0,50	2,3	6,0	4,7
6,83	0,51	2,3	6,0	4,7
6,86	0,50	2,3	6,0	4,7
6,88	0,50	2,3	6,0	4,7
6,91	0,51	2,3	6,0	4,7
6,93	0,51	2,3	6,0	4,7
6,95	0,51	2,3	6,0	4,7
6,98	0,51	2,3	6,0	4,7
7,00	0,51	2,3	6,0	4,7
7,03	0,51	2,3	6,0	4,7
7,05	0,51	2,3	6,0	4,7
7,08	0,52	2,3	6,0	4,7
7,10	0,51	2,3	6,0	4,7
7,13	0,51	2,3	6,0	4,7
7,15	0,50	2,3	6,0	4,7
7,17	0,50	2,3	6,0	4,7
7,20	0,50	2,3	6,0	4,7
7,22	0,51	2,3	6,0	4,7
7,25	0,52	2,3	6,0	4,7
7,27	0,51	2,3	6,0	4,7
7,30	0,51	2,3	6,0	4,7
7,32	0,51	2,3	6,0	4,7
7,35	0,52	2,3	6,0	4,7
7,37	0,52	2,3	6,0	4,7
7,39	0,53	2,3	6,0	4,7
7,42	0,53	2,3	6,0	4,7
7,44	0,52	2,3	6,0	4,7
7,47	0,52	2,3	6,0	4,7
7,49	0,52	2,3	6,0	4,7
7,52	0,53	2,3	6,0	4,7
7,54	0,53	2,3	6,0	4,7
7,57	0,51	2,3	6,0	4,7
7,59	0,52	2,3	6,0	4,7
7,61	0,52	2,3	6,0	4,7
7,64	0,53	2,3	6,0	4,7
7,66	0,53	2,3	6,0	4,7
7,69	0,54	2,3	6,0	4,7
7,71	0,53	2,3	6,0	4,7
7,74	0,53	2,3	6,0	4,7
7,76	0,54	2,3	6,0	4,7
7,78	0,54	2,3	6,0	4,7
7,81	0,54	2,3	6,0	4,7
7,83	0,54	2,3	6,0	4,7
7,86	0,54	2,3	6,0	4,7
7,88	0,54	2,3	6,0	4,7
7,91	0,54	2,3	6,0	4,7
7,93	0,54	2,3	6,0	4,7
7,96	0,55	2,3	6,0	4,7
7,98	0,54	2,3	6,0	4,7
8,00	0,54	2,3	6,0	4,7
8,03	0,54	2,3	6,0	4,7
8,05	0,55	2,3	6,0	4,7
8,08	0,55	2,3	6,0	4,7
8,10	0,56	2,3	6,0	4,7
8,13	0,56	2,3	6,0	4,7
8,15	0,55	2,3	6,0	4,7
8,18	0,55	2,3	6,0	4,7
8,20	0,55	2,3	6,0	4,7
8,22	0,55	2,3	6,0	4,7
8,25	0,55	2,3	6,0	4,7
8,27	0,55	2,3	6,0	4,7
8,30	0,55	2,3	6,0	4,7
8,32	0,54	2,3	6,0	4,7
8,35	0,55	2,3	6,0	4,7
8,37	0,55	2,3	6,0	4,7
8,40	0,55	2,3	6,0	4,7
8,42	0,55	2,3	6,0	4,7
8,44	0,55	2,3	6,0	4,7
8,47	0,55	2,3	6,0	4,7
8,49	0,56	2,3	6,0	4,7
8,52	0,56	2,3	6,0	4,7
8,54	0,57	2,3	6,0	4,7
8,57	0,57	2,3	6,0	4,7
8,59	0,56	2,3	6,0	4,7
8,62	0,56	2,3	6,0	4,7
8,64	0,57	2,3	6,0	4,7
8,66	0,56	2,3	6,0	4,7
8,69	0,56	2,3	6,0	4,7
8,71	0,55	2,3	6,0	4,7
8,74	0,56	2,3	6,0	4,7
8,76	0,55	2,3	6,0	4,7
8,79	0,56	2,3	6,0	4,7
8,81	0,58	2,3	6,0	4,7
8,84	0,57	2,3	6,0	4,7
8,86	0,57	2,3	6,0	4,7
8,88	0,57	2,3	6,0	4,7
8,91	0,57	2,3	6,0	4,7
8,93	0,58	2,3	6,0	4,7
8,96	0,58	2,3	6,0	4,7
8,98	0,59	2,3	6,0	4,7
9,01	0,58	2,3	6,0	4,7
9,03	0,58	2,3	6,0	4,7
9,05	0,59	2,3	6,0	4,7
9,08	0,60	2,3	6,0	4,7
9,10	0,59	2,3	6,0	4,7
9,13	0,59	2,3	6,0	4,7
9,15	0,59	2,3	6,0	4,7
9,18	0,58	2,3	6,0	4,7
9,20	0,59	2,3	6,0	4,7
9,23	0,60	2,3	6,0	4,7
9,25	0,60	2,3	6,0	4,7
9,27	0,60	2,3	6,0	4,7
9,30	0,59	2,3	6,0	4,7
9,32	0,60	2,3	6,0	4,7
9,35	0,60	2,3	6,0	4,7
9,37	0,61	2,3	6,0	4,7
9,40	0,61	2,3	6,0	4,7
9,42	0,61	2,3	6,0	4,7
9,45	0,60	2,3	6,0	4,7
9,47	0,60	2,3	6,0	4,7
9,49	0,61	2,3	6,0	4,7
9,52	0,61	2,3	6,0	4,7
9,54	0,61	2,3	6,0	4,7
9,57	0,61	2,3	6,0	4,7
9,59	0,60	2,3	6,0	4,7
9,62	0,60	2,3	6,0	4,7
9,64	0,60	2,3	6,0	4,7
9,67	0,61	2,3	6,0	4,7
9,69	0,61	2,3	6,0	4,7
9,71	0,60	2,3	6,0	4,7
9,74	0,60	2,3	6,0	4,7
9,76	0,60	2,3	6,0	4,7
9,79	0,60	2,3	6,0	4,7
9,81	0,61	2,3	6,0	4,7
9,84	0,62	2,3	6,0	4,7
9,86	0,62	2,3	6,0	4,7
9,89	0,61	2,3	6,0	4,7
9,91	0,61	2,3	6,0	4,7
9,93	0,62	2,3	6,0	4,7
9,96	0,62	2,3	6,0	4,7
9,98	0,61	2,3	6,0	4,7
10,01	0,61	2,3	6,0	4,7
10,03	0,61	2,3	6,0	4,7
10,06	0,62	2,3	6,0	4,7
10,08	0,62	2,3	6,0	4,7
10,10	0,63	2,3	6,0	4,7
10,13	0,63	2,3	6,0	4,7
10,15	0,62	2,3	6,0	4,7
10,18	0,62	2,3	6,0	4,7
10,20	0,63	2,3	6,0	4,7
10,23	0,63	2,3	6,0	4,7
10,25	0,64	2,3	6,0	4,7
10,28	0,64	2,3	6,0	4,7
10,30	0,64	2,3	6,0	4,7
10,32	0,63	2,3	6,0	4,7
10,35	0,64	2,3	6,0	4,7
10,37	0,65	2,3	6,0	4,7
10,40	0,64	2,3	6,0	4,7
10,42	0,64	2,3	6,0	4,7
10,45	0,63	2,3	6,0	4,7
10,47	0,63	2,3	6,0	4,7
10,50	0,64	2,3	6,0	4,7
10,52	0,64	2,3	6,0	4,7
10,54	0,65	2,3	6,0	4,7
10,57	0,64	2,3	6,0	4,7
10,59	0,64	2,3	6,0	4,7
10,62	0,64	2,3	6,0	4,7
10,64	0,64	2,3	6,0	4,7
10,67	0,65	2,3	6,0	4,7
10,69	0,65	2,3	6,0	4,7
10,72	0,65	2,3	6,0	4,7
10,74	0,64	2,3	6,0	4,7
10,76	0,64	2,3	6,0	4,7
10,79	0,65	2,3	6,0	4,7
10,81	0,65	2,3	6,0	4,7
10,84	0,65	2,3	6,0	4,7
10,86	0,64	2,3	6,0	4,7
10,89	0,64	2,3	6,0	4,7
10,91	0,64	2,3	6,0	4,7
10,94	0,65	2,3	6,0	4,7
10,96	0,66	2,3	6,0	4,7
10,98	0,66	2,3	6,0	4,7
11,01	0,66	2,3	6,0	4,7
11,03	0,65	2,3	6,0	4,7
11,06	0,66	2,3	6,0	4,7
11,08	0,66	2,3	6,0	4,7
11,11	0,66	2,3	6,0	4,7
11,13	0,66	2,3	6,0	4,7
11,15	0,66	2,3	6,0	4,7
11,18	0,66	2,3	6,0	4,7
11,20	0,65	2,3	6,0	4,7
11,23	0,66	2,3	6,0	4,7
11,25	0,66	2,3	6,0	4,7
11,28	0,66	2,3	6,0	4,7
11,30	0,66	2,3	6,0	4,7
11,33	0,66	2,3	6,0	4,7
11,35	0,67	2,3	6,0	4,7
11,37	0,67	2,3	6,0	4,7
11,40	0,68	2,3	6,0	4,7
11,42	0,69	2,3	6,0	4,7
11,45	0,68	2,3	6,0	4,7
11,47	0,68	2,3	6,0	4,7
11,50	0,68	2,3	6,0	4,7
11,52	0,69	2,3	6,0	4,7
11,55	0,68	2,3	6,0	4,7
11,57	0,67	2,3	6,0	4,7
11,59	0,68	2,3	6,0	4,7
11,62	0,67	2,3	6,0	4,7
11,64	0,67	2,3	6,0	4,7
11,67	0,67	2,3	6,0	4,7
11,69	0,67	2,3	6,0	4,7
11,72	0,67	2,3	6,0	4,7
11,74	0,67	2,3	6,0	4,7
11,77	0,67	2,3	6,0	4,7
11,79	0,68	2,3	6,0	4,7
11,81	0,69	2,3	6,0	4,7
11,84	0,70	2,3	6,0	4,7
11,86	0,70	2,3	6,0	4,7
11,89	0,69	2,3	6,0	4,7
11,91	0,69	2,3	6,0	4,7
11,94	0,70	2,3	6,0	4,7
11,96	0,69	2,3	6,0	4,7
11,99	0,69	2,3	6,0	4,7
12,01	0,68	2,3	6,0	4,7
12,03	0,69	2,3	6,0	4,7
12,06	0,69	2,3	6,0	4,7
12,08	0,69	2,3	6,0	4,7
12,11	0,70	2,3	6,0	4,7
12,13	0,69	2,3	6,0	4,7
12,16	0,69	2,3	6,0	4,7
12,18	0,70	2,3	6,0	4,7
12,21	0,70	2,3	6,0	4,7
12,23	0,71	2,3	6,0	4,7
12,25	0,71	2,3	6,0	4,7
12,28	0,71	2,3	6,0	4,7
12,30	0,71	2,3	6,0	4,7
12,33	0,71	2,3	6,0	4,7
12,35	0,71	2,3	6,0	4,7
12,38	0,71	2,3	6,0	4,7
12,40	0,71	2,3	6,0	4,7
12,42	0,71	2,3	6,0	4,7
12,45	0,70	2,3	6,0	4,7
12,47	0,70	2,3	6,0	4,7
12,50	0,71	2,3	6,0	4,7
12,52	0,71	2,3	6,0	4,7
12,55	0,71	2,3	6,0	4,7
12,57	0,70	2,3	6,0	4,7
12,60	0,70	2,3	6,0	4,7
12,62	0,71	2,3	6,0	4,7
12,64	0,70	2,3	6,0	4,7
12,67	0,71	2,3	6,0	4,7
12,69	0,71	2,3	6,0	4,7
12,72	0,71	2,3	6,0	4,7
12,74	0,71	2,3	6,0	4,7
12,77	0,70	2,3	6,0	4,7
12,79	0,71	2,3	6,0	4,7
12,82	0,71	2,3	6,0	4,7
12,84	0,71	2,3	6,0	4,7
12,86	0,71	2,3	6,0	4,7
12,89	0,71	2,3	6,0	4,7
12,91	0,71	2,3	6,0	4,7
12,94	0,71	2,3	6,0	4,7
12,96	0,72	2,3	6,0	4,7
12,99	0,72	2,3	6,0	4,7
13,01	0,71	2,3	6,0	4,7
13,04	0,72	2,3	6,0	4,7
13,06	0,72	2,3	6,0	4,7
13,08	0,73	2,3	6,0	4,7
13,11	0,73	2,3	6,0	4,7
13,13	0,73	2,3	6,0	4,7
13,16	0,73	2,3	6,0	4,7
13,18	0,72	2,3	6,0	4,7
13,21	0,73	2,3	6,0	4,7
13,23	0,73	2,3	6,0	4,7
13,26	0,73	2,3	6,0	4,7
13,28	0,72	2,3	6,0	4,7
13,30	0,72	2,3	6,0	4,7
13,33	0,72	2,3	6,0	4,7
13,35	0,72	2,3	6,0	4,7
13,38	0,72	2,3	6,0	4,7
13,40	0,72	2,3	6,0	4,7
13,43	0,71	2,3	6,0	4,7
13,45	0,71	2,3	6,0	4,7
13,47	0,71	2,3	6,0	4,7
13,50	0,71	2,3	6,0	4,7
13,52	0,71	2,3	6,0	4,7
13,55	0,71	2,3	6,0	4,7
13,57	0,71	2,3	6,0	4,7
13,60	0,70	2,3	6,0	4,7
13,62	0,69	2,3	6,0	4,7
13,65	0,69	2,3	6,0	4,7
13,67	0,69	2,3	6,0	4,7
13,69	0,67	2,3	6,0	4,7
13,72	0,66	2,3	6,0	4,7
13,74	0,66	2,3	6,0	4,7
13,77	0,65	2,3	6,0	4,7
13,79	0,65	2,3	6,0	4,7
13,82	0,64	2,3	6,0	4,7
13,84	0,64	2,3	6,0	4,7
13,87	0,63	2,3	6,0	4,7
13,89	0,62	2,3	6,0	4,7
13,91	0,62	2,3	6,0	4,7
13,94	0,61	2,3	6,0	4,7
13,96	0,61	2,3	6,0	4,7
13,99	0,60	2,3	6,0	4,7
14,01	0,59	2,3	6,0	4,7
14,04	0,58	2,3	6,0	4,7
14,06	0,57	2,3	6,0	4,7
14,09	0,57	2,3	6,0	4,7
14,11	0,56	2,3	6,0	4,7
14,13	0,55	2,3	6,0	4,7
14,16	0,54	2,3	6,0	4,7
14,18	0,53	2,3	6,0	4,7
14,21	0,53	2,3	6,0	4,7
14,23	0,52	2,3	6,0	4,7
14,26	0,52	2,3	6,0	4,7
14,28	0,51	2,3	6,0	4,7
14,31	0,50	2,3	6,0	4,7
14,33	0,48	2,3	6,0	4,7
14,35	0,49	2,3	6,0	4,7
14,38	0,48	2,3	6,0	4,7
14,40	0,48	2,3	6,0	4,7
14,43	0,46	2,3	6,0	4,7
14,45	0,45	2,3	6,0	4,7
14,48	0,45	2,3	6,0	4,7
14,50	0,44	2,3	6,0	4,7
14,52	0,44	2,3	6,0	4,7
14,55	0,43	2,3	6,0	4,7
14,57	0,42	2,3	6,0	4,7
14,60	0,42	2,3	6,0	4,7
14,62	0,41	2,3	6,0	4,7
14,65	0,42	2,3	6,0	4,7
14,67	0,42	2,3	6,0	4,7
14,70	0,42	2,3	6,0	4,7
14,72	0,41	2,3	6,0	4,7
14,74	0,40	2,3	6,0	4,7
14,77	0,40	2,3	6,0	4,7
14,79	0,40	2,3	6,0	4,7
14,82	0,39	2,3	6,0	4,7
14,84	0,39	2,3	6,0	4,7
14,87	0,38	2,3	6,0	4,7
14,89	0,38	2,3	6,0	4,7
14,92	0,37	2,3	6,0	4,7
14,94	0,38	2,3	6,0	4,7
14,96	0,38	2,3	6,0	4,7
14,99	0,37	2,3	6,0	4,7
15,01	0,36	2,3	6,0	4,7
15,04	0,37	2,3	6,0	4,7
15,06	0,36	2,3	6,0	4,7
15,09	0,37	2,3	6,0	4,7
15,11	0,37	2,3	6,0	4,7
15,14	0,36	2,3	6,0	4,7
15,16	0,35	2,3	6,0	4,7
15,18	0,35	2,3	6,0	4,7
15,21	0,35	2,3	6,0	4,7
15,23	0,35	2,3	6,0	4,7
15,26	0,34	2,3	6,0	4,7
15,28	0,35	2,3	6,0	4,7
15,31	0,34	2,3	6,0	4,7
15,33	0,34	2,3	6,0	4,7
15,36	0,34	2,3	6,0	4,7
15,38	0,34	2,3	6,0	4,7
15,40	0,34	2,3	6,0	4,7
15,43	0,33	2,3	6,0	4,7
15,45	0,33	2,3	6,0	4,7
15,48	0,34	2,3	6,0	4,7
15,50	0,34	2,3	6,0	4,7
15,53	0,35	2,3	6,0	4,7
15,55	0,35	2,3	6,0	4,7
15,57	0,35	2,3	6,0	4,7
15,60	0,35	2,3	6,0	4,7
15,62	0,35	2,3	6,0	4,7
15,65	0,36	2,3	6,0	4,7
15,67	0,37	2,3	6,0	4,7
15,70	0,36	2,3	6,0	4,7
15,72	0,37	2,3	6,0	4,7
15,75	0,37	2,3	6,0	4,7
15,77	0,38	2,3	6,0	4,7
15,79	0,38	2,3	6,0	4,7
15,82	0,40	2,3	6,0	4,7
15,84	0,40	2,3	6,0	4,7
15,87	0,40	2,3	6,0	4,7
15,89	0,40	2,3	6,0	4,7
15,92	0,41	2,3	6,0	4,7
15,94	0,42	2,3	6,0	4,7
15,97	0,43	2,3	6,0	4,7
15,99	0,43	2,3	6,0	4,7
16,01	0,44	2,3	6,0	4,7
16,04	0,44	2,3	6,0	4,7
16,06	0,44	2,3	6,0	4,7
16,09	0,46	2,3	6,0	4,7
16,11	0,47	2,3	6,0	4,7
16,14	0,46	2,3	6,0	4,7
16,16	0,47	2,3	6,0	4,7
16,19	0,48	2,3	6,0	4,7
16,21	0,49	2,3	6,0	4,7
16,23	0,50	2,3	6,0	4,7
16,26	0,51	2,3	6,0	4,7
16,28	0,51	2,3	6,0	4,7
16,31	0,51	2,3	6,0	4,7
16,33	0,52	2,3	6,0	4,7
16,36	0,54	2,3	6,0	4,7
16,38	0,55	2,3	6,0	4,7
16,41	0,56	2,3	6,0	4,7
16,43	0,57	2,3	6,0	4,7
16,45	0,57	2,3	6,0	4,7
16,48	0,57	2,3	6,0	4,7
16,50	0,59	2,3	6,0	4,7
16,53	0,59	2,3	6,0	4,7
16,55	0,59	2,3	6,0	4,7
16,58	0,60	2,3	6,0	4,7
16,60	0,61	2,3	6,0	4,7
16,63	0,61	2,3	6,0	4,7
16,65	0,62	2,3	6,0	4,7
16,67	0,64	2,3	6,0	4,7
16,70	0,64	2,3	6,0	4,7
16,72	0,64	2,3	6,0	4,7
16,75	0,65	2,3	6,0	4,7
16,77	0,66	2,3	6,0	4,7
16,80	0,67	2,3	6,0	4,7
16,82	0,68	2,3	6,0	4,7
16,84	0,69	2,3	6,0	4,7
16,87	0,69	2,3	6,0	4,7
16,89	0,69	2,3	6,0	4,7
16,92	0,70	2,3	6,0	4,7
16,94	0,72	2,3	6,0	4,7
16,97	0,72	2,3	6,0	4,7
16,99	0,72	2,3	6,0	4,7
17,02	0,73	2,3	6,0	4,7
17,04	0,74	2,3	6,0	4,7
17,06	0,75	2,3	6,0	4,7
17,09	0,76	2,3	6,0	4,7
17,11	0,77	2,3	6,0	4,7
17,14	0,78	2,3	6,0	4,7
17,16	0,78	2,3	6,0	4,7
17,19	0,79	2,3	6,0	4,7
17,21	0,80	2,3	6,0	4,7
17,24	0,81	2,3	6,0	4,7
17,26	0,82	2,3	6,0	4,7
17,28	0,82	2,3	6,0	4,7
17,31	0,83	2,3	6,0	4,7
17,33	0,82	2,3	6,0	4,7
17,36	0,83	2,3	6,0	4,7
17,38	0,85	2,3	6,0	4,7
17,41	0,85	2,3	6,0	4,7
17,43	0,85	2,3	6,0	4,7
17,46	0,86	2,3	6,0	4,7
17,48	0,87	2,3	6,0	4,7
17,50	0,89	2,3	6,0	4,7
17,53	0,90	2,3	6,0	4,7
17,55	0,91	2,3	6,0	4,7
17,58	0,92	2,3	6,0	4,7
17,60	0,92	2,3	6,0	4,7
17,63	0,92	2,3	6,0	4,7
17,65	0,94	2,3	6,0	4,7
17,68	0,94	2,3	6,0	4,7
17,70	0,95	2,3	6,0	4,7
17,72	0,95	2,3	6,0	4,7
17,75	0,96	2,3	6,0	4,7
17,77	0,97	2,3	6,0	4,7
17,80	0,97	2,3	6,0	4,7
17,82	0,99	2,3	6,0	4,7
17,85	0,99	2,3	6,0	4,7
17,87	1,00	2,3	6,0	4,7
17,89	1,01	2,3	6,0	4,7
17,92	1,02	2,3	6,0	4,7
17,94	1,04	2,3	6,0	4,7
17,97	1,05	2,3	6,0	4,7
17,99	1,06	2,3	6,0	4,7
18,02	1,06	2,3	6,0	4,7
18,04	1,07	2,3	6,0	4,7
18,07	1,08	2,3	6,0	4,7
18,09	1,09	2,3	6,0	4,7
18,11	1,10	2,3	6,0	4,7
18,14	1,10	2,3	6,0	4,7
18,16	1,10	2,3	6,0	4,7
18,19	1,11	2,3	6,0	4,7
18,21	1,11	2,3	6,0	4,7
18,24	1,13	2,3	6,0	4,7
18,26	1,14	2,3	6,0	4,7
18,29	1,14	2,3	6,0	4,7
18,31	1,15	2,3	6,0	4,7
18,33	1,16	2,3	6,0	4,7
18,36	1,17	2,3	6,0	4,7
18,38	1,19	2,3	6,0	4,7
18,41	1,20	2,3	6,0	4,7
18,43	1,20	2,3	6,0	4,7
18,46	1,21	2,3	6,0	4,7
18,48	1,22	2,3	6,0	4,7
18,51	1,23	2,3	6,0	4,7
18,53	1,23	2,3	6,0	4,7
18,55	1,24	2,3	6,0	4,7
18,58	1,25	2,3	6,0	4,7
18,60	1,25	2,3	6,0	4,7
18,63	1,26	2,3	6,0	4,7
18,65	1,26	2,3	6,0	4,7
18,68	1,27	2,3	6,0	4,7
18,70	1,28	2,3	6,0	4,7
18,73	1,27	2,3	6,0	4,7
18,75	1,29	2,3	6,0	4,7
18,77	1,30	2,3	6,0	4,7
18,80	1,31	2,3	6,0	4,7
18,82	1,32	2,3	6,0	4,7
18,85	1,33	2,3	6,0	4,7
18,87	1,34	2,3	6,0	4,7
18,90	1,33	2,3	6,0	4,7
18,92	1,34	2,3	6,0	4,7
18,94	1,35	2,3	6,0	4,7
18,97	1,36	2,3	6,0	4,7
18,99	1,36	2,3	6,0	4,7
19,02	1,37	2,3	6,0	4,7
19,04	1,38	2,3	6,0	4,7
19,07	1,38	2,3	6,0	4,7
19,09	1,39	2,3	6,0	4,7
19,12	1,41	2,3	6,0	4,7
19,14	1,41	2,3	6,0	4,7
19,16	1,41	2,3	6,0	4,7
19,19	1,42	2,3	6,0	4,7
19,21	1,43	2,3	6,0	4,7
19,24	1,44	2,3	6,0	4,7
19,26	1,46	2,3	6,0	4,7
19,29	1,46	2,3	6,0	4,7
19,31	1,46	2,3	6,0	4,7
19,34	1,47	2,3	6,0	4,7
19,36	1,47	2,3	6,0	4,7
19,38	1,49	2,3	6,0	4,7
19,41	1,49	2,3	6,0	4,7
19,43	1,50	2,3	6,0	4,7
19,46	1,50	2,3	6,0	4,7
19,48	1,51	2,3	6,0	4,7
19,51	1,52	2,3	6,0	4,7
19,53	1,53	2,3	6,0	4,7
19,56	1,54	2,3	6,0	4,7
19,58	1,54	2,3	6,0	4,7
19,60	1,55	2,3	6,0	4,7
19,63	1,56	2,3	6,0	4,7
19,65	1,57	2,3	6,0	4,7
19,68	1,58	2,3	6,0	4,7
19,70	1,58	2,3	6,0	4,7
19,73	1,59	2,3	6,0	4,7
19,75	1,59	2,3	6,0	4,7
19,78	1,59	2,3	6,0	4,7
19,80	1,61	2,3	6,0	4,7
19,82	1,61	2,3	6,0	4,7
19,85	1,61	2,3	6,0	4,7
19,87	1,62	2,3	6,0	4,7
19,90	1,63	2,3	6,0	4,7
19,92	1,64	2,3	6,0	4,7
19,95	1,64	2,3	6,0	4,7
19,97	1,66	2,3	6,0	4,7
19,99	1,66	2,3	6,0	4,7
20,02	1,66	2,3	6,0	4,7
20,04	1,67	2,3	6,0	4,7
20,07	1,68	2,3	6,0	4,7
20,09	1,68	2,3	6,0	4,7
20,12	1,70	2,3	6,0	4,7
20,14	1,70	2,3	6,0	4,7
20,17	1,70	2,3	6,0	4,7
20,19	1,70	2,3	6,0	4,7
20,21	1,71	2,3	6,0	4,7
20,24	1,72	2,3	6,0	4,7
20,26	1,72	2,3	6,0	4,7
20,29	1,72	2,3	6,0	4,7
20,31	1,73	2,3	6,0	4,7
20,34	1,74	2,3	6,0	4,7
20,36	1,75	2,3	6,0	4,7
20,39	1,76	2,3	6,0	4,7
20,41	1,77	2,3	6,0	4,7
20,43	1,77	2,3	6,0	4,7
20,46	1,76	2,3	6,0	4,7
20,48	1,77	2,3	6,0	4,7
20,51	1,78	2,3	6,0	4,7
20,53	1,79	2,3	6,0	4,7
20,56	1,79	2,3	6,0	4,7
20,58	1,79	2,3	6,0	4,7
20,61	1,80	2,3	6,0	4,7
20,63	1,79	2,3	6,0	4,7
20,65	1,80	2,3	6,0	4,7
20,68	1,81	2,3	6,0	4,7
20,70	1,81	2,3	6,0	4,7
20,73	1,81	2,3	6,0	4,7
20,75	1,82	2,3	6,0	4,7
20,78	1,82	2,3	6,0	4,7
20,80	1,84	2,3	6,0	4,7
20,83	1,84	2,3	6,0	4,7
20,85	1,85	2,3	6,0	4,7
20,87	1,85	2,3	6,0	4,7
20,90	1,85	2,3	6,0	4,7
20,92	1,86	2,3	6,0	4,7
20,95	1,87	2,3	6,0	4,7
20,97	1,86	2,3	6,0	4,7
21,00	1,87	2,3	6,0	4,7
21,02	1,86	2,3	6,0	4,7
21,05	1,87	2,3	6,0	4,7
21,07	1,87	2,3	6,0	4,7
21,09	1,88	2,3	6,0	4,7
21,12	1,89	2,3	6,0	4,7
21,14	1,88	2,3	6,0	4,7
21,17	1,88	2,3	6,0	4,7
21,19	1,90	2,3	6,0	4,7
21,22	1,90	2,3	6,0	4,7
21,24	1,92	2,3	6,0	4,7
21,26	1,92	2,3	6,0	4,7
21,29	1,93	2,3	6,0	4,7
21,31	1,92	2,3	6,0	4,7
21,34	1,93	2,3	6,0	4,7
21,36	1,94	2,3	6,0	4,7
21,39	1,94	2,3	6,0	4,7
21,41	1,95	2,3	6,0	4,7
21,44	1,95	2,3	6,0	4,7
21,46	1,95	2,3	6,0	4,7
21,48	1,95	2,3	6,0	4,7
21,51	1,95	2,3	6,0	4,7
21,53	1,96	2,3	6,0	4,7
21,56	1,96	2,3	6,0	4,7
21,58	1,96	2,3	6,0	4,7
21,61	1,97	2,3	6,0	4,7
21,63	1,98	2,3	6,0	4,7
21,66	1,98	2,3	6,0	4,7
21,68	1,99	2,3	6,0	4,7
21,70	2,00	2,3	6,0	4,7
21,73	1,99	2,3	6,0	4,7
21,75	1,99	2,3	6,0	4,7
21,78	1,99	2,3	6,0	4,7
21,80	2,01	2,3	6,0	4,7
21,83	2,01	2,3	6,0	4,7
21,85	2,00	2,3	6,0	4,7
21,88	2,00	2,3	6,0	4,7
21,90	2,00	2,3	6,0	4,7
21,92	2,01	2,3	6,0	4,7
21,95	2,01	2,3	6,0	4,7
21,97	2,02	2,3	6,0	4,7
22,00	2,03	2,3	6,0	4,7
22,02	2,02	2,3	6,0	4,7
22,05	2,03	2,3	6,0	4,7
22,07	2,04	2,3	6,0	4,7
22,10	2,04	2,3	6,0	4,7
22,12	2,05	2,3	6,0	4,7
22,14	2,05	2,3	6,0	4,7
22,17	2,05	2,3	6,0	4,7
22,19	2,04	2,3	6,0	4,7
22,22	2,05	2,3	6,0	4,7
22,24	2,06	2,3	6,0	4,7
22,27	2,06	2,3	6,0	4,7
22,29	2,05	2,3	6,0	4,7
22,31	2,06	2,3	6,0	4,7
22,34	2,07	2,3	6,0	4,7
22,36	2,07	2,3	6,0	4,7
22,39	2,09	2,3	6,0	4,7
22,41	2,09	2,3	6,0	4,7
22,44	2,09	2,3	6,0	4,7
22,46	2,09	2,3	6,0	4,7
22,49	2,10	2,3	6,0	4,7
22,51	2,11	2,3	6,0	4,7
22,53	2,11	2,3	6,0	4,7
22,56	2,11	2,3	6,0	4,7
22,58	2,12	2,3	6,0	4,7
22,61	2,11	2,3	6,0	4,7
22,63	2,11	2,3	6,0	4,7
22,66	2,12	2,3	6,0	4,7
22,68	2,13	2,3	6,0	4,7
22,71	2,13	2,3	6,0	4,7
22,73	2,13	2,3	6,0	4,7
22,75	2,13	2,3	6,0	4,7
22,78	2,14	2,3	6,0	4,7
22,80	2,15	2,3	6,0	4,7
22,83	2,15	2,3	6,0	4,7
22,85	2,15	2,3	6,0	4,7
22,88	2,15	2,3	6,0	4,7
22,90	2,15	2,3	6,0	4,7
22,93	2,16	2,3	6,0	4,7
22,95	2,17	2,3	6,0	4,7
22,97	2,17	2,3	6,0	4,7
23,00	2,16	2,3	6,0	4,7
23,02	2,17	2,3	6,0	4,7
23,05	2,17	2,3	6,0	4,7
23,07	2,17	2,3	6,0	4,7
23,10	2,18	2,3	6,0	4,7
23,12	2,18	2,3	6,0	4,7
23,15	2,18	2,3	6,0	4,7
23,17	2,18	2,3	6,0	4,7
23,19	2,19	2,3	6,0	4,7
23,22	2,20	2,3	6,0	4,7
23,24	2,20	2,3	6,0	4,7
23,27	2,21	2,3	6,0	4,7
23,29	2,20	2,3	6,0	4,7
23,32	2,20	2,3	6,0	4,7
23,34	2,20	2,3	6,0	4,7
23,36	2,21	2,3	6,0	4,7
23,39	2,22	2,3	6,0	4,7
23,41	2,22	2,3	6,0	4,7
23,44	2,22	2,3	6,0	4,7
23,46	2,22	2,3	6,0	4,7
23,49	2,22	2,3	6,0	4,7
23,51	2,23	2,3	6,0	4,7
23,54	2,24	2,3	6,0	4,7
23,56	2,24	2,3	6,0	4,7
23,58	2,24	2,3	6,0	4,7
23,61	2,24	2,3	6,0	4,7
23,63	2,25	2,3	6,0	4,7
23,66	2,25	2,3	6,0	4,7
23,68	2,26	2,3	6,0	4,7
23,71	2,27	2,3	6,0	4,7
23,73	2,26	2,3	6,0	4,7
23,76	2,25	2,3	6,0	4,7
23,78	2,27	2,3	6,0	4,7
23,80	2,28	2,3	6,0	4,7
23,83	2,28	2,3	6,0	4,7
23,85	2,28	2,3	6,0	4,7
23,88	2,28	2,3	6,0	4,7
23,90	2,28	2,3	6,0	4,7
23,93	2,28	2,3	6,0	4,7
23,95	2,29	2,3	6,0	4,7
23,98	2,30	2,3	6,0	4,7
24,00	2,29	2,3	6,0	4,7
24,02	2,29	2,3	6,0	4,7
24,05	2,30	2,3	6,0	4,7
24,07	2,30	2,3	6,0	4,7
24,10	2,31	2,3	6,0	4,7
24,12	2,31	2,3	6,0	4,7
24,15	2,31	2,3	6,0	4,7
24,17	2,30	2,3	6,0	4,7
24,20	2,30	2,3	6,0	4,7
24,22	2,31	2,3	6,0	4,7
24,24	2,32	2,3	6,0	4,7
24,27	2,32	2,3	6,0	4,7
24,29	2,32	2,3	6,0	4,7
24,32	2,32	2,3	6,0	4,7
24,34	2,32	2,3	6,0	4,7
24,37	2,33	2,3	6,0	4,7
24,39	2,32	2,3	6,0	4,7
24,42	2,33	2,3	6,0	4,7
24,44	2,33	2,3	6,0	4,7
24,46	2,33	2,3	6,0	4,7
24,49	2,34	2,3	6,0	4,7
24,51	2,34	2,3	6,0	4,7
24,54	2,35	2,3	6,0	4,7
24,56	2,34	2,3	6,0	4,7
24,59	2,34	2,3	6,0	4,7
24,61	2,34	2,3	6,0	4,7
24,63	2,34	2,3	6,0	4,7
24,66	2,35	2,3	6,0	4,7
24,68	2,35	2,3	6,0	4,7
24,71	2,35	2,3	6,0	4,7
24,73	2,36	2,3	6,0	4,7
24,76	2,36	2,3	6,0	4,7
24,78	2,38	2,3	6,0	4,7
24,81	2,38	2,3	6,0	4,7
24,83	2,39	2,3	6,0	4,7
24,85	2,38	2,3	6,0	4,7
24,88	2,38	2,3	6,0	4,7
24,90	2,39	2,3	6,0	4,7
24,93	2,39	2,3	6,0	4,7
24,95	2,40	2,3	6,0	4,7
24,98	2,40	2,3	6,0	4,7
25,00	2,40	2,3	6,0	4,7
25,03	2,40	2,3	6,0	4,7
25,05	2,39	2,3	6,0	4,7
25,07	2,40	2,3	6,0	4,7
25,10	2,41	2,3	6,0	4,7
25,12	2,41	2,3	6,0	4,7
25,15	2,40	2,3	6,0	4,7
25,17	2,41	2,3	6,0	4,7
25,20	2,41	2,3	6,0	4,7
25,22	2,42	2,3	6,0	4,7
25,25	2,43	2,3	6,0	4,7
25,27	2,43	2,3	6,0	4,7
25,29	2,43	2,3	6,0	4,7
25,32	2,43	2,3	6,0	4,7
25,34	2,44	2,3	6,0	4,7
25,37	2,45	2,3	6,0	4,7
25,39	2,44	2,3	6,0	4,7
25,42	2,45	2,3	6,0	4,7
25,44	2,44	2,3	6,0	4,7
25,47	2,44	2,3	6,0	4,7
25,49	2,43	2,3	6,0	4,7
25,51	2,45	2,3	6,0	4,7
25,54	2,45	2,3	6,0	4,7
25,56	2,44	2,3	6,0	4,7
25,59	2,44	2,3	6,0	4,7
25,61	2,45	2,3	6,0	4,7
25,64	2,45	2,3	6,0	4,7
25,66	2,46	2,3	6,0	4,7
25,68	2,46	2,3	6,0	4,7
25,71	2,47	2,3	6,0	4,7
25,73	2,46	2,3	6,0	4,7
25,76	2,46	2,3	6,0	4,7
25,78	2,47	2,3	6,0	4,7
25,81	2,47	2,3	6,0	4,7
25,83	2,47	2,3	6,0	4,7
25,86	2,47	2,3	6,0	4,7
25,88	2,46	2,3	6,0	4,7
25,90	2,46	2,3	6,0	4,7
25,93	2,46	2,3	6,0	4,7
25,95	2,46	2,3	6,0	4,7
25,98	2,47	2,3	6,0	4,7
26,00	2,46	2,3	6,0	4,7
26,03	2,46	2,3	6,0	4,7
26,05	2,47	2,3	6,0	4,7
26,08	2,48	2,3	6,0	4,7
26,10	2,48	2,3	6,0	4,7
26,12	2,48	2,3	6,0	4,7
26,15	2,48	2,3	6,0	4,7
26,17	2,48	2,3	6,0	4,7
26,20	2,48	2,3	6,0	4,7
26,22	2,49	2,3	6,0	4,7
26,25	2,49	2,3	6,0	4,7
26,27	2,49	2,3	6,0	4,7
26,30	2,49	2,3	6,0	4,7
26,32	2,49	2,3	6,0	4,7
26,34	2,49	2,3	6,0	4,7
26,37	2,49	2,3	6,0	4,7
26,39	2,50	2,3	6,0	4,7
26,42	2,50	2,3	6,0	4,7
26,44	2,50	2,3	6,0	4,7
26,47	2,50	2,3	6,0	4,7
26,49	2,51	2,3	6,0	4,7
26,52	2,52	2,3	6,0	4,7
26,54	2,52	2,3	6,0	4,7
26,56	2,52	2,3	6,0	4,7
26,59	2,51	2,3	6,0	4,7
26,61	2,51	2,3	6,0	4,7
26,64	2,52	2,3	6,0	4,7
26,66	2,53	2,3	6,0	4,7
26,69	2,53	2,3	6,0	4,7
26,71	2,52	2,3	6,0	4,7
26,73	2,52	2,3	6,0	4,7
26,76	2,52	2,3	6,0	4,7
26,78	2,53	2,3	6,0	4,7
26,81	2,54	2,3	6,0	4,7
26,83	2,54	2,3	6,0	4,7
26,86	2,54	2,3	6,0	4,7
26,88	2,53	2,3	6,0	4,7
26,91	2,54	2,3	6,0	4,7
26,93	2,55	2,3	6,0	4,7
26,95	2,55	2,3	6,0	4,7
26,98	2,55	2,3	6,0	4,7
27,00	2,55	2,3	6,0	4,7
27,03	2,54	2,3	6,0	4,7
27,05	2,54	2,3	6,0	4,7
27,08	2,55	2,3	6,0	4,7
27,10	2,55	2,3	6,0	4,7
27,13	2,54	2,3	6,0	4,7
27,15	2,55	2,3	6,0	4,7
27,17	2,55	2,3	6,0	4,7
27,20	2,55	2,3	6,0	4,7
27,22	2,55	2,3	6,0	4,7
27,25	2,56	2,3	6,0	4,7
27,27	2,56	2,3	6,0	4,7
27,30	2,55	2,3	6,0	4,7
27,32	2,55	2,3	6,0	4,7
27,35	2,56	2,3	6,0	4,7
27,37	2,56	2,3	6,0	4,7
27,39	2,56	2,3	6,0	4,7
27,42	2,55	2,3	6,0	4,7
27,44	2,55	2,3	6,0	4,7
27,47	2,55	2,3	6,0	4,7
27,49	2,55	2,3	6,0	4,7
27,52	2,56	2,3	6,0	4,7
27,54	2,56	2,3	6,0	4,7
27,57	2,55	2,3	6,0	4,7
27,59	2,55	2,3	6,0	4,7
27,61	2,56	2,3	6,0	4,7
27,64	2,57	2,3	6,0	4,7
27,66	2,57	2,3	6,0	4,7
27,69	2,58	2,3	6,0	4,7
27,71	2,58	2,3	6,0	4,7
27,74	2,58	2,3	6,0	4,7
27,76	2,58	2,3	6,0	4,7
27,78	2,59	2,3	6,0	4,7
27,81	2,59	2,3	6,0	4,7
27,83	2,60	2,3	6,0	4,7
27,86	2,59	2,3	6,0	4,7
27,88	2,59	2,3	6,0	4,7
27,91	2,59	2,3	6,0	4,7
27,93	2,59	2,3	6,0	4,7
27,96	2,60	2,3	6,0	4,7
27,98	2,60	2,3	6,0	4,7
28,00	2,60	2,3	6,0	4,7
28,03	2,61	2,3	6,0	4,7
28,05	2,60	2,3	6,0	4,7
28,08	2,62	2,3	6,0	4,7
28,10	2,61	2,3	6,0	4,7
28,13	2,62	2,3	6,0	4,7
28,15	2,62	2,3	6,0	4,7
28,18	2,62	2,3	6,0	4,7
28,20	2,63	2,3	6,0	4,7
28,22	2,63	2,3	6,0	4,7
28,25	2,63	2,3	6,0	4,7
28,27	2,63	2,3	6,0	4,7
28,30	2,62	2,3	6,0	4,7
28,32	2,61	2,3	6,0	4,7
28,35	2,62	2,3	6,0	4,7
28,37	2,63	2,3	6,0	4,7
28,40	2,63	2,3	6,0	4,7
28,42	2,62	2,3	6,0	4,7
28,44	2,62	2,3	6,0	4,7
28,47	2,63	2,3	6,0	4,7
28,49	2,63	2,3	6,0	4,7
28,52	2,64	2,3	6,0	4,7
28,54	2,64	2,3	6,0	4,7
28,57	2,64	2,3	6,0	4,7
28,59	2,63	2,3	6,0	4,7
28,62	2,63	2,3	6,0	4,7
28,64	2,64	2,3	6,0	4,7
28,66	2,65	2,3	6,0	4,7
28,69	2,64	2,3	6,0	4,7
28,71	2,64	2,3	6,0	4,7
28,74	2,64	2,3	6,0	4,7
28,76	2,64	2,3	6,0	4,7
28,79	2,64	2,3	6,0	4,7
28,81	2,65	2,3	6,0	4,7
28,84	2,65	2,3	6,0	4,7
28,86	2,65	2,3	6,0	4,7
28,88	2,65	2,3	6,0	4,7
28,91	2,65	2,3	6,0	4,7
28,93	2,66	2,3	6,0	4,7
28,96	2,66	2,3	6,0	4,7
28,98	2,66	2,3	6,0	4,7
29,01	2,67	2,3	6,0	4,7
29,03	2,66	2,3	6,0	4,7
29,05	2,66	2,3	6,0	4,7
29,08	2,67	2,3	6,0	4,7
29,10	2,67	2,3	6,0	4,7
29,13	2,67	2,3	6,0	4,7
29,15	2,66	2,3	6,0	4,7
29,18	2,67	2,3	6,0	4,7
29,20	2,66	2,3	6,0	4,7
29,23	2,67	2,3	6,0	4,7
29,25	2,67	2,3	6,0	4,7
29,27	2,68	2,3	6,0	4,7
29,30	2,67	2,3	6,0	4,7
29,32	2,68	2,3	6,0	4,7
29,35	2,69	2,3	6,0	4,7
29,37	2,69	2,3	6,0	4,7
29,40	2,69	2,3	6,0	4,7
29,42	2,68	2,3	6,0	4,7
29,45	2,69	2,3	6,0	4,7
29,47	2,68	2,3	6,0	4,7
29,49	2,68	2,3	6,0	4,7
29,52	2,69	2,3	6,0	4,7
29,54	2,69	2,3	6,0	4,7
29,57	2,68	2,3	6,0	4,7
29,59	2,68	2,3	6,0	4,7
29,62	2,67	2,3	6,0	4,7
29,64	2,68	2,3	6,0	4,7
29,67	2,68	2,3	6,0	4,7
29,69	2,69	2,3	6,0	4,7
29,71	2,68	2,3	6,0	4,7
29,74	2,68	2,3	6,0	4,7
29,76	2,69	2,3	6,0	4,7
29,79	2,69	2,3	6,0	4,7
29,81	2,70	2,3	6,0	4,7
29,84	2,70	2,3	6,0	4,7
29,86	2,70	2,3	6,0	4,7
29,89	2,69	2,3	6,0	4,7
29,91	2,69	2,3	6,0	4,7
29,93	2,70	2,3	6,0	4,7
29,96	2,70	2,3	6,0	4,7
29,98	2,69	2,3	6,0	4,7
30,01	2,69	2,3	6,0	4,7
30,03	2,69	2,3	6,0	4,7
30,06	2,68	2,3	6,0	4,7
30,08	2,68	2,3	6,0	4,7
30,10	2,69	2,3	6,0	4,7
30,13	2,69	2,3	6,0	4,7
30,15	2,68	2,3	6,0	4,7
30,18	2,67	2,3	6,0	4,7
30,20	2,68	2,3	6,0	4,7
30,23	2,68	2,3	6,0	4,7
30,25	2,67	2,3	6,0	4,7
30,28	2,66	2,3	6,0	4,7
30,30	2,64	2,3	6,0	4,7
30,32	2,63	2,3	6,0	4,7
30,35	2,63	2,3	6,0	4,7
30,37	2,63	2,3	6,0	4,7
30,40	2,62	2,3	6,0	4,7
30,42	2,60	2,3	6,0	4,7
30,45	2,59	2,3	6,0	4,7
30,47	2,58	2,3	6,0	4,7
30,50	2,58	2,3	6,0	4,7
30,52	2,56	2,3	6,0	4,7
30,54	2,56	2,3	6,0	4,7
30,57	2,55	2,3	6,0	4,7
30,59	2,53	2,3	6,0	4,7
30,62	2,52	2,3	6,0	4,7
30,64	2,51	2,3	6,0	4,7
30,67	2,49	2,3	6,0	4,7
30,69	2,48	2,3	6,0	4,7
30,72	2,46	2,3	6,0	4,7
30,74	2,44	2,3	6,0	4,7
30,76	2,42	2,3	6,0	4,7
30,79	2,40	2,3	6,0	4,7
30,81	2,40	2,3	6,0	4,7
30,84	2,38	2,3	6,0	4,7
30,86	2,36	2,3	6,0	4,7
30,89	2,34	2,3	6,0	4,7
30,91	2,33	2,3	6,0	4,7
30,94	2,32	2,3	6,0	4,7
30,96	2,31	2,3	6,0	4,7
30,98	2,30	2,3	6,0	4,7
31,01	2,28	2,3	6,0	4,7
31,03	2,26	2,3	6,0	4,7
31,06	2,25	2,3	6,0	4,7
31,08	2,24	2,3	6,0	4,7
31,11	2,22	2,3	6,0	4,7
31,13	2,20	2,3	6,0	4,7
31,15	2,17	2,3	6,0	4,7
31,18	2,15	2,3	6,0	4,7
31,20	2,14	2,3	6,0	4,7
31,23	2,13	2,3	6,0	4,7
31,25	2,12	2,3	6,0	4,7
31,28	2,10	2,3	6,0	4,7
31,30	2,08	2,3	6,0	4,7
31,33	2,08	2,3	6,0	4,7
31,35	2,06	2,3	6,0	4,7
31,37	2,06	2,3	6,0	4,7
31,40	2,04	2,3	6,0	4,7
31,42	2,03	2,3	6,0	4,7
31,45	2,01	2,3	6,0	4,7
31,47	1,99	2,3	6,0	4,7
31,50	1,99	2,3	6,0	4,7
31,52	1,98	2,3	6,0	4,7
31,55	1,96	2,3	6,0	4,7
31,57	1,95	2,3	6,0	4,7
31,59	1,92	2,3	6,0	4,7
31,62	1,91	2,3	6,0	4,7
31,64	1,91	2,3	6,0	4,7
31,67	1,90	2,3	6,0	4,7
31,69	1,89	2,3	6,0	4,7
31,72	1,88	2,3	6,0	4,7
31,74	1,87	2,3	6,0	4,7
31,77	1,86	2,3	6,0	4,7
31,79	1,86	2,3	6,0	4,7
31,81	1,85	2,3	6,0	4,7
31,84	1,84	2,3	6,0	4,7
31,86	1,83	2,3	6,0	4,7
31,89	1,81	2,3	6,0	4,7
31,91	1,81	2,3	6,0	4,7
31,94	1,80	2,3	6,0	4,7
31,96	1,80	2,3	6,0	4,7
31,99	1,78	2,3	6,0	4,7
32,01	1,78	2,3	6,0	4,7
32,03	1,77	2,3	6,0	4,7
32,06	1,76	2,3	6,0	4,7
32,08	1,76	2,3	6,0	4,7
32,11	1,77	2,3	6,0	4,7
32,13	1,76	2,3	6,0	4,7
32,16	1,75	2,3	6,0	4,7
32,18	1,74	2,3	6,0	4,7
32,20	1,74	2,3	6,0	4,7
32,23	1,74	2,3	6,0	4,7
32,25	1,73	2,3	6,0	4,7
32,28	1,72	2,3	6,0	4,7
32,30	1,72	2,3	6,0	4,7
32,33	1,70	2,3	6,0	4,7
32,35	1,70	2,3	6,0	4,7
32,38	1,71	2,3	6,0	4,7
32,40	1,70	2,3	6,0	4,7
32,42	1,70	2,3	6,0	4,7
32,45	1,69	2,3	6,0	4,7
32,47	1,69	2,3	6,0	4,7
32,50	1,69	2,3	6,0	4,7
32,52	1,69	2,3	6,0	4,7
32,55	1,70	2,3	6,0	4,7
32,57	1,69	2,3	6,0	4,7
32,60	1,69	2,3	6,0	4,7
32,62	1,69	2,3	6,0	4,7
32,64	1,69	2,3	6,0	4,7
32,67	1,69	2,3	6,0	4,7
32,69	1,69	2,3	6,0	4,7
32,72	1,69	2,3	6,0	4,7
32,74	1,68	2,3	6,0	4,7
32,77	1,68	2,3	6,0	4,7
32,79	1,69	2,3	6,0	4,7
32,82	1,69	2,3	6,0	4,7
32,84	1,69	2,3	6,0	4,7
32,86	1,69	2,3	6,0	4,7
32,89	1,69	2,3	6,0	4,7
32,91	1,69	2,3	6,0	4,7
32,94	1,69	2,3	6,0	4,7
32,96	1,70	2,3	6,0	4,7
32,99	1,70	2,3	6,0	4,7
33,01	1,70	2,3	6,0	4,7
33,04	1,70	2,3	6,0	4,7
33,06	1,71	2,3	6,0	4,7
33,08	1,71	2,3	6,0	4,7
33,11	1,71	2,3	6,0	4,7
33,13	1,71	2,3	6,0	4,7
33,16	1,72	2,3	6,0	4,7
33,18	1,71	2,3	6,0	4,7
33,21	1,72	2,3	6,0	4,7
33,23	1,73	2,3	6,0	4,7
33,26	1,73	2,3	6,0	4,7
33,28	1,73	2,3	6,0	4,7
33,30	1,73	2,3	6,0	4,7
33,33	1,74	2,3	6,0	4,7
33,35	1,74	2,3	6,0	4,7
33,38	1,74	2,3	6,0	4,7
33,40	1,76	2,3	6,0	4,7
33,43	1,76	2,3	6,0	4,7
33,45	1,75	2,3	6,0	4,7
33,47	1,76	2,3	6,0	4,7
33,50	1,76	2,3	6,0	4,7
33,52	1,77	2,3	6,0	4,7
33,55	1,77	2,3	6,0	4,7
33,57	1,77	2,3	6,0	4,7
33,60	1,77	2,3	6,0	4,7
33,62	1,77	2,3	6,0	4,7
33,65	1,77	2,3	6,0	4,7
33,67	1,78	2,3	6,0	4,7
33,69	1,79	2,3	6,0	4,7
33,72	1,78	2,3	6,0	4,7
33,74	1,78	2,3	6,0	4,7
33,77	1,79	2,3	6,0	4,7
33,79	1,80	2,3	6,0	4,7
33,82	1,80	2,3	6,0	4,7
33,84	1,82	2,3	6,0	4,7
33,87	1,82	2,3	6,0	4,7
33,89	1,82	2,3	6,0	4,7
33,91	1,82	2,3	6,0	4,7
33,94	1,83	2,3	6,0	4,7
33,96	1,83	2,3	6,0	4,7
33,99	1,84	2,3	6,0	4,7
34,01	1,83	2,3	6,0	4,7
34,04	1,83	2,3	6,0	4,7
34,06	1,83	2,3	6,0	4,7
34,09	1,85	2,3	6,0	4,7
34,11	1,86	2,3	6,0	4,7
34,13	1,86	2,3	6,0	4,7
34,16	1,86	2,3	6,0	4,7
34,18	1,87	2,3	6,0	4,7
34,21	1,88	2,3	6,0	4,7
34,23	1,90	2,3	6,0	4,7
34,26	1,91	2,3	6,0	4,7
34,28	1,92	2,3	6,0	4,7
34,31	1,92	2,3	6,0	4,7
34,33	1,93	2,3	6,0	4,7
34,35	1,94	2,3	6,0	4,7
34,38	1,95	2,3	6,0	4,7
34,40	1,95	2,3	6,0	4,7
34,43	1,96	2,3	6,0	4,7
34,45	1,95	2,3	6,0	4,7
34,48	1,96	2,3	6,0	4,7
34,50	1,97	2,3	6,0	4,7
34,52	1,98	2,3	6,0	4,7
34,55	1,99	2,3	6,0	4,7
34,57	2,00	2,3	6,0	4,7
34,60	2,01	2,3	6,0	4,7
34,62	2,03	2,3	6,0	4,7
34,65	2,04	2,3	6,0	4,7
34,67	2,06	2,3	6,0	4,7
34,70	2,07	2,3	6,0	4,7
34,72	2,08	2,3	6,0	4,7
34,74	2,09	2,3	6,0	4,7
34,77	2,10	2,3	6,0	4,7
34,79	2,12	2,3	6,0	4,7
34,82	2,12	2,3	6,0	4,7
34,84	2,13	2,3	6,0	4,7
34,87	2,14	2,3	6,0	4,7
34,89	2,14	2,3	6,0	4,7
34,92	2,15	2,3	6,0	4,7
34,94	2,17	2,3	6,0	4,7
34,96	2,20	2,3	6,0	4,7
34,99	2,21	2,3	6,0	4,7
35,01	2,21	2,3	6,0	4,7
35,04	2,23	2,3	6,0	4,7
35,06	2,25	2,3	6,0	4,7
35,09	2,26	2,3	6,0	4,7
35,11	2,27	2,3	6,0	4,7
35,14	2,28	2,3	6,0	4,7
35,16	2,29	2,3	6,0	4,7
35,18	2,30	2,3	6,0	4,7
35,21	2,32	2,3	6,0	4,7
35,23	2,34	2,3	6,0	4,7
35,26	2,35	2,3	6,0	4,7
35,28	2,35	2,3	6,0	4,7
35,31	2,37	2,3	6,0	4,7
35,33	2,38	2,3	6,0	4,7
35,36	2,39	2,3	6,0	4,7
35,38	2,41	2,3	6,0	4,7
35,40	2,43	2,3	6,0	4,7
35,43	2,44	2,3	6,0	4,7
35,45	2,44	2,3	6,0	4,7
35,48	2,46	2,3	6,0	4,7
35,50	2,48	2,3	6,0	4,7
35,53	2,50	2,3	6,0	4,7
35,55	2,50	2,3	6,0	4,7
35,57	2,51	2,3	6,0	4,7
35,60	2,52	2,3	6,0	4,7
35,62	2,53	2,3	6,0	4,7
35,65	2,55	2,3	6,0	4,7
35,67	2,56	2,3	6,0	4,7
35,70	2,57	2,3	6,0	4,7
35,72	2,59	2,3	6,0	4,7
35,75	2,59	2,3	6,0	4,7
35,77	2,61	2,3	6,0	4,7
35,79	2,62	2,3	6,0	4,7
35,82	2,64	2,3	6,0	4,7
35,84	2,66	2,3	6,0	4,7
35,87	2,66	2,3	6,0	4,7
35,89	2,68	2,3	6,0	4,7
35,92	2,69	2,3	6,0	4,7
35,94	2,71	2,3	6,0	4,7
35,97	2,72	2,3	6,0	4,7
35,99	2,73	2,3	6,0	4,7
36,01	2,75	2,3	6,0	4,7
36,04	2,76	2,3	6,0	4,7
36,06	2,78	2,3	6,0	4,7
36,09	2,79	2,3	6,0	4,7
36,11	2,81	2,3	6,0	4,7
36,14	2,81	2,3	6,0	4,7
36,16	2,83	2,3	6,0	4,7
36,19	2,84	2,3	6,0	4,7
36,21	2,86	2,3	6,0	4,7
36,23	2,87	2,3	6,0	4,7
36,26	2,89	2,3	6,0	4,7
36,28	2,90	2,3	6,0	4,7
36,31	2,91	2,3	6,0	4,7
36,33	2,93	2,3	6,0	4,7
36,36	2,95	2,3	6,0	4,7
36,38	2,96	2,3	6,0	4,7
36,41	2,98	2,3	6,0	4,7
36,43	2,99	2,3	6,0	4,7
36,45	3,00	2,3	6,0	4,7
36,48	3,01	2,3	6,0	4,7
36,50	3,02	2,3	6,0	4,7
36,53	3,05	2,3	6,0	4,7
36,55	3,06	2,3	6,0	4,7
36,58	3,07	2,3	6,0	4,7
36,60	3,08	2,3	6,0	4,7
36,62	3,09	2,3	6,0	4,7
36,65	3,11	2,3	6,0	4,7
36,67	3,13	2,3	6,0	4,7
36,70	3,15	2,3	6,0	4,7
36,72	3,16	2,3	6,0	4,7
36,75	3,17	2,3	6,0	4,7
36,77	3,19	2,3	6,0	4,7
36,80	3,21	2,3	6,0	4,7
36,82	3,23	2,3	6,0	4,7
36,84	3,23	2,3	6,0	4,7
36,87	3,24	2,3	6,0	4,7
36,89	3,26	2,3	6,0	4,7
36,92	3,27	2,3	6,0	4,7
36,94	3,29	2,3	6,0	4,7
36,97	3,31	2,3	6,0	4,7
36,99	3,32	2,3	6,0	4,7
37,02	3,32	2,3	6,0	4,7
37,04	3,34	2,3	6,0	4,7
37,06	3,35	2,3	6,0	4,7
37,09	3,38	2,3	6,0	4,7
37,11	3,39	2,3	6,0	4,7
37,14	3,41	2,3	6,0	4,7
37,16	3,42	2,3	6,0	4,7
37,19	3,43	2,3	6,0	4,7
37,21	3,45	2,3	6,0	4,7
37,24	3,47	2,3	6,0	4,7
37,26	3,47	2,3	6,0	4,7
37,28	3,49	2,3	6,0	4,7
37,31	3,49	2,3	6,0	4,7
37,33	3,51	2,3	6,0	4,7
37,36	3,52	2,3	6,0	4,7
37,38	3,54	2,3	6,0	4,7
37,41	3,55	2,3	6,0	4,7
37,43	3,56	2,3	6,0	4,7
37,46	3,58	2,3	6,0	4,7
37,48	3,59	2,3	6,0	4,7
37,50	3,61	2,3	6,0	4,7
37,53	3,63	2,3	6,0	4,7
37,55	3,65	2,3	6,0	4,7
37,58	3,66	2,3	6,0	4,7
37,60	3,67	2,3	6,0	4,7
37,63	3,69	2,3	6,0	4,7
37,65	3,70	2,3	6,0	4,7
37,68	3,71	2,3	6,0	4,7
37,70	3,72	2,3	6,0	4,7
37,72	3,74	2,3	6,0	4,7
37,75	3,74	2,3	6,0	4,7
37,77	3,76	2,3	6,0	4,7
37,80	3,77	2,3	6,0	4,7
37,82	3,79	2,3	6,0	4,7
37,85	3,81	2,3	6,0	4,7
37,87	3,81	2,3	6,0	4,7
37,89	3,82	2,3	6,0	4,7
37,92	3,84	2,3	6,0	4,7
37,94	3,85	2,3	6,0	4,7
37,97	3,87	2,3	6,0	4,7
37,99	3,89	2,3	6,0	4,7
38,02	3,90	2,3	6,0	4,7
38,04	3,90	2,3	6,0	4,7
38,07	3,92	2,3	6,0	4,7
38,09	3,94	2,3	6,0	4,7
38,11	3,95	2,3	6,0	4,7
38,14	3,96	2,3	6,0	4,7
38,16	3,97	2,3	6,0	4,7
38,19	3,98	2,3	6,0	4,7
38,21	3,99	2,3	6,0	4,7
38,24	4,01	2,3	6,0	4,7
38,26	4,04	2,3	6,0	4,7
38,29	4,05	2,3	6,0	4,7
38,31	4,05	2,3	6,0	4,7
38,33	4,07	2,3	6,0	4,7
38,36	4,09	2,3	6,0	4,7
38,38	4,10	2,3	6,0	4,7
38,41	4,12	2,3	6,0	4,7
38,43	4,13	2,3	6,0	4,7
38,46	4,13	2,3	6,0	4,7
38,48	4,15	2,3	6,0	4,7
38,51	4,17	2,3	6,0	4,7
38,53	4,18	2,3	6,0	4,7
38,55	4,20	2,3	6,0	4,7
38,58	4,20	2,3	6,0	4,7
38,60	4,21	2,3	6,0	4,7
38,63	4,22	2,3	6,0	4,7
38,65	4,24	2,3	6,0	4,7
38,68	4,27	2,3	6,0	4,7
38,70	4,28	2,3	6,0	4,7
38,73	4,29	2,3	6,0	4,7
38,75	4,30	2,3	6,0	4,7
38,77	4,32	2,3	6,0	4,7
38,80	4,34	2,3	6,0	4,7
38,82	4,35	2,3	6,0	4,7
38,85	4,36	2,3	6,0	4,7
38,87	4,37	2,3	6,0	4,7
38,90	4,38	2,3	6,0	4,7
38,92	4,39	2,3	6,0	4,7
38,94	4,41	2,3	6,0	4,7
38,97	4,42	2,3	6,0	4,7
38,99	4,43	2,3	6,0	4,7
39,02	4,45	2,3	6,0	4,7
39,04	4,45	2,3	6,0	4,7
39,07	4,48	2,3	6,0	4,7
39,09	4,49	2,3	6,0	4,7
39,12	4,51	2,3	6,0	4,7
39,14	4,52	2,3	6,0	4,7
39,16	4,53	2,3	6,0	4,7
39,19	4,55	2,3	6,0	4,7
39,21	4,56	2,3	6,0	4,7
39,24	4,58	2,3	6,0	4,7
39,26	4,59	2,3	6,0	4,7
39,29	4,59	2,3	6,0	4,7
39,31	4,60	2,3	6,0	4,7
39,34	4,61	2,3	6,0	4,7
39,36	4,62	2,3	6,0	4,7
39,38	4,64	2,3	6,0	4,7
39,41	4,65	2,3	6,0	4,7
39,43	4,66	2,3	6,0	4,7
39,46	4,67	2,3	6,0	4,7
39,48	4,68	2,3	6,0	4,7
39,51	4,70	2,3	6,0	4,7
39,53	4,71	2,3	6,0	4,7
39,56	4,73	2,3	6,0	4,7
39,58	4,74	2,3	6,0	4,7
39,60	4,75	2,3	6,0	4,7
39,63	4,76	2,3	6,0	4,7
39,65	4,78	2,3	6,0	4,7
39,68	4,79	2,3	6,0	4,7
39,70	4,80	2,3	6,0	4,7
39,73	4,80	2,3	6,0	4,7
39,75	4,82	2,3	6,0	4,7
39,78	4,82	2,3	6,0	4,7
39,80	4,84	2,3	6,0	4,7
39,82	4,86	2,3	6,0	4,7
39,85	4,87	2,3	6,0	4,7
39,87	4,87	2,3	6,0	4,7
39,90	4,89	2,3	6,0	4,7
39,92	4,90	2,3	6,0	4,7
39,95	4,92	2,3	6,0	4,7
39,97	4,93	2,3	6,0	4,7
39,99	4,95	2,3	6,0	4,7
40,02	4,95	2,3	6,0	4,7
40,04	4,96	2,3	6,0	4,7
40,07	4,98	2,3	6,0	4,7
40,09	5,00	2,3	6,0	4,7
40,12	5,00	2,3	6,0	4,7
40,14	5,01	2,3	6,0	4,7
40,17	5,01	2,3	6,0	4,7
40,19	5,02	2,3	6,0	4,7
40,21	5,03	2,3	6,0	4,7
40,24	5,05	2,3	6,0	4,7
40,26	5,07	2,3	6,0	4,7
40,29	5,08	2,3	6,0	4,7
40,31	5,08	2,3	6,0	4,7
40,34	5,10	2,3	6,0	4,7
40,36	5,10	2,3	6,0	4,7
40,39	5,12	2,3	6,0	4,7
40,41	5,13	2,3	6,0	4,7
40,43	5,14	2,3	6,0	4,7
40,46	5,15	2,3	6,0	4,7
40,48	5,16	2,3	6,0	4,7
40,51	5,18	2,3	6,0	4,7
40,53	5,19	2,3	6,0	4,7
40,56	5,20	2,3	6,0	4,7
40,58	5,21	2,3	6,0	4,7
40,61	5,21	2,3	6,0	4,7
40,63	5,22	2,3	6,0	4,7
40,65	5,23	2,3	6,0	4,7
40,68	5,25	2,3	6,0	4,7
40,70	5,26	2,3	6,0	4,7
40,73	5,26	2,3	6,0	4,7
40,75	5,28	2,3	6,0	4,7
40,78	5,29	2,3	6,0	4,7
40,80	5,30	2,3	6,0	4,7
40,83	5,31	2,3	6,0	4,7
40,85	5,33	2,3	6,0	4,7
40,87	5,34	2,3	6,0	4,7
40,90	5,34	2,3	6,0	4,7
40,92	5,35	2,3	6,0	4,7
40,95	5,37	2,3	6,0	4,7
40,97	5,38	2,3	6,0	4,7
41,00	5,38	2,3	6,0	4,7
41,02	5,39	2,3	6,0	4,7
41,05	5,40	2,3	6,0	4,7
41,07	5,41	2,3	6,0	4,7
41,09	5,42	2,3	6,0	4,7
41,12	5,44	2,3	6,0	4,7
41,14	5,45	2,3	6,0	4,7
41,17	5,45	2,3	6,0	4,7
41,19	5,46	2,3	6,0	4,7
41,22	5,48	2,3	6,0	4,7
41,24	5,49	2,3	6,0	4,7
41,26	5,50	2,3	6,0	4,7
41,29	5,51	2,3	6,0	4,7
41,31	5,52	2,3	6,0	4,7
41,34	5,52	2,3	6,0	4,7
41,36	5,54	2,3	6,0	4,7
41,39	5,56	2,3	6,0	4,7
41,41	5,55	2,3	6,0	4,7
41,44	5,56	2,3	6,0	4,7
41,46	5,56	2,3	6,0	4,7
41,48	5,57	2,3	6,0	4,7
41,51	5,58	2,3	6,0	4,7
41,53	5,60	2,3	6,0	4,7
41,56	5,61	2,3	6,0	4,7
41,58	5,61	2,3	6,0	4,7
41,61	5,62	2,3	6,0	4,7
41,63	5,64	2,3	6,0	4,7
41,66	5,65	2,3	6,0	4,7
41,68	5,66	2,3	6,0	4,7
41,70	5,67	2,3	6,0	4,7
41,73	5,68	2,3	6,0	4,7
41,75	5,68	2,3	6,0	4,7
41,78	5,69	2,3	6,0	4,7
41,80	5,70	2,3	6,0	4,7
41,83	5,71	2,3	6,0	4,7
41,85	5,72	2,3	6,0	4,7
41,88	5,72	2,3	6,0	4,7
41,90	5,73	2,3	6,0	4,7
41,92	5,74	2,3	6,0	4,7
41,95	5,75	2,3	6,0	4,7
41,97	5,77	2,3	6,0	4,7
42,00	5,78	2,3	6,0	4,7
42,02	5,79	2,3	6,0	4,7
42,05	5,79	2,3	6,0	4,7
42,07	5,81	2,3	6,0	4,7
42,10	5,82	2,3	6,0	4,7
42,12	5,83	2,3	6,0	4,7
42,14	5,83	2,3	6,0	4,7
42,17	5,84	2,3	6,0	4,7
42,19	5,84	2,3	6,0	4,7
42,22	5,85	2,3	6,0	4,7
42,24	5,86	2,3	6,0	4,7
42,27	5,87	2,3	6,0	4,7
42,29	5,87	2,3	6,0	4,7
42,31	5,88	2,3	6,0	4,7
42,34	5,89	2,3	6,0	4,7
42,36	5,91	2,3	6,0	4,7
42,39	5,92	2,3	6,0	4,7
42,41	5,93	2,3	6,0	4,7
42,44	5,94	2,3	6,0	4,7
42,46	5,94	2,3	6,0	4,7
42,49	5,96	2,3	6,0	4,7
42,51	5,96	2,3	6,0	4,7
42,53	5,97	2,3	6,0	4,7
42,56	5,97	2,3	6,0	4,7
42,58	5,97	2,3	6,0	4,7
42,61	5,98	2,3	6,0	4,7
42,63	5,98	2,3	6,0	4,7
42,66	5,99	2,3	6,0	4,7
42,68	6,00	2,3	6,0	4,7
42,71	6,00	2,3	6,0	4,7
42,73	6,00	2,3	6,0	4,7
42,75	6,01	2,3	6,0	4,7
42,78	6,02	2,3	6,0	4,7
42,80	6,04	2,3	6,0	4,7
42,83	6,05	2,3	6,0	4,7
42,85	6,06	2,3	6,0	4,7
42,88	6,06	2,3	6,0	4,7
42,90	6,06	2,3	6,0	4,7
42,93	6,07	2,3	6,0	4,7
42,95	6,08	2,3	6,0	4,7
42,97	6,07	2,3	6,0	4,7
43,00	6,08	2,3	6,0	4,7
43,02	6,08	2,3	6,0	4,7
43,05	6,09	2,3	6,0	4,7
43,07	6,10	2,3	6,0	4,7
43,10	6,11	2,3	6,0	4,7
43,12	6,12	2,3	6,0	4,7
43,15	6,12	2,3	6,0	4,7
43,17	6,12	2,3	6,0	4,7
43,19	6,14	2,3	6,0	4,7
43,22	6,15	2,3	6,0	4,7
43,24	6,16	2,3	6,0	4,7
43,27	6,17	2,3	6,0	4,7
43,29	6,18	2,3	6,0	4,7
43,32	6,18	2,3	6,0	4,7
43,34	6,18	2,3	6,0	4,7
43,36	6,19	2,3	6,0	4,7
43,39	6,20	2,3	6,0	4,7
43,41	6,20	2,3	6,0	4,7
43,44	6,21	2,3	6,0	4,7
43,46	6,21	2,3	6,0	4,7
43,49	6,22	2,3	6,0	4,7
43,51	6,22	2,3	6,0	4,7
43,54	6,24	2,3	6,0	4,7
43,56	6,24	2,3	6,0	4,7
43,58	6,25	2,3	6,0	4,7
43,61	6,25	2,3	6,0	4,7
43,63	6,26	2,3	6,0	4,7
43,66	6,26	2,3	6,0	4,7
43,68	6,27	2,3	6,0	4,7
43,71	6,27	2,3	6,0	4,7
43,73	6,28	2,3	6,0	4,7
43,76	6,28	2,3	6,0	4,7
43,78	6,28	2,3	6,0	4,7
43,80	6,30	2,3	6,0	4,7
43,83	6,30	2,3	6,0	4,7
43,85	6,30	2,3	6,0	4,7
43,88	6,30	2,3	6,0	4,7
43,90	6,31	2,3	6,0	4,7
43,93	6,32	2,3	6,0	4,7
43,95	6,32	2,3	6,0	4,7
43,98	6,33	2,3	6,0	4,7
44,00	6,34	2,3	6,0	4,7
44,02	6,34	2,3	6,0	4,7
44,05	6,34	2,3	6,0	4,7
44,07	6,35	2,3	6,0	4,7
44,10	6,36	2,3	6,0	4,7
44,12	6,37	2,3	6,0	4,7
44,15	6,38	2,3	6,0	4,7
44,17	6,38	2,3	6,0	4,7
44,20	6,38	2,3	6,0	4,7
44,22	6,39	2,3	6,0	4,7
44,24	6,40	2,3	6,0	4,7
44,27	6,40	2,3	6,0	4,7
44,29	6,40	2,3	6,0	4,7
44,32	6,40	2,3	6,0	4,7
44,34	6,41	2,3	6,0	4,7
44,37	6,41	2,3	6,0	4,7
44,39	6,43	2,3	6,0	4,7
44,41	6,43	2,3	6,0	4,7
44,44	6,43	2,3	6,0	4,7
44,46	6,43	2,3	6,0	4,7
44,49	6,45	2,3	6,0	4,7
44,51	6,45	2,3	6,0	4,7
44,54	6,46	2,3	6,0	4,7
44,56	6,47	2,3	6,0	4,7
44,59	6,48	2,3	6,0	4,7
44,61	6,47	2,3	6,0	4,7
44,63	6,48	2,3	6,0	4,7
44,66	6,49	2,3	6,0	4,7
44,68	6,50	2,3	6,0	4,7
44,71	6,49	2,3	6,0	4,7
44,73	6,49	2,3	6,0	4,7
44,76	6,49	2,3	6,0	4,7
44,78	6,50	2,3	6,0	4,7
44,81	6,50	2,3	6,0	4,7
44,83	6,51	2,3	6,0	4,7
44,85	6,52	2,3	6,0	4,7
44,88	6,51	2,3	6,0	4,7
44,90	6,52	2,3	6,0	4,7
44,93	6,53	2,3	6,0	4,7
44,95	6,54	2,3	6,0	4,7
44,98	6,54	2,3	6,0	4,7
45,00	6,54	2,3	6,0	4,7
45,03	6,55	2,3	6,0	4,7
45,05	6,55	2,3	6,0	4,7
45,07	6,55	2,3	6,0	4,7
45,10	6,56	2,3	6,0	4,7
45,12	6,56	2,3	6,0	4,7
45,15	6,56	2,3	6,0	4,7
45,17	6,55	2,3	6,0	4,7
45,20	6,56	2,3	6,0	4,7
45,22	6,57	2,3	6,0	4,7
45,25	6,58	2,3	6,0	4,7
45,27	6,59	2,3	6,0	4,7
45,29	6,59	2,3	6,0	4,7
45,32	6,59	2,3	6,0	4,7
45,34	6,59	2,3	6,0	4,7
45,37	6,60	2,3	6,0	4,7
45,39	6,61	2,3	6,0	4,7
45,42	6,61	2,3	6,0	4,7
45,44	6,61	2,3	6,0	4,7
45,47	6,61	2,3	6,0	4,7
45,49	6,61	2,3	6,0	4,7
45,51	6,61	2,3	6,0	4,7
45,54	6,62	2,3	6,0	4,7
45,56	6,63	2,3	6,0	4,7
45,59	6,62	2,3	6,0	4,7
45,61	6,63	2,3	6,0	4,7
45,64	6,63	2,3	6,0	4,7
45,66	6,65	2,3	6,0	4,7
45,68	6,65	2,3	6,0	4,7
45,71	6,66	2,3	6,0	4,7
45,73	6,66	2,3	6,0	4,7
45,76	6,66	2,3	6,0	4,7
45,78	6,67	2,3	6,0	4,7
45,81	6,67	2,3	6,0	4,7
45,83	6,67	2,3	6,0	4,7
45,86	6,67	2,3	6,0	4,7
45,88	6,66	2,3	6,0	4,7
45,90	6,66	2,3	6,0	4,7
45,93	6,66	2,3	6,0	4,7
45,95	6,68	2,3	6,0	4,7
45,98	6,68	2,3	6,0	4,7
46,00	6,67	2,3	6,0	4,7
46,03	6,67	2,3	6,0	4,7
46,05	6,68	2,3	6,0	4,7
46,08	6,69	2,3	6,0	4,7
46,10	6,70	2,3	6,0	4,7
46,12	6,70	2,3	6,0	4,7
46,15	6,70	2,3	6,0	4,7
46,17	6,70	2,3	6,0	4,7
46,20	6,70	2,3	6,0	4,7
46,22	6,71	2,3	6,0	4,7
46,25	6,71	2,3	6,0	4,7
46,27	6,70	2,3	6,0	4,7
46,30	6,71	2,3	6,0	4,7
46,32	6,70	2,3	6,0	4,7
46,34	6,71	2,3	6,0	4,7
46,37	6,71	2,3	6,0	4,7
46,39	6,72	2,3	6,0	4,7
46,42	6,73	2,3	6,0	4,7
46,44	6,72	2,3	6,0	4,7
46,47	6,72	2,3	6,0	4,7
46,49	6,73	2,3	6,0	4,7
46,52	6,73	2,3	6,0	4,7
46,54	6,74	2,3	6,0	4,7
46,56	6,74	2,3	6,0	4,7
46,59	6,75	2,3	6,0	4,7
46,61	6,73	2,3	6,0	4,7
46,64	6,74	2,3	6,0	4,7
46,66	6,74	2,3	6,0	4,7
46,69	6,74	2,3	6,0	4,7
46,71	6,74	2,3	6,0	4,7
46,73	6,74	2,3	6,0	4,7
46,76	6,74	2,3	6,0	4,7
46,78	6,74	2,3	6,0	4,7
46,81	6,74	2,3	6,0	4,7
46,83	6,75	2,3	6,0	4,7
46,86	6,75	2,3	6,0	4,7
46,88	6,74	2,3	6,0	4,7
46,91	6,73	2,3	6,0	4,7
46,93	6,74	2,3	6,0	4,7
46,95	6,74	2,3	6,0	4,7
46,98	6,74	2,3	6,0	4,7
47,00	6,73	2,3	6,0	4,7
47,03	6,73	2,3	6,0	4,7
47,05	6,72	2,3	6,0	4,7
47,08	6,71	2,3	6,0	4,7
47,10	6,72	2,3	6,0	4,7
47,13	6,71	2,3	6,0	4,7
47,15	6,69	2,3	6,0	4,7
47,17	6,69	2,3	6,0	4,7
47,20	6,68	2,3	6,0	4,7
47,22	6,68	2,3	6,0	4,7
47,25	6,68	2,3	6,0	4,7
47,27	6,68	2,3	6,0	4,7
47,30	6,67	2,3	6,0	4,7
47,32	6,65	2,3	6,0	4,7
47,35	6,65	2,3	6,0	4,7
47,37	6,64	2,3	6,0	4,7
47,39	6,63	2,3	6,0	4,7
47,42	6,62	2,3	6,0	4,7
47,44	6,61	2,3	6,0	4,7
47,47	6,59	2,3	6,0	4,7
47,49	6,58	2,3	6,0	4,7
47,52	6,58	2,3	6,0	4,7
47,54	6,56	2,3	6,0	4,7
47,57	6,55	2,3	6,0	4,7
47,59	6,53	2,3	6,0	4,7
47,61	6,52	2,3	6,0	4,7
47,64	6,51	2,3	6,0	4,7
47,66	6,50	2,3	6,0	4,7
47,69	6,49	2,3	6,0	4,7
47,71	6,48	2,3	6,0	4,7
47,74	6,46	2,3	6,0	4,7
47,76	6,45	2,3	6,0	4,7
47,78	6,44	2,3	6,0	4,7
47,81	6,43	2,3	6,0	4,7
47,83	6,42	2,3	6,0	4,7
47,86	6,41	2,3	6,0	4,7
47,88	6,39	2,3	6,0	4,7
47,91	6,37	2,3	6,0	4,7
47,93	6,36	2,3	6,0	4,7
47,96	6,35	2,3	6,0	4,7
47,98	6,34	2,3	6,0	4,7
48,00	6,31	2,3	6,0	4,7
48,03	6,31	2,3	6,0	4,7
48,05	6,29	2,3	6,0	4,7
48,08	6,28	2,3	6,0	4,7
48,10	6,27	2,3	6,0	4,7
48,13	6,27	2,3	6,0	4,7
48,15	6,26	2,3	6,0	4,7
48,18	6,23	2,3	6,0	4,7
48,20	6,22	2,3	6,0	4,7
48,22	6,22	2,3	6,0	4,7
48,25	6,21	2,3	6,0	4,7
48,27	6,20	2,3	6,0	4,7
48,30	6,18	2,3	6,0	4,7
48,32	6,17	2,3	6,0	4,7
48,35	6,15	2,3	6,0	4,7
48,37	6,14	2,3	6,0	4,7
48,40	6,14	2,3	6,0	4,7
48,42	6,12	2,3	6,0	4,7
48,44	6,11	2,3	6,0	4,7
48,47	6,09	2,3	6,0	4,7
48,49	6,09	2,3	6,0	4,7
48,52	6,09	2,3	6,0	4,7
48,54	6,08	2,3	6,0	4,7
48,57	6,07	2,3	6,0	4,7
48,59	6,05	2,3	6,0	4,7
48,62	6,04	2,3	6,0	4,7
48,64	6,02	2,3	6,0	4,7
48,66	6,03	2,3	6,0	4,7
48,69	6,02	2,3	6,0	4,7
48,71	6,01	2,3	6,0	4,7
48,74	5,99	2,3	6,0	4,7
48,76	5,99	2,3	6,0	4,7
48,79	5,99	2,3	6,0	4,7
48,81	5,98	2,3	6,0	4,7
48,84	5,97	2,3	6,0	4,7
48,86	5,96	2,3	6,0	4,7
48,88	5,95	2,3	6,0	4,7
48,91	5,95	2,3	6,0	4,7
48,93	5,94	2,3	6,0	4,7
48,96	5,95	2,3	6,0	4,7
48,98	5,94	2,3	6,0	4,7
49,01	5,94	2,3	6,0	4,7
49,03	5,92	2,3	6,0	4,7
49,05	5,91	2,3	6,0	4,7
49,08	5,91	2,3	6,0	4,7
49,10	5,90	2,3	6,0	4,7
49,13	5,89	2,3	6,0	4,7
49,15	5,88	2,3	6,0	4,7
49,18	5,87	2,3	6,0	4,7
49,20	5,87	2,3	6,0	4,7
49,23	5,86	2,3	6,0	4,7
49,25	5,87	2,3	6,0	4,7
49,27	5,85	2,3	6,0	4,7
49,30	5,84	2,3	6,0	4,7
49,32	5,83	2,3	6,0	4,7
49,35	5,83	2,3	6,0	4,7
49,37	5,82	2,3	6,0	4,7
49,40	5,82	2,3	6,0	4,7
49,42	5,81	2,3	6,0	4,7
49,45	5,80	2,3	6,0	4,7
49,47	5,78	2,3	6,0	4,7
49,49	5,78	2,3	6,0	4,7
49,52	5,78	2,3	6,0	4,7
49,54	5,77	2,3	6,0	4,7
49,57	5,75	2,3	6,0	4,7
49,59	5,75	2,3	6,0	4,7
49,62	5,74	2,3	6,0	4,7
49,64	5,74	2,3	6,0	4,7
49,67	5,73	2,3	6,0	4,7
49,69	5,73	2,3	6,0	4,7
49,71	5,73	2,3	6,0	4,7
49,74	5,70	2,3	6,0	4,7
49,76	5,70	2,3	6,0	4,7
49,79	5,70	2,3	6,0	4,7
49,81	5,69	2,3	6,0	4,7
49,84	5,69	2,3	6,0	4,7
49,86	5,67	2,3	6,0	4,7
49,89	5,67	2,3	6,0	4,7
49,91	5,65	2,3	6,0	4,7
49,93	5,65	2,3	6,0	4,7
49,96	5,65	2,3	6,0	4,7
49,98	5,64	2,3	6,0	4,7
50,01	5,63	2,3	6,0	4,7
50,03	5,62	2,3	6,0	4,7
50,06	5,62	2,3	6,0	4,7
50,08	5,62	2,3	6,0	4,7
50,10	5,61	2,3	6,0	4,7
50,13	5,61	2,3	6,0	4,7
50,15	5,60	2,3	6,0	4,7
50,18	5,59	2,3	6,0	4,7
50,20	5,58	2,3	6,0	4,7
50,23	5,59	2,3	6,0	4,7
50,25	5,57	2,3	6,0	4,7
50,28	5,57	2,3	6,0	4,7
50,30	5,55	2,3	6,0	4,7
50,32	5,55	2,3	6,0	4,7
50,35	5,54	2,3	6,0	4,7
50,37	5,54	2,3	6,0	4,7
50,40	5,53	2,3	6,0	4,7
50,42	5,52	2,3	6,0	4,7
50,45	5,51	2,3	6,0	4,7
50,47	5,52	2,3	6,0	4,7
50,50	5,51	2,3	6,0	4,7
50,52	5,52	2,3	6,0	4,7
50,54	5,51	2,3	6,0	4,7
50,57	5,51	2,3	6,0	4,7
50,59	5,49	2,3	6,0	4,7
50,62	5,49	2,3	6,0	4,7
50,64	5,49	2,3	6,0	4,7
50,67	5,49	2,3	6,0	4,7
50,69	5,48	2,3	6,0	4,7
50,72	5,47	2,3	6,0	4,7
50,74	5,46	2,3	6,0	4,7
50,76	5,46	2,3	6,0	4,7
50,79	5,45	2,3	6,0	4,7
50,81	5,46	2,3	6,0	4,7
50,84	5,44	2,3	6,0	4,7
50,86	5,44	2,3	6,0	4,7
50,89	5,44	2,3	6,0	4,7
50,91	5,44	2,3	6,0	4,7
50,94	5,44	2,3	6,0	4,7
50,96	5,44	2,3	6,0	4,7
50,98	5,44	2,3	6,0	4,7
51,01	5,44	2,3	6,0	4,7
51,03	5,43	2,3	6,0	4,7
51,06	5,43	2,3	6,0	4,7
51,08	5,44	2,3	6,0	4,7
51,11	5,43	2,3	6,0	4,7
51,13	5,43	2,3	6,0	4,7
51,15	5,43	2,3	6,0	4,7
51,18	5,42	2,3	6,0	4,7
51,20	5,42	2,3	6,0	4,7
51,23	5,42	2,3	6,0	4,7
51,25	5,43	2,3	6,0	4,7
51,28	5,43	2,3	6,0	4,7
51,30	5,41	2,3	6,0	4,7
51,33	5,42	2,3	6,0	4,7
51,35	5,43	2,3	6,0	4,7
51,37	5,43	2,3	6,0	4,7
51,40	5,44	2,3	6,0	4,7
51,42	5,44	2,3	6,0	4,7
51,45	5,44	2,3	6,0	4,7
51,47	5,43	2,3	6,0	4,7
51,50	5,43	2,3	6,0	4,7
51,52	5,44	2,3	6,0	4,7
51,55	5,45	2,3	6,0	4,7
51,57	5,44	2,3	6,0	4,7
51,59	5,44	2,3	6,0	4,7
51,62	5,45	2,3	6,0	4,7
51,64	5,45	2,3	6,0	4,7
51,67	5,46	2,3	6,0	4,7
51,69	5,46	2,3	6,0	4,7
51,72	5,46	2,3	6,0	4,7
51,74	5,46	2,3	6,0	4,7
51,77	5,47	2,3	6,0	4,7
51,79	5,48	2,3	6,0	4,7
51,81	5,49	2,3	6,0	4,7
51,84	5,49	2,3	6,0	4,7
51,86	5,49	2,3	6,0	4,7
51,89	5,49	2,3	6,0	4,7
51,91	5,49	2,3	6,0	4,7
51,94	5,50	2,3	6,0	4,7
51,96	5,51	2,3	6,0	4,7
51,99	5,50	2,3	6,0	4,7
52,01	5,50	2,3	6,0	4,7
52,03	5,51	2,3	6,0	4,7
52,06	5,51	2,3	6,0	4,7
52,08	5,52	2,3	6,0	4,7
52,11	5,53	2,3	6,0	4,7
52,13	5,53	2,3	6,0	4,7
52,16	5,53	2,3	6,0	4,7
52,18	5,53	2,3	6,0	4,7
52,20	5,54	2,3	6,0	4,7
52,23	5,55	2,3	6,0	4,7
52,25	5,55	2,3	6,0	4,7
52,28	5,55	2,3	6,0	4,7
52,30	5,56	2,3	6,0	4,7
52,33	5,55	2,3	6,0	4,7
52,35	5,56	2,3	6,0	4,7
52,38	5,57	2,3	6,0	4,7
52,40	5,57	2,3	6,0	4,7
52,42	5,57	2,3	6,0	4,7
52,45	5,58	2,3	6,0	4,7
52,47	5,58	2,3	6,0	4,7
52,50	5,59	2,3	6,0	4,7
52,52	5,59	2,3	6,0	4,7
52,55	5,61	2,3	6,0	4,7
52,57	5,60	2,3	6,0	4,7
52,60	5,61	2,3	6,0	4,7
52,62	5,61	2,3	6,0	4,7
52,64	5,62	2,3	6,0	4,7
52,67	5,63	2,3	6,0	4,7
52,69	5,64	2,3	6,0	4,7
52,72	5,64	2,3	6,0	4,7
52,74	5,65	2,3	6,0	4,7
52,77	5,65	2,3	6,0	4,7
52,79	5,65	2,3	6,0	4,7
52,82	5,67	2,3	6,0	4,7
52,84	5,67	2,3	6,0	4,7
52,86	5,67	2,3	6,0	4,7
52,89	5,68	2,3	6,0	4,7
52,91	5,69	2,3	6,0	4,7
52,94	5,71	2,3	6,0	4,7
52,96	5,71	2,3	6,0	4,7
52,99	5,73	2,3	6,0	4,7
53,01	5,73	2,3	6,0	4,7
53,04	5,73	2,3	6,0	4,7
53,06	5,75	2,3	6,0	4,7
53,08	5,76	2,3	6,0	4,7
53,11	5,77	2,3	6,0	4,7
53,13	5,78	2,3	6,0	4,7
53,16	5,78	2,3	6,0	4,7
53,18	5,79	2,3	6,0	4,7
53,21	5,79	2,3	6,0	4,7
53,23	5,81	2,3	6,0	4,7
53,26	5,83	2,3	6,0	4,7
53,28	5,83	2,3	6,0	4,7
53,30	5,83	2,3	6,0	4,7
53,33	5,85	2,3	6,0	4,7
53,35	5,86	2,3	6,0	4,7
53,38	5,88	2,3	6,0	4,7
53,40	5,89	2,3	6,0	4,7
53,43	5,90	2,3	6,0	4,7
53,45	5,90	2,3	6,0	4,7
53,47	5,91	2,3	6,0	4,7
53,50	5,93	2,3	6,0	4,7
53,52	5,95	2,3	6,0	4,7
53,55	5,96	2,3	6,0	4,7
53,57	5,97	2,3	6,0	4,7
53,60	5,97	2,3	6,0	4,7
53,62	5,98	2,3	6,0	4,7
53,65	5,99	2,3	6,0	4,7
53,67	6,00	2,3	6,0	4,7
53,69	6,02	2,3	6,0	4,7
53,72	6,02	2,3	6,0	4,7
53,74	6,03	2,3	6,0	4,7
53,77	6,05	2,3	6,0	4,7
53,79	6,06	2,3	6,0	4,7
53,82	6,09	2,3	6,0	4,7
53,84	6,09	2,3	6,0	4,7
53,87	6,11	2,3	6,0	4,7
53,89	6,11	2,3	6,0	4,7
53,91	6,13	2,3	6,0	4,7
53,94	6,14	2,3	6,0	4,7
53,96	6,15	2,3	6,0	4,7
53,99	6,16	2,3	6,0	4,7
54,01	6,18	2,3	6,0	4,7
54,04	6,18	2,3	6,0	4,7
54,06	6,19	2,3	6,0	4,7
54,09	6,21	2,3	6,0	4,7
54,11	6,23	2,3	6,0	4,7
54,13	6,23	2,3	6,0	4,7
54,16	6,24	2,3	6,0	4,7
54,18	6,25	2,3	6,0	4,7
54,21	6,27	2,3	6,0	4,7
54,23	6,29	2,3	6,0	4,7
54,26	6,31	2,3	6,0	4,7
54,28	6,33	2,3	6,0	4,7
54,31	6,33	2,3	6,0	4,7
54,33	6,33	2,3	6,0	4,7
54,35	6,35	2,3	6,0	4,7
54,38	6,37	2,3	6,0	4,7
54,40	6,38	2,3	6,0	4,7
54,43	6,39	2,3	6,0	4,7
54,45	6,40	2,3	6,0	4,7
54,48	6,41	2,3	6,0	4,7
54,50	6,43	2,3	6,0	4,7
54,52	6,45	2,3	6,0	4,7
54,55	6,47	2,3	6,0	4,7
54,57	6,48	2,3	6,0	4,7
54,60	6,49	2,3	6,0	4,7
54,62	6,51	2,3	6,0	4,7
54,65	6,54	2,3	6,0	4,7
54,67	6,55	2,3	6,0	4,7
54,70	6,57	2,3	6,0	4,7
54,72	6,58	2,3	6,0	4,7
54,74	6,59	2,3	6,0	4,7
54,77	6,59	2,3	6,0	4,7
54,79	6,61	2,3	6,0	4,7
54,82	6,63	2,3	6,0	4,7
54,84	6,64	2,3	6,0	4,7
54,87	6,66	2,3	6,0	4,7
54,89	6,67	2,3	6,0	4,7
54,92	6,69	2,3	6,0	4,7
54,94	6,71	2,3	6,0	4,7
54,96	6,73	2,3	6,0	4,7
54,99	6,75	2,3	6,0	4,7
55,01	6,76	2,3	6,0	4,7
55,04	6,77	2,3	6,0	4,7
55,06	6,79	2,3	6,0	4,7
55,09	6,81	2,3	6,0	4,7
55,11	6,83	2,3	6,0	4,7
55,14	6,84	2,3	6,0	4,7
55,16	6,85	2,3	6,0	4,7
55,18	6,86	2,3	6,0	4,7
55,21	6,87	2,3	6,0	4,7
55,23	6,89	2,3	6,0	4,7
55,26	6,92	2,3	6,0	4,7
55,28	6,93	2,3	6,0	4,7
55,31	6,94	2,3	6,0	4,7
55,33	6,96	2,3	6,0	4,7
55,36	6,99	2,3	6,0	4,7
55,38	7,01	2,3	6,0	4,7
55,40	7,02	2,3	6,0	4,7
55,43	7,04	2,3	6,0	4,7
55,45	7,05	2,3	6,0	4,7
55,48	7,07	2,3	6,0	4,7
55,50	7,09	2,3	6,0	4,7
55,53	7,11	2,3	6,0	4,7
55,55	7,13	2,3	6,0	4,7
55,57	7,14	2,3	6,0	4,7
55,60	7,16	2,3	6,0	4,7
55,62	7,17	2,3	6,0	4,7
55,65	7,19	2,3	6,0	4,7
55,67	7,21	2,3	6,0	4,7
55,70	7,23	2,3	6,0	4,7
55,72	7,24	2,3	6,0	4,7
55,75	7,26	2,3	6,0	4,7
55,77	7,28	2,3	6,0	4,7
55,79	7,31	2,3	6,0	4,7
55,82	7,32	2,3	6,0	4,7
55,84	7,35	2,3	6,0	4,7
55,87	7,36	2,3	6,0	4,7
55,89	7,38	2,3	6,0	4,7
55,92	7,40	2,3	6,0	4,7
55,94	7,42	2,3	6,0	4,7
55,97	7,44	2,3	6,0	4,7
55,99	7,46	2,3	6,0	4,7
56,01	7,47	2,3	6,0	4,7
56,04	7,49	2,3	6,0	4,7
56,06	7,50	2,3	6,0	4,7
56,09	7,52	2,3	6,0	4,7
56,11	7,54	2,3	6,0	4,7
56,14	7,56	2,3	6,0	4,7
56,16	7,57	2,3	6,0	4,7
56,19	7,59	2,3	6,0	4,7
56,21	7,61	2,3	6,0	4,7
56,23	7,64	2,3	6,0	4,7
56,26	7,66	2,3	6,0	4,7
56,28	7,68	2,3	6,0	4,7
56,31	7,69	2,3	6,0	4,7
56,33	7,70	2,3	6,0	4,7
56,36	7,74	2,3	6,0	4,7
56,38	7,76	2,3	6,0	4,7
56,41	7,77	2,3	6,0	4,7
56,43	7,80	2,3	6,0	4,7
56,45	7,80	2,3	6,0	4,7
56,48	7,82	2,3	6,0	4,7
56,50	7,83	2,3	6,0	4,7
56,53	7,86	2,3	6,0	4,7
56,55	7,88	2,3	6,0	4,7
56,58	7,89	2,3	6,0	4,7
56,60	7,91	2,3	6,0	4,7
56,62	7,94	2,3	6,0	4,7
56,65	7,96	2,3	6,0	4,7
56,67	7,99	2,3	6,0	4,7
56,70	8,00	2,3	6,0	4,7
56,72	8,03	2,3	6,0	4,7
56,75	8,04	2,3	6,0	4,7
56,77	8,06	2,3	6,0	4,7
56,80	8,08	2,3	6,0	4,7
56,82	8,10	2,3	6,0	4,7
56,84	8,12	2,3	6,0	4,7
56,87	8,14	2,3	6,0	4,7
56,89	8,15	2,3	6,0	4,7
56,92	8,17	2,3	6,0	4,7
56,94	8,19	2,3	6,0	4,7
56,97	8,21	2,3	6,0	4,7
56,99	8,23	2,3	6,0	4,7
57,02	8,24	2,3	6,0	4,7
57,04	8,26	2,3	6,0	4,7
57,06	8,29	2,3	6,0	4,7
57,09	8,31	2,3	6,0	4,7
57,11	8,34	2,3	6,0	4,7
57,14	8,36	2,3	6,0	4,7
57,16	8,38	2,3	6,0	4,7
57,19	8,39	2,3	6,0	4,7
57,21	8,41	2,3	6,0	4,7
57,24	8,44	2,3	6,0	4,7
57,26	8,46	2,3	6,0	4,7
57,28	8,47	2,3	6,0	4,7
57,31	8,49	2,3	6,0	4,7
57,33	8,50	2,3	6,0	4,7
57,36	8,53	2,3	6,0	4,7
57,38	8,55	2,3	6,0	4,7
57,41	8,57	2,3	6,0	4,7
57,43	8,59	2,3	6,0	4,7
57,46	8,61	2,3	6,0	4,7
57,48	8,64	2,3	6,0	4,7
57,50	8,66	2,3	6,0	4,7
57,53	8,69	2,3	6,0	4,7
57,55	8,71	2,3	6,0	4,7
57,58	8,73	2,3	6,0	4,7
57,60	8,74	2,3	6,0	4,7
57,63	8,76	2,3	6,0	4,7
57,65	8,78	2,3	6,0	4,7
57,68	8,80	2,3	6,0	4,7
57,70	8,82	2,3	6,0	4,7
57,72	8,83	2,3	6,0	4,7
57,75	8,85	2,3	6,0	4,7
57,77	8,87	2,3	6,0	4,7
57,80	8,89	2,3	6,0	4,7
57,82	8,92	2,3	6,0	4,7
57,85	8,94	2,3	6,0	4,7
57,87	8,96	2,3	6,0	4,7
57,89	8,98	2,3	6,0	4,7
57,92	9,01	2,3	6,0	4,7
57,94	9,03	2,3	6,0	4,7
57,97	9,05	2,3	6,0	4,7
57,99	9,07	2,3	6,0	4,7
58,02	9,09	2,3	6,0	4,7
58,04	9,10	2,3	6,0	4,7
58,07	9,12	2,3	6,0	4,7
58,09	9,15	2,3	6,0	4,7
58,11	9,17	2,3	6,0	4,7
58,14	9,18	2,3	6,0	4,7
58,16	9,20	2,3	6,0	4,7
58,19	9,22	2,3	6,0	4,7
58,21	9,25	2,3	6,0	4,7
58,24	9,26	2,3	6,0	4,7
58,26	9,30	2,3	6,0	4,7
58,29	9,32	2,3	6,0	4,7
58,31	9,33	2,3	6,0	4,7
58,33	9,35	2,3	6,0	4,7
58,36	9,38	2,3	6,0	4,7
58,38	9,39	2,3	6,0	4,7
58,41	9,42	2,3	6,0	4,7
58,43	9,43	2,3	6,0	4,7
58,46	9,45	2,3	6,0	4,7
58,48	9,46	2,3	6,0	4,7
58,51	9,48	2,3	6,0	4,7
58,53	9,51	2,3	6,0	4,7
58,55	9,54	2,3	6,0	4,7
58,58	9,55	2,3	6,0	4,7
58,60	9,57	2,3	6,0	4,7
58,63	9,60	2,3	6,0	4,7
58,65	9,62	2,3	6,0	4,7
58,68	9,65	2,3	6,0	4,7
58,70	9,67	2,3	6,0	4,7
58,73	9,69	2,3	6,0	4,7
58,75	9,71	2,3	6,0	4,7
58,77	9,73	2,3	6,0	4,7
58,80	9,75	2,3	6,0	4,7
58,82	9,78	2,3	6,0	4,7
58,85	9,80	2,3	6,0	4,7
58,87	9,80	2,3	6,0	4,7
58,90	9,82	2,3	6,0	4,7
58,92	9,84	2,3	6,0	4,7
58,94	9,86	2,3	6,0	4,7
58,97	9,89	2,3	6,0	4,7
58,99	9,91	2,3	6,0	4,7
59,02	9,92	2,3	6,0	4,7
59,04	9,95	2,3	6,0	4,7
59,07	9,96	2,3	6,0	4,7
59,09	9,99	2,3	6,0	4,7
59,12	10,01	2,3	6,0	4,7
59,14	10,03	2,3	6,0	4,7
59,16	10,05	2,3	6,0	4,7
59,19	10,07	2,3	6,0	4,7
59,21	10,09	2,3	6,0	4,7
59,24	10,11	2,3	6,0	4,7
59,26	10,13	2,3	6,0	4,7
59,29	10,14	2,3	6,0	4,7
59,31	10,16	2,3	6,0	4,7
59,34	10,17	2,3	6,0	4,7
59,36	10,19	2,3	6,0	4,7
59,38	10,22	2,3	6,0	4,7
59,41	10,24	2,3	6,0	4,7
59,43	10,25	2,3	6,0	4,7
59,46	10,27	2,3	6,0	4,7
59,48	10,30	2,3	6,0	4,7
59,51	10,32	2,3	6,0	4,7
59,53	10,34	2,3	6,0	4,7
59,56	10,36	2,3	6,0	4,7
59,58	10,38	2,3	6,0	4,7
59,60	10,40	2,3	6,0	4,7
59,63	10,42	2,3	6,0	4,7
59,65	10,45	2,3	6,0	4,7
59,68	10,47	2,3	6,0	4,7
59,70	10,48	2,3	6,0	4,7
59,73	10,50	2,3	6,0	4,7
59,75	10,51	2,3	6,0	4,7
59,78	10,53	2,3	6,0	4,7
59,80	10,55	2,3	6,0	4,7
59,82	10,58	2,3	6,0	4,7
59,85	10,60	2,3	6,0	4,7
59,87	10,61	2,3	6,0	4,7
59,90	10,63	2,3	6,0	4,7
59,92	10,65	2,3	6,0	4,7
59,95	10,67	2,3	6,0	4,7
59,97	10,70	2,3	6,0	4,7
59,99	10,72	2,3	6,0	4,7
60,02	10,74	2,3	6,0	4,7
60,04	10,75	2,3	6,0	4,7
60,07	10,77	2,3	6,0	4,7
60,09	10,80	2,3	6,0	4,7
60,12	10,81	2,3	6,0	4,7
60,14	10,83	2,3	6,0	4,7
60,17	10,84	2,3	6,0	4,7
60,19	10,86	2,3	6,0	4,7
60,21	10,87	2,3	6,0	4,7
60,24	10,89	2,3	6,0	4,7
60,26	10,92	2,3	6,0	4,7
60,29	10,94	2,3	6,0	4,7
60,31	10,96	2,3	6,0	4,7
60,34	10,97	2,3	6,0	4,7
60,36	11,00	2,3	6,0	4,7
60,39	11,02	2,3	6,0	4,7
60,41	11,04	2,3	6,0	4,7
60,43	11,06	2,3	6,0	4,7
60,46	11,08	2,3	6,0	4,7
60,48	11,09	2,3	6,0	4,7
60,51	11,10	2,3	6,0	4,7
60,53	11,13	2,3	6,0	4,7
60,56	11,15	2,3	6,0	4,7
60,58	11,16	2,3	6,0	4,7
60,61	11,18	2,3	6,0	4,7
60,63	11,19	2,3	6,0	4,7
60,65	11,21	2,3	6,0	4,7
60,68	11,23	2,3	6,0	4,7
60,70	11,26	2,3	6,0	4,7
60,73	11,27	2,3	6,0	4,7
60,75	11,29	2,3	6,0	4,7
60,78	11,31	2,3	6,0	4,7
60,80	11,33	2,3	6,0	4,7
60,83	11,36	2,3	6,0	4,7
60,85	11,37	2,3	6,0	4,7
60,87	11,39	2,3	6,0	4,7
60,90	11,40	2,3	6,0	4,7
60,92	11,42	2,3	6,0	4,7
60,95	11,45	2,3	6,0	4,7
60,97	11,47	2,3	6,0	4,7
61,00	11,48	2,3	6,0	4,7
61,02	11,49	2,3	6,0	4,7
61,05	11,51	2,3	6,0	4,7
61,07	11,53	2,3	6,0	4,7
61,09	11,55	2,3	6,0	4,7
61,12	11,57	2,3	6,0	4,7
61,14	11,59	2,3	6,0	4,7
61,17	11,60	2,3	6,0	4,7
61,19	11,62	2,3	6,0	4,7
61,22	11,64	2,3	6,0	4,7
61,24	11,67	2,3	6,0	4,7
61,26	11,68	2,3	6,0	4,7
61,29	11,69	2,3	6,0	4,7
61,31	11,71	2,3	6,0	4,7
61,34	11,72	2,3	6,0	4,7
61,36	11,73	2,3	6,0	4,7
61,39	11,76	2,3	6,0	4,7
61,41	11,78	2,3	6,0	4,7
61,44	11,79	2,3	6,0	4,7
61,46	11,81	2,3	6,0	4,7
61,48	11,82	2,3	6,0	4,7
61,51	11,84	2,3	6,0	4,7
61,53	11,85	2,3	6,0	4,7
61,56	11,88	2,3	6,0	4,7
61,58	11,90	2,3	6,0	4,7
61,61	11,91	2,3	6,0	4,7
61,63	11,93	2,3	6,0	4,7
61,66	11,95	2,3	6,0	4,7
61,68	11,97	2,3	6,0	4,7
61,70	11,99	2,3	6,0	4,7
61,73	11,99	2,3	6,0	4,7
61,75	12,01	2,3	6,0	4,7
61,78	12,02	2,3	6,0	4,7
61,80	12,03	2,3	6,0	4,7
61,83	12,06	2,3	6,0	4,7
61,85	12,07	2,3	6,0	4,7
61,88	12,09	2,3	6,0	4,7
61,90	12,10	2,3	6,0	4,7
61,92	12,12	2,3	6,0	4,7
61,95	12,15	2,3	6,0	4,7
61,97	12,16	2,3	6,0	4,7
62,00	12,18	2,3	6,0	4,7
62,02	12,20	2,3	6,0	4,7
62,05	12,21	2,3	6,0	4,7
62,07	12,23	2,3	6,0	4,7
62,10	12,25	2,3	6,0	4,7
62,12	12,26	2,3	6,0	4,7
62,14	12,28	2,3	6,0	4,7
62,17	12,28	2,3	6,0	4,7
62,19	12,29	2,3	6,0	4,7
62,22	12,31	2,3	6,0	4,7
62,24	12,33	2,3	6,0	4,7
62,27	12,35	2,3	6,0	4,7
62,29	12,35	2,3	6,0	4,7
62,31	12,37	2,3	6,0	4,7
62,34	12,39	2,3	6,0	4,7
62,36	12,40	2,3	6,0	4,7
62,39	12,43	2,3	6,0	4,7
62,41	12,44	2,3	6,0	4,7
62,44	12,46	2,3	6,0	4,7
62,46	12,47	2,3	6,0	4,7
62,49	12,49	2,3	6,0	4,7
62,51	12,51	2,3	6,0	4,7
62,53	12,53	2,3	6,0	4,7
62,56	12,53	2,3	6,0	4,7
62,58	12,55	2,3	6,0	4,7
62,61	12,56	2,3	6,0	4,7
62,63	12,57	2,3	6,0	4,7
62,66	12,59	2,3	6,0	4,7
62,68	12,61	2,3	6,0	4,7
62,71	12,63	2,3	6,0	4,7
62,73	12,64	2,3	6,0	4,7
62,75	12,65	2,3	6,0	4,7
62,78	12,67	2,3	6,0	4,7
62,80	12,69	2,3	6,0	4,7
62,83	12,71	2,3	6,0	4,7
62,85	12,72	2,3	6,0	4,7
62,88	12,73	2,3	6,0	4,7
62,90	12,74	2,3	6,0	4,7
62,93	12,76	2,3	6,0	4,7
62,95	12,78	2,3	6,0	4,7
62,97	12,80	2,3	6,0	4,7
63,00	12,80	2,3	6,0	4,7
63,02	12,82	2,3	6,0	4,7
63,05	12,83	2,3	6,0	4,7
63,07	12,85	2,3	6,0	4,7
63,10	12,86	2,3	6,0	4,7
63,12	12,88	2,3	6,0	4,7
63,15	12,90	2,3	6,0	4,7
63,17	12,90	2,3	6,0	4,7
63,19	12,91	2,3	6,0	4,7
63,22	12,93	2,3	6,0	4,7
63,24	12,95	2,3	6,0	4,7
63,27	12,96	2,3	6,0	4,7
63,29	12,97	2,3	6,0	4,7
63,32	12,98	2,3	6,0	4,7
63,34	12,99	2,3	6,0	4,7
63,36	13,00	2,3	6,0	4,7
63,39	13,02	2,3	6,0	4,7
63,41	13,03	2,3	6,0	4,7
63,44	13,04	2,3	6,0	4,7
63,46	13,05	2,3	6,0	4,7
63,49	13,06	2,3	6,0	4,7
63,51	13,07	2,3	6,0	4,7
63,54	13,08	2,3	6,0	4,7
63,56	13,10	2,3	6,0	4,7
63,58	13,11	2,3	6,0	4,7
63,61	13,12	2,3	6,0	4,7
63,63	13,13	2,3	6,0	4,7
63,66	13,15	2,3	6,0	4,7
63,68	13,16	2,3	6,0	4,7
63,71	13,17	2,3	6,0	4,7
63,73	13,17	2,3	6,0	4,7
63,76	13,18	2,3	6,0	4,7
63,78	13,19	2,3	6,0	4,7
63,80	13,21	2,3	6,0	4,7
63,83	13,22	2,3	6,0	4,7
63,85	13,23	2,3	6,0	4,7
63,88	13,23	2,3	6,0	4,7
63,90	13,24	2,3	6,0	4,7
63,93	13,24	2,3	6,0	4,7
63,95	13,25	2,3	6,0	4,7
63,98	13,27	2,3	6,0	4,7
64,00	13,28	2,3	6,0	4,7
64,02	13,28	2,3	6,0	4,7
64,05	13,28	2,3	6,0	4,7
64,07	13,30	2,3	6,0	4,7
64,10	13,30	2,3	6,0	4,7
64,12	13,31	2,3	6,0	4,7
64,15	13,32	2,3	6,0	4,7
64,17	13,32	2,3	6,0	4,7
64,20	13,32	2,3	6,0	4,7
64,22	13,32	2,3	6,0	4,7
64,24	13,33	2,3	6,0	4,7
64,27	13,34	2,3	6,0	4,7
64,29	13,33	2,3	6,0	4,7
64,32	13,34	2,3	6,0	4,7
64,34	13,34	2,3	6,0	4,7
64,37	13,34	2,3	6,0	4,7
64,39	13,34	2,3	6,0	4,7
64,41	13,35	2,3	6,0	4,7
64,44	13,35	2,3	6,0	4,7
64,46	13,35	2,3	6,0	4,7
64,49	13,35	2,3	6,0	4,7
64,51	13,35	2,3	6,0	4,7
64,54	13,36	2,3	6,0	4,7
64,56	13,37	2,3	6,0	4,7
64,59	13,36	2,3	6,0	4,7
64,61	13,36	2,3	6,0	4,7
64,63	13,35	2,3	6,0	4,7
64,66	13,35	2,3	6,0	4,7
64,68	13,36	2,3	6,0	4,7
64,71	13,37	2,3	6,0	4,7
64,73	13,36	2,3	6,0	4,7
64,76	13,36	2,3	6,0	4,7
64,78	13,36	2,3	6,0	4,7
64,81	13,38	2,3	6,0	4,7
64,83	13,37	2,3	6,0	4,7
64,85	13,39	2,3	6,0	4,7
64,88	13,39	2,3	6,0	4,7
64,90	13,39	2,3	6,0	4,7
64,93	13,39	2,3	6,0	4,7
64,95	13,40	2,3	6,0	4,7
64,98	13,40	2,3	6,0	4,7
65,00	13,41	2,3	6,0	4,7
65,03	13,40	2,3	6,0	4,7
65,05	13,40	2,3	6,0	4,7
65,07	13,39	2,3	6,0	4,7
65,10	13,40	2,3	6,0	4,7
65,12	13,41	2,3	6,0	4,7
65,15	13,41	2,3	6,0	4,7
65,17	13,41	2,3	6,0	4,7
65,20	13,41	2,3	6,0	4,7
65,22	13,42	2,3	6,0	4,7
65,25	13,44	2,3	6,0	4,7
65,27	13,44	2,3	6,0	4,7
65,29	13,45	2,3	6,0	4,7
65,32	13,45	2,3	6,0	4,7
65,34	13,46	2,3	6,0	4,7
65,37	13,46	2,3	6,0	4,7
65,39	13,47	2,3	6,0	4,7
65,42	13,46	2,3	6,0	4,7
65,44	13,47	2,3	6,0	4,7
65,47	13,46	2,3	6,0	4,7
65,49	13,46	2,3	6,0	4,7
65,51	13,46	2,3	6,0	4,7
65,54	13,47	2,3	6,0	4,7
65,56	13,48	2,3	6,0	4,7
65,59	13,48	2,3	6,0	4,7
65,61	13,48	2,3	6,0	4,7
65,64	13,50	2,3	6,0	4,7
65,66	13,50	2,3	6,0	4,7
65,68	13,52	2,3	6,0	4,7
65,71	13,52	2,3	6,0	4,7
65,73	13,52	2,3	6,0	4,7
65,76	13,52	2,3	6,0	4,7
65,78	13,52	2,3	6,0	4,7
65,81	13,53	2,3	6,0	4,7
65,83	13,53	2,3	6,0	4,7
65,86	13,53	2,3	6,0	4,7
65,88	13,53	2,3	6,0	4,7
65,90	13,52	2,3	6,0	4,7
65,93	13,52	2,3	6,0	4,7
65,95	13,52	2,3	6,0	4,7
65,98	13,53	2,3	6,0	4,7
66,00	13,53	2,3	6,0	4,7
66,03	13,52	2,3	6,0	4,7
66,05	13,52	2,3	6,0	4,7
66,08	13,53	2,3	6,0	4,7
66,10	13,53	2,3	6,0	4,7
66,12	13,53	2,3	6,0	4,7
66,15	13,53	2,3	6,0	4,7
66,17	13,52	2,3	6,0	4,7
66,20	13,51	2,3	6,0	4,7
66,22	13,51	2,3	6,0	4,7
66,25	13,52	2,3	6,0	4,7
66,27	13,52	2,3	6,0	4,7
66,30	13,50	2,3	6,0	4,7
66,32	13,50	2,3	6,0	4,7
66,34	13,50	2,3	6,0	4,7
66,37	13,50	2,3	6,0	4,7
66,39	13,50	2,3	6,0	4,7
66,42	13,51	2,3	6,0	4,7
66,44	13,51	2,3	6,0	4,7
66,47	13,50	2,3	6,0	4,7
66,49	13,50	2,3	6,0	4,7
66,52	13,51	2,3	6,0	4,7
66,54	13,50	2,3	6,0	4,7
66,56	13,50	2,3	6,0	4,7
66,59	13,50	2,3	6,0	4,7
66,61	13,50	2,3	6,0	4,7
66,64	13,49	2,3	6,0	4,7
66,66	13,49	2,3	6,0	4,7
66,69	13,50	2,3	6,0	4,7
66,71	13,49	2,3	6,0	4,7
66,73	13,49	2,3	6,0	4,7
66,76	13,49	2,3	6,0	4,7
66,78	13,49	2,3	6,0	4,7
66,81	13,49	2,3	6,0	4,7
66,83	13,49	2,3	6,0	4,7
66,86	13,49	2,3	6,0	4,7
66,88	13,49	2,3	6,0	4,7
66,91	13,49	2,3	6,0	4,7
66,93	13,49	2,3	6,0	4,7
66,95	13,49	2,3	6,0	4,7
66,98	13,49	2,3	6,0	4,7
67,00	13,48	2,3	6,0	4,7
67,03	13,48	2,3	6,0	4,7
67,05	13,47	2,3	6,0	4,7
67,08	13,47	2,3	6,0	4,7
67,10	13,48	2,3	6,0	4,7
67,13	13,48	2,3	6,0	4,7
67,15	13,47	2,3	6,0	4,7
67,17	13,47	2,3	6,0	4,7
67,20	13,46	2,3	6,0	4,7
67,22	13,46	2,3	6,0	4,7
67,25	13,46	2,3	6,0	4,7
67,27	13,46	2,3	6,0	4,7
67,30	13,46	2,3	6,0	4,7
67,32	13,45	2,3	6,0	4,7
67,35	13,45	2,3	6,0	4,7
67,37	13,46	2,3	6,0	4,7
67,39	13,45	2,3	6,0	4,7
67,42	13,46	2,3	6,0	4,7
67,44	13,45	2,3	6,0	4,7
67,47	13,45	2,3	6,0	4,7
67,49	13,44	2,3	6,0	4,7
67,52	13,44	2,3	6,0	4,7
67,54	13,45	2,3	6,0	4,7
67,57	13,44	2,3	6,0	4,7
67,59	13,44	2,3	6,0	4,7
67,61	13,44	2,3	6,0	4,7
67,64	13,43	2,3	6,0	4,7
67,66	13,43	2,3	6,0	4,7
67,69	13,43	2,3	6,0	4,7
67,71	13,44	2,3	6,0	4,7
67,74	13,44	2,3	6,0	4,7
67,76	13,43	2,3	6,0	4,7
67,78	13,44	2,3	6,0	4,7
67,81	13,44	2,3	6,0	4,7
67,83	13,45	2,3	6,0	4,7
67,86	13,44	2,3	6,0	4,7
67,88	13,43	2,3	6,0	4,7
67,91	13,43	2,3	6,0	4,7
67,93	13,43	2,3	6,0	4,7
67,96	13,43	2,3	6,0	4,7
67,98	13,43	2,3	6,0	4,7
68,00	13,43	2,3	6,0	4,7
68,03	13,42	2,3	6,0	4,7
68,05	13,43	2,3	6,0	4,7
68,08	13,42	2,3	6,0	4,7
68,10	13,43	2,3	6,0	4,7
68,13	13,43	2,3	6,0	4,7
68,15	13,45	2,3	6,0	4,7
68,18	13,45	2,3	6,0	4,7
68,20	13,44	2,3	6,0	4,7
68,22	13,45	2,3	6,0	4,7
68,25	13,45	2,3	6,0	4,7
68,27	13,45	2,3	6,0	4,7
68,30	13,45	2,3	6,0	4,7
68,32	13,43	2,3	6,0	4,7
68,35	13,43	2,3	6,0	4,7
68,37	13,43	2,3	6,0	4,7
68,40	13,44	2,3	6,0	4,7
68,42	13,44	2,3	6,0	4,7
68,44	13,43	2,3	6,0	4,7
68,47	13,44	2,3	6,0	4,7
68,49	13,44	2,3	6,0	4,7
68,52	13,44	2,3	6,0	4,7
68,54	13,45	2,3	6,0	4,7
68,57	13,46	2,3	6,0	4,7
68,59	13,46	2,3	6,0	4,7
68,62	13,46	2,3	6,0	4,7
68,64	13,46	2,3	6,0	4,7
68,66	13,46	2,3	6,0	4,7
68,69	13,46	2,3	6,0	4,7
68,71	13,45	2,3	6,0	4,7
68,74	13,45	2,3	6,0	4,7
68,76	13,44	2,3	6,0	4,7
68,79	13,44	2,3	6,0	4,7
68,81	13,44	2,3	6,0	4,7
68,83	13,45	2,3	6,0	4,7
68,86	13,45	2,3	6,0	4,7
68,88	13,44	2,3	6,0	4,7
68,91	13,45	2,3	6,0	4,7
68,93	13,46	2,3	6,0	4,7
68,96	13,45	2,3	6,0	4,7
68,98	13,46	2,3	6,0	4,7
69,01	13,46	2,3	6,0	4,7
69,03	13,46	2,3	6,0	4,7
69,05	13,46	2,3	6,0	4,7
69,08	13,46	2,3	6,0	4,7
69,10	13,47	2,3	6,0	4,7
69,13	13,46	2,3	6,0	4,7
69,15	13,46	2,3	6,0	4,7
69,18	13,45	2,3	6,0	4,7
69,20	13,45	2,3	6,0	4,7
69,23	13,45	2,3	6,0	4,7
69,25	13,46	2,3	6,0	4,7
69,27	13,47	2,3	6,0	4,7
69,30	13,47	2,3	6,0	4,7
69,32	13,47	2,3	6,0	4,7
69,35	13,47	2,3	6,0	4,7
69,37	13,48	2,3	6,0	4,7
69,40	13,49	2,3	6,0	4,7
69,42	13,49	2,3	6,0	4,7
69,45	13,49	2,3	6,0	4,7
69,47	13,49	2,3	6,0	4,7
69,49	13,49	2,3	6,0	4,7
69,52	13,49	2,3	6,0	4,7
69,54	13,50	2,3	6,0	4,7
69,57	13,50	2,3	6,0	4,7
69,59	13,49	2,3	6,0	4,7
69,62	13,49	2,3	6,0	4,7
69,64	13,49	2,3	6,0	4,7
69,67	13,50	2,3	6,0	4,7
69,69	13,51	2,3	6,0	4,7
69,71	13,52	2,3	6,0	4,7
69,74	13,52	2,3	6,0	4,7
69,76	13,51	2,3	6,0	4,7
69,79	13,53	2,3	6,0	4,7
69,81	13,53	2,3	6,0	4,7
69,84	13,53	2,3	6,0	4,7
69,86	13,53	2,3	6,0	4,7
69,89	13,53	2,3	6,0	4,7
69,91	13,53	2,3	6,0	4,7
69,93	13,53	2,3	6,0	4,7
69,96	13,54	2,3	6,0	4,7
69,98	13,55	2,3	6,0	4,7
70,01	13,54	2,3	6,0	4,7
70,03	13,55	2,3	6,0	4,7
70,06	13,54	2,3	6,0	4,7
70,08	13,55	2,3	6,0	4,7
70,10	13,56	2,3	6,0	4,7
70,13	13,57	2,3	6,0	4,7
70,15	13,58	2,3	6,0	4,7
70,18	13,57	2,3	6,0	4,7
70,20	13,58	2,3	6,0	4,7
70,23	13,59	2,3	6,0	4,7
70,25	13,60	2,3	6,0	4,7
70,28	13,60	2,3	6,0	4,7
70,30	13,60	2,3	6,0	4,7
70,32	13,60	2,3	6,0	4,7
70,35	13,60	2,3	6,0	4,7
70,37	13,61	2,3	6,0	4,7
70,40	13,62	2,3	6,0	4,7
70,42	13,63	2,3	6,0	4,7
70,45	13,63	2,3	6,0	4,7
70,47	13,63	2,3	6,0	4,7
70,50	13,64	2,3	6,0	4,7
70,52	13,65	2,3	6,0	4,7
70,54	13,66	2,3	6,0	4,7
70,57	13,67	2,3	6,0	4,7
70,59	13,68	2,3	6,0	4,7
70,62	13,68	2,3	6,0	4,7
70,64	13,68	2,3	6,0	4,7
70,67	13,70	2,3	6,0	4,7
70,69	13,70	2,3	6,0	4,7
70,72	13,71	2,3	6,0	4,7
70,74	13,70	2,3	6,0	4,7
70,76	13,72	2,3	6,0	4,7
70,79	13,71	2,3	6,0	4,7
70,81	13,72	2,3	6,0	4,7
70,84	13,74	2,3	6,0	4,7
70,86	13,74	2,3	6,0	4,7
70,89	13,74	2,3	6,0	4,7
70,91	13,75	2,3	6,0	4,7
70,94	13,75	2,3	6,0	4,7
70,96	13,77	2,3	6,0	4,7
70,98	13,78	2,3	6,0	4,7
71,01	13,79	2,3	6,0	4,7
71,03	13,79	2,3	6,0	4,7
71,06	13,79	2,3	6,0	4,7
71,08	13,80	2,3	6,0	4,7
71,11	13,82	2,3	6,0	4,7
71,13	13,82	2,3	6,0	4,7
71,15	13,82	2,3	6,0	4,7
71,18	13,82	2,3	6,0	4,7
71,20	13,83	2,3	6,0	4,7
71,23	13,84	2,3	6,0	4,7
71,25	13,85	2,3	6,0	4,7
71,28	13,86	2,3	6,0	4,7
71,30	13,87	2,3	6,0	4,7
71,33	13,87	2,3	6,0	4,7
71,35	13,89	2,3	6,0	4,7
71,37	13,89	2,3	6,0	4,7
71,40	13,91	2,3	6,0	4,7
71,42	13,92	2,3	6,0	4,7
71,45	13,93	2,3	6,0	4,7
71,47	13,93	2,3	6,0	4,7
71,50	13,94	2,3	6,0	4,7
71,52	13,95	2,3	6,0	4,7
71,55	13,96	2,3	6,0	4,7
71,57	13,97	2,3	6,0	4,7
71,59	13,97	2,3	6,0	4,7
71,62	13,97	2,3	6,0	4,7
71,64	13,99	2,3	6,0	4,7
71,67	14,00	2,3	6,0	4,7
71,69	14,01	2,3	6,0	4,7
71,72	14,02	2,3	6,0	4,7
71,74	14,03	2,3	6,0	4,7
71,77	14,04	2,3	6,0	4,7
71,79	14,05	2,3	6,0	4,7
71,81	14,06	2,3	6,0	4,7
71,84	14,08	2,3	6,0	4,7
71,86	14,09	2,3	6,0	4,7
71,89	14,10	2,3	6,0	4,7
71,91	14,10	2,3	6,0	4,7
71,94	14,12	2,3	6,0	4,7
71,96	14,13	2,3	6,0	4,7
71,99	14,14	2,3	6,0	4,7
72,01	14,15	2,3	6,0	4,7
72,03	14,16	2,3	6,0	4,7
72,06	14,16	2,3	6,0	4,7
72,08	14,17	2,3	6,0	4,7
72,11	14,19	2,3	6,0	4,7
72,13	14,21	2,3	6,0	4,7
72,16	14,22	2,3	6,0	4,7
72,18	14,22	2,3	6,0	4,7
72,20	14,24	2,3	6,0	4,7
72,23	14,26	2,3	6,0	4,7
72,25	14,26	2,3	6,0	4,7
72,28	14,28	2,3	6,0	4,7
72,30	14,30	2,3	6,0	4,7
72,33	14,31	2,3	6,0	4,7
72,35	14,31	2,3	6,0	4,7
72,38	14,32	2,3	6,0	4,7
72,40	14,35	2,3	6,0	4,7
72,42	14,35	2,3	6,0	4,7
72,45	14,36	2,3	6,0	4,7
72,47	14,36	2,3	6,0	4,7
72,50	14,37	2,3	6,0	4,7
72,52	14,38	2,3	6,0	4,7
72,55	14,40	2,3	6,0	4,7
72,57	14,43	2,3	6,0	4,7
72,60	14,43	2,3	6,0	4,7
72,62	14,44	2,3	6,0	4,7
72,64	14,46	2,3	6,0	4,7
72,67	14,48	2,3	6,0	4,7
72,69	14,49	2,3	6,0	4,7
72,72	14,51	2,3	6,0	4,7
72,74	14,52	2,3	6,0	4,7
72,77	14,53	2,3	6,0	4,7
72,79	14,54	2,3	6,0	4,7
72,82	14,56	2,3	6,0	4,7
72,84	14,58	2,3	6,0	4,7
72,86	14,59	2,3	6,0	4,7
72,89	14,59	2,3	6,0	4,7
72,91	14,61	2,3	6,0	4,7
72,94	14,62	2,3	6,0	4,7
72,96	14,65	2,3	6,0	4,7
72,99	14,67	2,3	6,0	4,7
73,01	14,69	2,3	6,0	4,7
73,04	14,70	2,3	6,0	4,7
73,06	14,71	2,3	6,0	4,7
73,08	14,73	2,3	6,0	4,7
73,11	14,75	2,3	6,0	4,7
73,13	14,77	2,3	6,0	4,7
73,16	14,78	2,3	6,0	4,7
73,18	14,78	2,3	6,0	4,7
73,21	14,81	2,3	6,0	4,7
73,23	14,82	2,3	6,0	4,7
73,25	14,84	2,3	6,0	4,7
73,28	14,86	2,3	6,0	4,7
73,30	14,87	2,3	6,0	4,7
73,33	14,88	2,3	6,0	4,7
73,35	14,90	2,3	6,0	4,7
73,38	14,92	2,3	6,0	4,7
73,40	14,95	2,3	6,0	4,7
73,43	14,97	2,3	6,0	4,7
73,45	14,99	2,3	6,0	4,7
73,47	15,00	2,3	6,0	4,7
73,50	15,02	2,3	6,0	4,7
73,52	15,03	2,3	6,0	4,7
73,55	15,06	2,3	6,0	4,7
73,57	15,06	2,3	6,0	4,7
73,60	15,08	2,3	6,0	4,7
73,62	15,09	2,3	6,0	4,7
73,65	15,11	2,3	6,0	4,7
73,67	15,13	2,3	6,0	4,7
73,69	15,15	2,3	6,0	4,7
73,72	15,17	2,3	6,0	4,7
73,74	15,18	2,3	6,0	4,7
73,77	15,20	2,3	6,0	4,7
73,79	15,22	2,3	6,0	4,7
73,82	15,24	2,3	6,0	4,7
73,84	15,27	2,3	6,0	4,7
73,87	15,29	2,3	6,0	4,7
73,89	15,30	2,3	6,0	4,7
73,91	15,32	2,3	6,0	4,7
73,94	15,34	2,3	6,0	4,7
73,96	15,36	2,3	6,0	4,7
73,99	15,37	2,3	6,0	4,7
74,01	15,38	2,3	6,0	4,7
74,04	15,40	2,3	6,0	4,7
74,06	15,41	2,3	6,0	4,7
74,09	15,43	2,3	6,0	4,7
74,11	15,46	2,3	6,0	4,7
74,13	15,49	2,3	6,0	4,7
74,16	15,49	2,3	6,0	4,7
74,18	15,51	2,3	6,0	4,7
74,21	15,54	2,3	6,0	4,7
74,23	15,56	2,3	6,0	4,7
74,26	15,58	2,3	6,0	4,7
74,28	15,61	2,3	6,0	4,7
74,31	15,63	2,3	6,0	4,7
74,33	15,64	2,3	6,0	4,7
74,35	15,66	2,3	6,0	4,7
74,38	15,69	2,3	6,0	4,7
74,40	15,71	2,3	6,0	4,7
74,43	15,73	2,3	6,0	4,7
74,45	15,73	2,3	6,0	4,7
74,48	15,76	2,3	6,0	4,7
74,50	15,78	2,3	6,0	4,7
74,52	15,80	2,3	6,0	4,7
74,55	15,82	2,3	6,0	4,7
74,57	15,85	2,3	6,0	4,7
74,60	15,87	2,3	6,0	4,7
74,62	15,88	2,3	6,0	4,7
74,65	15,91	2,3	6,0	4,7
74,67	15,93	2,3	6,0	4,7
74,70	15,96	2,3	6,0	4,7
74,72	15,97	2,3	6,0	4,7
74,74	15,99	2,3	6,0	4,7
74,77	16,01	2,3	6,0	4,7
74,79	16,03	2,3	6,0	4,7
74,82	16,06	2,3	6,0	4,7
74,84	16,08	2,3	6,0	4,7
74,87	16,10	2,3	6,0	4,7
74,89	16,12	2,3	6,0	4,7
74,92	16,14	2,3	6,0	4,7
74,94	16,17	2,3	6,0	4,7
74,96	16,20	2,3	6,0	4,7
74,99	16,22	2,3	6,0	4,7
75,01	16,25	2,3	6,0	4,7
75,04	16,27	2,3	6,0	4,7
75,06	16,29	2,3	6,0	4,7
75,09	16,32	2,3	6,0	4,7
75,11	16,34	2,3	6,0	4,7
75,14	16,37	2,3	6,0	4,7
75,16	16,38	2,3	6,0	4,7
75,18	16,41	2,3	6,0	4,7
75,21	16,42	2,3	6,0	4,7
75,23	16,45	2,3	6,0	4,7
75,26	16,47	2,3	6,0	4,7
75,28	16,50	2,3	6,0	4,7
75,31	16,52	2,3	6,0	4,7
75,33	16,54	2,3	6,0	4,7
75,36	16,56	2,3	6,0	4,7
75,38	16,60	2,3	6,0	4,7
75,40	16,63	2,3	6,0	4,7
75,43	16,66	2,3	6,0	4,7
75,45	16,68	2,3	6,0	4,7
75,48	16,70	2,3	6,0	4,7
75,50	16,72	2,3	6,0	4,7
75,53	16,76	2,3	6,0	4,7
75,55	16,77	2,3	6,0	4,7
75,57	16,80	2,3	6,0	4,7
75,60	16,81	2,3	6,0	4,7
75,62	16,84	2,3	6,0	4,7
75,65	16,86	2,3	6,0	4,7
75,67	16,89	2,3	6,0	4,7
75,70	16,92	2,3	6,0	4,7
75,72	16,93	2,3	6,0	4,7
75,75	16,95	2,3	6,0	4,7
75,77	16,99	2,3	6,0	4,7
75,79	17,01	2,3	6,0	4,7
75,82	17,04	2,3	6,0	4,7
75,84	17,07	2,3	6,0	4,7
75,87	17,10	2,3	6,0	4,7
75,89	17,11	2,3	6,0	4,7
75,92	17,14	2,3	6,0	4,7
75,94	17,17	2,3	6,0	4,7
75,97	17,20	2,3	6,0	4,7
75,99	17,22	2,3	6,0	4,7
76,01	17,24	2,3	6,0	4,7
76,04	17,26	2,3	6,0	4,7
76,06	17,29	2,3	6,0	4,7
76,09	17,31	2,3	6,0	4,7
76,11	17,35	2,3	6,0	4,7
76,14	17,37	2,3	6,0	4,7
76,16	17,39	2,3	6,0	4,7
76,19	17,41	2,3	6,0	4,7
76,21	17,45	2,3	6,0	4,7
76,23	17,47	2,3	6,0	4,7
76,26	17,51	2,3	6,0	4,7
76,28	17,53	2,3	6,0	4,7
76,31	17,57	2,3	6,0	4,7
76,33	17,59	2,3	6,0	4,7
76,36	17,61	2,3	6,0	4,7
76,38	17,64	2,3	6,0	4,7
76,41	17,68	2,3	6,0	4,7
76,43	17,70	2,3	6,0	4,7
76,45	17,72	2,3	6,0	4,7
76,48	17,74	2,3	6,0	4,7
76,50	17,77	2,3	6,0	4,7
76,53	17,80	2,3	6,0	4,7
76,55	17,83	2,3	6,0	4,7
76,58	17,86	2,3	6,0	4,7
76,60	17,88	2,3	6,0	4,7
76,62	17,91	2,3	6,0	4,7
76,65	17,94	2,3	6,0	4,7
76,67	17,98	2,3	6,0	4,7
76,70	18,01	2,3	6,0	4,7
76,72	18,03	2,3	6,0	4,7
76,75	18,06	2,3	6,0	4,7
76,77	18,08	2,3	6,0	4,7
76,80	18,11	2,3	6,0	4,7
76,82	18,13	2,3	6,0	4,7
76,84	18,16	2,3	6,0	4,7
76,87	18,18	2,3	6,0	4,7
76,89	18,20	2,3	6,0	4,7
76,92	18,23	2,3	6,0	4,7
76,94	18,25	2,3	6,0	4,7
76,97	18,29	2,3	6,0	4,7
76,99	18,32	2,3	6,0	4,7
77,02	18,35	2,3	6,0	4,7
77,04	18,37	2,3	6,0	4,7
77,06	18,40	2,3	6,0	4,7
77,09	18,44	2,3	6,0	4,7
77,11	18,47	2,3	6,0	4,7
77,14	18,50	2,3	6,0	4,7
77,16	18,52	2,3	6,0	4,7
77,19	18,54	2,3	6,0	4,7
77,21	18,57	2,3	6,0	4,7
77,24	18,61	2,3	6,0	4,7
77,26	18,64	2,3	6,0	4,7
77,28	18,65	2,3	6,0	4,7
77,31	18,68	2,3	6,0	4,7
77,33	18,71	2,3	6,0	4,7
77,36	18,73	2,3	6,0	4,7
77,38	18,76	2,3	6,0	4,7
77,41	18,79	2,3	6,0	4,7
77,43	18,83	2,3	6,0	4,7
77,46	18,84	2,3	6,0	4,7
77,48	18,87	2,3	6,0	4,7
77,50	18,91	2,3	6,0	4,7
77,53	18,94	2,3	6,0	4,7
77,55	18,97	2,3	6,0	4,7
77,58	19,00	2,3	6,0	4,7
77,60	19,03	2,3	6,0	4,7
77,63	19,05	2,3	6,0	4,7
77,65	19,08	2,3	6,0	4,7
77,68	19,12	2,3	6,0	4,7
77,70	19,16	2,3	6,0	4,7
77,72	19,18	2,3	6,0	4,7
77,75	19,20	2,3	6,0	4,7
77,77	19,24	2,3	6,0	4,7
77,80	19,28	2,3	6,0	4,7
77,82	19,30	2,3	6,0	4,7
77,85	19,33	2,3	6,0	4,7
77,87	19,37	2,3	6,0	4,7
77,89	19,39	2,3	6,0	4,7
77,92	19,41	2,3	6,0	4,7
77,94	19,45	2,3	6,0	4,7
77,97	19,49	2,3	6,0	4,7
77,99	19,53	2,3	6,0	4,7
78,02	19,55	2,3	6,0	4,7
78,04	19,58	2,3	6,0	4,7
78,07	19,61	2,3	6,0	4,7
78,09	19,63	2,3	6,0	4,7
78,11	19,68	2,3	6,0	4,7
78,14	19,71	2,3	6,0	4,7
78,16	19,73	2,3	6,0	4,7
78,19	19,76	2,3	6,0	4,7
78,21	19,79	2,3	6,0	4,7
78,24	19,83	2,3	6,0	4,7
78,26	19,86	2,3	6,0	4,7
78,29	19,89	2,3	6,0	4,7
78,31	19,92	2,3	6,0	4,7
78,33	19,95	2,3	6,0	4,7
78,36	19,98	2,3	6,0	4,7
78,38	20,01	2,3	6,0	4,7
78,41	20,04	2,3	6,0	4,7
78,43	20,08	2,3	6,0	4,7
78,46	20,10	2,3	6,0	4,7
78,48	20,13	2,3	6,0	4,7
78,51	20,15	2,3	6,0	4,7
78,53	20,19	2,3	6,0	4,7
78,55	20,22	2,3	6,0	4,7
78,58	20,24	2,3	6,0	4,7
78,60	20,26	2,3	6,0	4,7
78,63	20,30	2,3	6,0	4,7
78,65	20,33	2,3	6,0	4,7
78,68	20,37	2,3	6,0	4,7
78,70	20,40	2,3	6,0	4,7
78,73	20,43	2,3	6,0	4,7
78,75	20,46	2,3	6,0	4,7
78,77	20,48	2,3	6,0	4,7
78,80	20,52	2,3	6,0	4,7
78,82	20,55	2,3	6,0	4,7
78,85	20,58	2,3	6,0	4,7
78,87	20,61	2,3	6,0	4,7
78,90	20,63	2,3	6,0	4,7
78,92	20,66	2,3	6,0	4,7
78,94	20,69	2,3	6,0	4,7
78,97	20,73	2,3	6,0	4,7
78,99	20,77	2,3	6,0	4,7
79,02	20,78	2,3	6,0	4,7
79,04	20,81	2,3	6,0	4,7
79,07	20,84	2,3	6,0	4,7
79,09	20,87	2,3	6,0	4,7
79,12	20,91	2,3	6,0	4,7
79,14	20,94	2,3	6,0	4,7
79,16	20,98	2,3	6,0	4,7
79,19	20,99	2,3	6,0	4,7
79,21	21,03	2,3	6,0	4,7
79,24	21,06	2,3	6,0	4,7
79,26	21,10	2,3	6,0	4,7
79,29	21,12	2,3	6,0	4,7
79,31	21,16	2,3	6,0	4,7
79,34	21,19	2,3	6,0	4,7
79,36	21,22	2,3	6,0	4,7
79,38	21,25	2,3	6,0	4,7
79,41	21,29	2,3	6,0	4,7
79,43	21,32	2,3	6,0	4,7
79,46	21,35	2,3	6,0	4,7
79,48	21,37	2,3	6,0	4,7
79,51	21,42	2,3	6,0	4,7
79,53	21,45	2,3	6,0	4,7
79,56	21,48	2,3	6,0	4,7
79,58	21,51	2,3	6,0	4,7
79,60	21,54	2,3	6,0	4,7
79,63	21,56	2,3	6,0	4,7
79,65	21,59	2,3	6,0	4,7
79,68	21,63	2,3	6,0	4,7
79,70	21,66	2,3	6,0	4,7
79,73	21,68	2,3	6,0	4,7
79,75	21,72	2,3	6,0	4,7
79,78	21,74	2,3	6,0	4,7
79,80	21,78	2,3	6,0	4,7
79,82	21,81	2,3	6,0	4,7
79,85	21,85	2,3	6,0	4,7
79,87	21,88	2,3	6,0	4,7
79,90	21,90	2,3	6,0	4,7
79,92	21,93	2,3	6,0	4,7
79,95	21,96	2,3	6,0	4,7
79,97	22,00	2,3	6,0	4,7
79,99	22,04	2,3	6,0	4,7
80,02	22,06	2,3	6,0	4,7
80,04	22,09	2,3	6,0	4,7
80,07	22,11	2,3	6,0	4,7
80,09	22,15	2,3	6,0	4,7
80,12	22,18	2,3	6,0	4,7
80,14	22,21	2,3	6,0	4,7
80,17	22,24	2,3	6,0	4,7
80,19	22,27	2,3	6,0	4,7
80,21	22,30	2,3	6,0	4,7
80,24	22,34	2,3	6,0	4,7
80,26	22,38	2,3	6,0	4,7
80,29	22,41	2,3	6,0	4,7
80,31	22,44	2,3	6,0	4,7
80,34	22,47	2,3	6,0	4,7
80,36	22,50	2,3	6,0	4,7
80,39	22,54	2,3	6,0	4,7
80,41	22,57	2,3	6,0	4,7
80,43	22,61	2,3	6,0	4,7
80,46	22,64	2,3	6,0	4,7
80,48	22,66	2,3	6,0	4,7
80,51	22,69	2,3	6,0	4,7
80,53	22,73	2,3	6,0	4,7
80,56	22,76	2,3	6,0	4,7
80,58	22,78	2,3	6,0	4,7
80,61	22,81	2,3	6,0	4,7
80,63	22,84	2,3	6,0	4,7
80,65	22,87	2,3	6,0	4,7
80,68	22,90	2,3	6,0	4,7
80,70	22,94	2,3	6,0	4,7
80,73	22,97	2,3	6,0	4,7
80,75	22,98	2,3	6,0	4,7
80,78	23,01	2,3	6,0	4,7
80,80	23,05	2,3	6,0	4,7
80,83	23,07	2,3	6,0	4,7
80,85	23,11	2,3	6,0	4,7
80,87	23,13	2,3	6,0	4,7
80,90	23,17	2,3	6,0	4,7
80,92	23,18	2,3	6,0	4,7
80,95	23,21	2,3	6,0	4,7
80,97	23,25	2,3	6,0	4,7
81,00	23,27	2,3	6,0	4,7
81,02	23,30	2,3	6,0	4,7
81,04	23,32	2,3	6,0	4,7
81,07	23,35	2,3	6,0	4,7
81,09	23,39	2,3	6,0	4,7
81,12	23,42	2,3	6,0	4,7
81,14	23,45	2,3	6,0	4,7
81,17	23,48	2,3	6,0	4,7
81,19	23,50	2,3	6,0	4,7
81,22	23,51	2,3	6,0	4,7
81,24	23,55	2,3	6,0	4,7
81,26	23,57	2,3	6,0	4,7
81,29	23,60	2,3	6,0	4,7
81,31	23,62	2,3	6,0	4,7
81,34	23,64	2,3	6,0	4,7
81,36	23,67	2,3	6,0	4,7
81,39	23,68	2,3	6,0	4,7
81,41	23,72	2,3	6,0	4,7
81,44	23,74	2,3	6,0	4,7
81,46	23,76	2,3	6,0	4,7
81,48	23,78	2,3	6,0	4,7
81,51	23,81	2,3	6,0	4,7
81,53	23,85	2,3	6,0	4,7
81,56	23,87	2,3	6,0	4,7
81,58	23,91	2,3	6,0	4,7
81,61	23,94	2,3	6,0	4,7
81,63	23,95	2,3	6,0	4,7
81,66	23,98	2,3	6,0	4,7
81,68	24,01	2,3	6,0	4,7
81,70	24,03	2,3	6,0	4,7
81,73	24,06	2,3	6,0	4,7
81,75	24,07	2,3	6,0	4,7
81,78	24,10	2,3	6,0	4,7
81,80	24,13	2,3	6,0	4,7
81,83	24,16	2,3	6,0	4,7
81,85	24,18	2,3	6,0	4,7
81,88	24,21	2,3	6,0	4,7
81,90	24,23	2,3	6,0	4,7
81,92	24,27	2,3	6,0	4,7
81,95	24,29	2,3	6,0	4,7
81,97	24,33	2,3	6,0	4,7
82,00	24,37	2,3	6,0	4,7
82,02	24,40	2,3	6,0	4,7
82,05	24,42	2,3	6,0	4,7
82,07	24,44	2,3	6,0	4,7
82,10	24,48	2,3	6,0	4,7
82,12	24,51	2,3	6,0	4,7
82,14	24,53	2,3	6,0	4,7
82,17	24,56	2,3	6,0	4,7
82,19	24,57	2,3	6,0	4,7
82,22	24,60	2,3	6,0	4,7
82,24	24,62	2,3	6,0	4,7
82,27	24,66	2,3	6,0	4,7
82,29	24,69	2,3	6,0	4,7
82,31	24,70	2,3	6,0	4,7
82,34	24,74	2,3	6,0	4,7
82,36	24,77	2,3	6,0	4,7
82,39	24,80	2,3	6,0	4,7
82,41	24,83	2,3	6,0	4,7
82,44	24,86	2,3	6,0	4,7
82,46	24,90	2,3	6,0	4,7
82,49	24,91	2,3	6,0	4,7
82,51	24,94	2,3	6,0	4,7
82,53	24,97	2,3	6,0	4,7
82,56	24,99	2,3	6,0	4,7
82,58	25,01	2,3	6,0	4,7
82,61	25,03	2,3	6,0	4,7
82,63	25,06	2,3	6,0	4,7
82,66	25,08	2,3	6,0	4,7
82,68	25,11	2,3	6,0	4,7
82,71	25,14	2,3	6,0	4,7
82,73	25,17	2,3	6,0	4,7
82,75	25,18	2,3	6,0	4,7
82,78	25,20	2,3	6,0	4,7
82,80	25,24	2,3	6,0	4,7
82,83	25,27	2,3	6,0	4,7
82,85	25,29	2,3	6,0	4,7
82,88	25,31	2,3	6,0	4,7
82,90	25,34	2,3	6,0	4,7
82,93	25,36	2,3	6,0	4,7
82,95	25,37	2,3	6,0	4,7
82,97	25,40	2,3	6,0	4,7
83,00	25,43	2,3	6,0	4,7
83,02	25,44	2,3	6,0	4,7
83,05	25,46	2,3	6,0	4,7
83,07	25,48	2,3	6,0	4,7
83,10	25,51	2,3	6,0	4,7
83,12	25,53	2,3	6,0	4,7
83,15	25,57	2,3	6,0	4,7
83,17	25,59	2,3	6,0	4,7
83,19	25,61	2,3	6,0	4,7
83,22	25,64	2,3	6,0	4,7
83,24	25,67	2,3	6,0	4,7
83,27	25,69	2,3	6,0	4,7
83,29	25,71	2,3	6,0	4,7
83,32	25,73	2,3	6,0	4,7
83,34	25,75	2,3	6,0	4,7
83,36	25,77	2,3	6,0	4,7
83,39	25,81	2,3	6,0	4,7
83,41	25,83	2,3	6,0	4,7
83,44	25,85	2,3	6,0	4,7
83,46	25,87	2,3	6,0	4,7
83,49	25,89	2,3	6,0	4,7
83,51	25,91	2,3	6,0	4,7
83,54	25,94	2,3	6,0	4,7
83,56	25,97	2,3	6,0	4,7
83,58	25,99	2,3	6,0	4,7
83,61	26,01	2,3	6,0	4,7
83,63	26,03	2,3	6,0	4,7
83,66	26,06	2,3	6,0	4,7
83,68	26,08	2,3	6,0	4,7
83,71	26,10	2,3	6,0	4,7
83,73	26,13	2,3	6,0	4,7
83,76	26,15	2,3	6,0	4,7
83,78	26,16	2,3	6,0	4,7
83,80	26,18	2,3	6,0	4,7
83,83	26,20	2,3	6,0	4,7
83,85	26,22	2,3	6,0	4,7
83,88	26,24	2,3	6,0	4,7
83,90	26,27	2,3	6,0	4,7
83,93	26,29	2,3	6,0	4,7
83,95	26,32	2,3	6,0	4,7
83,98	26,34	2,3	6,0	4,7
84,00	26,37	2,3	6,0	4,7
84,02	26,39	2,3	6,0	4,7
84,05	26,39	2,3	6,0	4,7
84,07	26,42	2,3	6,0	4,7
84,10	26,45	2,3	6,0	4,7
84,12	26,47	2,3	6,0	4,7
84,15	26,49	2,3	6,0	4,7
84,17	26,50	2,3	6,0	4,7
84,20	26,53	2,3	6,0	4,7
84,22	26,54	2,3	6,0	4,7
84,24	26,56	2,3	6,0	4,7
84,27	26,59	2,3	6,0	4,7
84,29	26,61	2,3	6,0	4,7
84,32	26,62	2,3	6,0	4,7
84,34	26,64	2,3	6,0	4,7
84,37	26,66	2,3	6,0	4,7
84,39	26,69	2,3	6,0	4,7
84,41	26,72	2,3	6,0	4,7
84,44	26,75	2,3	6,0	4,7
84,46	26,77	2,3	6,0	4,7
84,49	26,78	2,3	6,0	4,7
84,51	26,80	2,3	6,0	4,7
84,54	26,83	2,3	6,0	4,7
84,56	26,85	2,3	6,0	4,7
84,59	26,87	2,3	6,0	4,7
84,61	26,87	2,3	6,0	4,7
84,63	26,90	2,3	6,0	4,7
84,66	26,91	2,3	6,0	4,7
84,68	26,93	2,3	6,0	4,7
84,71	26,96	2,3	6,0	4,7
84,73	26,98	2,3	6,0	4,7
84,76	26,99	2,3	6,0	4,7
84,78	27,02	2,3	6,0	4,7
84,81	27,04	2,3	6,0	4,7
84,83	27,07	2,3	6,0	4,7
84,85	27,09	2,3	6,0	4,7
84,88	27,12	2,3	6,0	4,7
84,90	27,14	2,3	6,0	4,7
84,93	27,16	2,3	6,0	4,7
84,95	27,19	2,3	6,0	4,7
84,98	27,22	2,3	6,0	4,7
85,00	27,23	2,3	6,0	4,7
85,03	27,25	2,3	6,0	4,7
85,05	27,26	2,3	6,0	4,7
85,07	27,28	2,3	6,0	4,7
85,10	27,30	2,3	6,0	4,7
85,12	27,32	2,3	6,0	4,7
85,15	27,34	2,3	6,0	4,7
85,17	27,36	2,3	6,0	4,7
85,20	27,38	2,3	6,0	4,7
85,22	27,41	2,3	6,0	4,7
85,25	27,43	2,3	6,0	4,7
85,27	27,46	2,3	6,0	4,7
85,29	27,49	2,3	6,0	4,7
85,32	27,50	2,3	6,0	4,7
85,34	27,52	2,3	6,0	4,7
85,37	27,54	2,3	6,0	4,7
85,39	27,56	2,3	6,0	4,7
85,42	27,59	2,3	6,0	4,7
85,44	27,60	2,3	6,0	4,7
85,47	27,62	2,3	6,0	4,7
85,49	27,63	2,3	6,0	4,7
85,51	27,65	2,3	6,0	4,7
85,54	27,67	2,3	6,0	4,7
85,56	27,69	2,3	6,0	4,7
85,59	27,71	2,3	6,0	4,7
85,61	27,72	2,3	6,0	4,7
85,64	27,74	2,3	6,0	4,7
85,66	27,77	2,3	6,0	4,7
85,68	27,79	2,3	6,0	4,7
85,71	27,82	2,3	6,0	4,7
85,73	27,84	2,3	6,0	4,7
85,76	27,86	2,3	6,0	4,7
85,78	27,86	2,3	6,0	4,7
85,81	27,89	2,3	6,0	4,7
85,83	27,91	2,3	6,0	4,7
85,86	27,93	2,3	6,0	4,7
85,88	27,94	2,3	6,0	4,7
85,90	27,96	2,3	6,0	4,7
85,93	27,98	2,3	6,0	4,7
85,95	28,00	2,3	6,0	4,7
85,98	28,02	2,3	6,0	4,7
86,00	28,05	2,3	6,0	4,7
86,03	28,06	2,3	6,0	4,7
86,05	28,07	2,3	6,0	4,7
86,08	28,09	2,3	6,0	4,7
86,10	28,12	2,3	6,0	4,7
86,12	28,14	2,3	6,0	4,7
86,15	28,16	2,3	6,0	4,7
86,17	28,18	2,3	6,0	4,7
86,20	28,19	2,3	6,0	4,7
86,22	28,20	2,3	6,0	4,7
86,25	28,22	2,3	6,0	4,7
86,27	28,25	2,3	6,0	4,7
86,30	28,27	2,3	6,0	4,7
86,32	28,28	2,3	6,0	4,7
86,34	28,30	2,3	6,0	4,7
86,37	28,31	2,3	6,0	4,7
86,39	28,34	2,3	6,0	4,7
86,42	28,35	2,3	6,0	4,7
86,44	28,38	2,3	6,0	4,7
86,47	28,39	2,3	6,0	4,7
86,49	28,40	2,3	6,0	4,7
86,52	28,43	2,3	6,0	4,7
86,54	28,46	2,3	6,0	4,7
86,56	28,48	2,3	6,0	4,7
86,59	28,49	2,3	6,0	4,7
86,61	28,51	2,3	6,0	4,7
86,64	28,52	2,3	6,0	4,7
86,66	28,54	2,3	6,0	4,7
86,69	28,56	2,3	6,0	4,7
86,71	28,58	2,3	6,0	4,7
86,73	28,60	2,3	6,0	4,7
86,76	28,61	2,3	6,0	4,7
86,78	28,63	2,3	6,0	4,7
86,81	28,66	2,3	6,0	4,7
86,83	28,68	2,3	6,0	4,7
86,86	28,70	2,3	6,0	4,7
86,88	28,72	2,3	6,0	4,7
86,91	28,74	2,3	6,0	4,7
86,93	28,75	2,3	6,0	4,7
86,95	28,78	2,3	6,0	4,7
86,98	28,80	2,3	6,0	4,7
87,00	28,83	2,3	6,0	4,7
87,03	28,85	2,3	6,0	4,7
87,05	28,87	2,3	6,0	4,7
87,08	28,88	2,3	6,0	4,7
87,10	28,90	2,3	6,0	4,7
87,13	28,93	2,3	6,0	4,7
87,15	28,95	2,3	6,0	4,7
87,17	28,96	2,3	6,0	4,7
87,20	28,98	2,3	6,0	4,7
87,22	29,00	2,3	6,0	4,7
87,25	29,04	2,3	6,0	4,7
87,27	29,06	2,3	6,0	4,7
87,30	29,09	2,3	6,0	4,7
87,32	29,11	2,3	6,0	4,7
87,35	29,11	2,3	6,0	4,7
87,37	29,14	2,3	6,0	4,7
87,39	29,17	2,3	6,0	4,7
87,42	29,19	2,3	6,0	4,7
87,44	29,21	2,3	6,0	4,7
87,47	29,23	2,3	6,0	4,7
87,49	29,25	2,3	6,0	4,7
87,52	29,25	2,3	6,0	4,7
87,54	29,28	2,3	6,0	4,7
87,57	29,31	2,3	6,0	4,7
87,59	29,32	2,3	6,0	4,7
87,61	29,33	2,3	6,0	4,7
87,64	29,36	2,3	6,0	4,7
87,66	29,38	2,3	6,0	4,7
87,69	29,40	2,3	6,0	4,7
87,71	29,43	2,3	6,0	4,7
87,74	29,45	2,3	6,0	4,7
87,76	29,46	2,3	6,0	4,7
87,78	29,48	2,3	6,0	4,7
87,81	29,50	2,3	6,0	4,7
87,83	29,53	2,3	6,0	4,7
87,86	29,54	2,3	6,0	4,7
87,88	29,56	2,3	6,0	4,7
87,91	29,57	2,3	6,0	4,7
87,93	29,58	2,3	6,0	4,7
87,96	29,60	2,3	6,0	4,7
87,98	29,62	2,3	6,0	4,7
88,00	29,65	2,3	6,0	4,7
88,03	29,66	2,3	6,0	4,7
88,05	29,68	2,3	6,0	4,7
88,08	29,71	2,3	6,0	4,7
88,10	29,72	2,3	6,0	4,7
88,13	29,76	2,3	6,0	4,7
88,15	29,77	2,3	6,0	4,7
88,18	29,79	2,3	6,0	4,7
88,20	29,81	2,3	6,0	4,7
88,22	29,83	2,3	6,0	4,7
88,25	29,85	2,3	6,0	4,7
88,27	29,88	2,3	6,0	4,7
88,30	29,90	2,3	6,0	4,7
88,32	29,92	2,3	6,0	4,7
88,35	29,92	2,3	6,0	4,7
88,37	29,95	2,3	6,0	4,7
88,40	29,96	2,3	6,0	4,7
88,42	29,98	2,3	6,0	4,7
88,44	30,01	2,3	6,0	4,7
88,47	30,03	2,3	6,0	4,7
88,49	30,04	2,3	6,0	4,7
88,52	30,07	2,3	6,0	4,7
88,54	30,10	2,3	6,0	4,7
88,57	30,12	2,3	6,0	4,7
88,59	30,14	2,3	6,0	4,7
88,62	30,16	2,3	6,0	4,7
88,64	30,17	2,3	6,0	4,7
88,66	30,19	2,3	6,0	4,7
88,69	30,22	2,3	6,0	4,7
88,71	30,25	2,3	6,0	4,7
88,74	30,26	2,3	6,0	4,7
88,76	30,28	2,3	6,0	4,7
88,79	30,30	2,3	6,0	4,7
88,81	30,32	2,3	6,0	4,7
88,83	30,34	2,3	6,0	4,7
88,86	30,37	2,3	6,0	4,7
88,88	30,39	2,3	6,0	4,7
88,91	30,41	2,3	6,0	4,7
88,93	30,43	2,3	6,0	4,7
88,96	30,47	2,3	6,0	4,7
88,98	30,50	2,3	6,0	4,7
89,01	30,53	2,3	6,0	4,7
89,03	30,55	2,3	6,0	4,7
89,05	30,57	2,3	6,0	4,7
89,08	30,58	2,3	6,0	4,7
89,10	30,62	2,3	6,0	4,7
89,13	30,65	2,3	6,0	4,7
89,15	30,67	2,3	6,0	4,7
89,18	30,69	2,3	6,0	4,7
89,20	30,71	2,3	6,0	4,7
89,23	30,73	2,3	6,0	4,7
89,25	30,76	2,3	6,0	4,7
89,27	30,79	2,3	6,0	4,7
89,30	30,82	2,3	6,0	4,7
89,32	30,84	2,3	6,0	4,7
89,35	30,87	2,3	6,0	4,7
89,37	30,90	2,3	6,0	4,7
89,40	30,93	2,3	6,0	4,7
89,42	30,95	2,3	6,0	4,7
89,45	30,97	2,3	6,0	4,7
89,47	31,00	2,3	6,0	4,7
89,49	31,01	2,3	6,0	4,7
89,52	31,03	2,3	6,0	4,7
89,54	31,07	2,3	6,0	4,7
89,57	31,10	2,3	6,0	4,7
89,59	31,11	2,3	6,0	4,7
89,62	31,13	2,3	6,0	4,7
89,64	31,16	2,3	6,0	4,7
89,67	31,18	2,3	6,0	4,7
89,69	31,21	2,3	6,0	4,7
89,71	31,23	2,3	6,0	4,7
89,74	31,23	2,3	6,0	4,7
89,76	31,24	2,3	6,0	4,7
89,79	31,26	2,3	6,0	4,7
89,81	31,29	2,3	6,0	4,7
89,84	31,28	2,3	6,0	4,7
89,86	31,30	2,3	6,0	4,7
89,89	31,31	2,3	6,0	4,7
89,91	31,30	2,3	6,0	4,7
89,93	31,30	2,3	6,0	4,7
89,96	31,32	2,3	6,0	4,7
89,98	31,33	2,3	6,0	4,7
