Voltage U1	Corriente IA	Voltage U2	Voltage U3	Voltage UH
U1/V	IA/nA	U2/V	U3/V	UH/V

0,02	0,22	4,5	6,0	5,0
0,04	0,21	4,5	6,0	5,0
0,07	0,21	4,5	6,0	5,0
0,09	0,19	4,5	6,0	5,0
0,12	0,18	4,5	6,0	5,0
0,14	0,17	4,5	6,0	5,0
0,17	0,17	4,5	6,0	5,0
0,19	0,16	4,5	6,0	5,0
0,21	0,15	4,5	6,0	5,0
0,24	0,14	4,5	6,0	5,0
0,26	0,14	4,5	6,0	5,0
0,29	0,12	4,5	6,0	5,0
0,31	0,11	4,5	6,0	5,0
0,34	0,11	4,5	6,0	5,0
0,36	0,11	4,5	6,0	5,0
0,39	0,11	4,5	6,0	5,0
0,41	0,11	4,5	6,0	5,0
0,43	0,11	4,5	6,0	5,0
0,46	0,11	4,5	6,0	5,0
0,48	0,11	4,5	6,0	5,0
0,51	0,11	4,5	6,0	5,0
0,53	0,11	4,5	6,0	5,0
0,56	0,11	4,5	6,0	5,0
0,58	0,10	4,5	6,0	5,0
0,61	0,10	4,5	6,0	5,0
0,63	0,10	4,5	6,0	5,0
0,65	0,11	4,5	6,0	5,0
0,68	0,11	4,5	6,0	5,0
0,70	0,11	4,5	6,0	5,0
0,73	0,11	4,5	6,0	5,0
0,75	0,12	4,5	6,0	5,0
0,78	0,11	4,5	6,0	5,0
0,80	0,11	4,5	6,0	5,0
0,83	0,12	4,5	6,0	5,0
0,85	0,12	4,5	6,0	5,0
0,87	0,12	4,5	6,0	5,0
0,90	0,12	4,5	6,0	5,0
0,92	0,13	4,5	6,0	5,0
0,95	0,13	4,5	6,0	5,0
0,97	0,12	4,5	6,0	5,0
1,00	0,12	4,5	6,0	5,0
1,02	0,12	4,5	6,0	5,0
1,05	0,13	4,5	6,0	5,0
1,07	0,13	4,5	6,0	5,0
1,09	0,14	4,5	6,0	5,0
1,12	0,14	4,5	6,0	5,0
1,14	0,14	4,5	6,0	5,0
1,17	0,14	4,5	6,0	5,0
1,19	0,14	4,5	6,0	5,0
1,22	0,14	4,5	6,0	5,0
1,24	0,14	4,5	6,0	5,0
1,26	0,15	4,5	6,0	5,0
1,29	0,15	4,5	6,0	5,0
1,31	0,15	4,5	6,0	5,0
1,34	0,15	4,5	6,0	5,0
1,36	0,15	4,5	6,0	5,0
1,39	0,15	4,5	6,0	5,0
1,41	0,15	4,5	6,0	5,0
1,44	0,15	4,5	6,0	5,0
1,46	0,15	4,5	6,0	5,0
1,48	0,15	4,5	6,0	5,0
1,51	0,15	4,5	6,0	5,0
1,53	0,16	4,5	6,0	5,0
1,56	0,15	4,5	6,0	5,0
1,58	0,15	4,5	6,0	5,0
1,61	0,15	4,5	6,0	5,0
1,63	0,16	4,5	6,0	5,0
1,66	0,16	4,5	6,0	5,0
1,68	0,16	4,5	6,0	5,0
1,70	0,16	4,5	6,0	5,0
1,73	0,15	4,5	6,0	5,0
1,75	0,15	4,5	6,0	5,0
1,78	0,16	4,5	6,0	5,0
1,80	0,16	4,5	6,0	5,0
1,83	0,15	4,5	6,0	5,0
1,85	0,15	4,5	6,0	5,0
1,88	0,15	4,5	6,0	5,0
1,90	0,15	4,5	6,0	5,0
1,92	0,15	4,5	6,0	5,0
1,95	0,15	4,5	6,0	5,0
1,97	0,16	4,5	6,0	5,0
2,00	0,15	4,5	6,0	5,0
2,02	0,15	4,5	6,0	5,0
2,05	0,16	4,5	6,0	5,0
2,07	0,16	4,5	6,0	5,0
2,10	0,17	4,5	6,0	5,0
2,12	0,17	4,5	6,0	5,0
2,14	0,17	4,5	6,0	5,0
2,17	0,17	4,5	6,0	5,0
2,19	0,17	4,5	6,0	5,0
2,22	0,17	4,5	6,0	5,0
2,24	0,17	4,5	6,0	5,0
2,27	0,17	4,5	6,0	5,0
2,29	0,17	4,5	6,0	5,0
2,31	0,17	4,5	6,0	5,0
2,34	0,18	4,5	6,0	5,0
2,36	0,18	4,5	6,0	5,0
2,39	0,19	4,5	6,0	5,0
2,41	0,19	4,5	6,0	5,0
2,44	0,19	4,5	6,0	5,0
2,46	0,19	4,5	6,0	5,0
2,49	0,20	4,5	6,0	5,0
2,51	0,20	4,5	6,0	5,0
2,53	0,20	4,5	6,0	5,0
2,56	0,19	4,5	6,0	5,0
2,58	0,20	4,5	6,0	5,0
2,61	0,19	4,5	6,0	5,0
2,63	0,19	4,5	6,0	5,0
2,66	0,20	4,5	6,0	5,0
2,68	0,20	4,5	6,0	5,0
2,71	0,19	4,5	6,0	5,0
2,73	0,19	4,5	6,0	5,0
2,75	0,19	4,5	6,0	5,0
2,78	0,21	4,5	6,0	5,0
2,80	0,21	4,5	6,0	5,0
2,83	0,22	4,5	6,0	5,0
2,85	0,22	4,5	6,0	5,0
2,88	0,21	4,5	6,0	5,0
2,90	0,21	4,5	6,0	5,0
2,93	0,21	4,5	6,0	5,0
2,95	0,21	4,5	6,0	5,0
2,97	0,21	4,5	6,0	5,0
3,00	0,20	4,5	6,0	5,0
3,02	0,20	4,5	6,0	5,0
3,05	0,20	4,5	6,0	5,0
3,07	0,20	4,5	6,0	5,0
3,10	0,21	4,5	6,0	5,0
3,12	0,20	4,5	6,0	5,0
3,15	0,20	4,5	6,0	5,0
3,17	0,21	4,5	6,0	5,0
3,19	0,21	4,5	6,0	5,0
3,22	0,22	4,5	6,0	5,0
3,24	0,22	4,5	6,0	5,0
3,27	0,22	4,5	6,0	5,0
3,29	0,21	4,5	6,0	5,0
3,32	0,21	4,5	6,0	5,0
3,34	0,22	4,5	6,0	5,0
3,36	0,22	4,5	6,0	5,0
3,39	0,21	4,5	6,0	5,0
3,41	0,21	4,5	6,0	5,0
3,44	0,20	4,5	6,0	5,0
3,46	0,21	4,5	6,0	5,0
3,49	0,21	4,5	6,0	5,0
3,51	0,22	4,5	6,0	5,0
3,54	0,22	4,5	6,0	5,0
3,56	0,21	4,5	6,0	5,0
3,58	0,21	4,5	6,0	5,0
3,61	0,22	4,5	6,0	5,0
3,63	0,22	4,5	6,0	5,0
3,66	0,23	4,5	6,0	5,0
3,68	0,23	4,5	6,0	5,0
3,71	0,23	4,5	6,0	5,0
3,73	0,22	4,5	6,0	5,0
3,76	0,22	4,5	6,0	5,0
3,78	0,23	4,5	6,0	5,0
3,80	0,23	4,5	6,0	5,0
3,83	0,23	4,5	6,0	5,0
3,85	0,23	4,5	6,0	5,0
3,88	0,23	4,5	6,0	5,0
3,90	0,23	4,5	6,0	5,0
3,93	0,23	4,5	6,0	5,0
3,95	0,24	4,5	6,0	5,0
3,98	0,24	4,5	6,0	5,0
4,00	0,24	4,5	6,0	5,0
4,02	0,24	4,5	6,0	5,0
4,05	0,25	4,5	6,0	5,0
4,07	0,25	4,5	6,0	5,0
4,10	0,25	4,5	6,0	5,0
4,12	0,25	4,5	6,0	5,0
4,15	0,25	4,5	6,0	5,0
4,17	0,24	4,5	6,0	5,0
4,20	0,24	4,5	6,0	5,0
4,22	0,25	4,5	6,0	5,0
4,24	0,25	4,5	6,0	5,0
4,27	0,25	4,5	6,0	5,0
4,29	0,24	4,5	6,0	5,0
4,32	0,24	4,5	6,0	5,0
4,34	0,25	4,5	6,0	5,0
4,37	0,25	4,5	6,0	5,0
4,39	0,26	4,5	6,0	5,0
4,42	0,26	4,5	6,0	5,0
4,44	0,25	4,5	6,0	5,0
4,46	0,26	4,5	6,0	5,0
4,49	0,25	4,5	6,0	5,0
4,51	0,26	4,5	6,0	5,0
4,54	0,26	4,5	6,0	5,0
4,56	0,26	4,5	6,0	5,0
4,59	0,25	4,5	6,0	5,0
4,61	0,25	4,5	6,0	5,0
4,63	0,26	4,5	6,0	5,0
4,66	0,26	4,5	6,0	5,0
4,68	0,25	4,5	6,0	5,0
4,71	0,25	4,5	6,0	5,0
4,73	0,25	4,5	6,0	5,0
4,76	0,25	4,5	6,0	5,0
4,78	0,26	4,5	6,0	5,0
4,81	0,27	4,5	6,0	5,0
4,83	0,27	4,5	6,0	5,0
4,85	0,26	4,5	6,0	5,0
4,88	0,26	4,5	6,0	5,0
4,90	0,27	4,5	6,0	5,0
4,93	0,27	4,5	6,0	5,0
4,95	0,27	4,5	6,0	5,0
4,98	0,27	4,5	6,0	5,0
5,00	0,27	4,5	6,0	5,0
5,03	0,26	4,5	6,0	5,0
5,05	0,26	4,5	6,0	5,0
5,07	0,27	4,5	6,0	5,0
5,10	0,28	4,5	6,0	5,0
5,12	0,27	4,5	6,0	5,0
5,15	0,27	4,5	6,0	5,0
5,17	0,26	4,5	6,0	5,0
5,20	0,27	4,5	6,0	5,0
5,22	0,27	4,5	6,0	5,0
5,25	0,27	4,5	6,0	5,0
5,27	0,28	4,5	6,0	5,0
5,29	0,27	4,5	6,0	5,0
5,32	0,27	4,5	6,0	5,0
5,34	0,28	4,5	6,0	5,0
5,37	0,28	4,5	6,0	5,0
5,39	0,29	4,5	6,0	5,0
5,42	0,28	4,5	6,0	5,0
5,44	0,28	4,5	6,0	5,0
5,47	0,27	4,5	6,0	5,0
5,49	0,28	4,5	6,0	5,0
5,51	0,29	4,5	6,0	5,0
5,54	0,29	4,5	6,0	5,0
5,56	0,28	4,5	6,0	5,0
5,59	0,28	4,5	6,0	5,0
5,61	0,28	4,5	6,0	5,0
5,64	0,29	4,5	6,0	5,0
5,66	0,30	4,5	6,0	5,0
5,68	0,31	4,5	6,0	5,0
5,71	0,31	4,5	6,0	5,0
5,73	0,31	4,5	6,0	5,0
5,76	0,30	4,5	6,0	5,0
5,78	0,31	4,5	6,0	5,0
5,81	0,31	4,5	6,0	5,0
5,83	0,31	4,5	6,0	5,0
5,86	0,31	4,5	6,0	5,0
5,88	0,31	4,5	6,0	5,0
5,90	0,30	4,5	6,0	5,0
5,93	0,30	4,5	6,0	5,0
5,95	0,31	4,5	6,0	5,0
5,98	0,31	4,5	6,0	5,0
6,00	0,30	4,5	6,0	5,0
6,03	0,31	4,5	6,0	5,0
6,05	0,31	4,5	6,0	5,0
6,08	0,33	4,5	6,0	5,0
6,10	0,33	4,5	6,0	5,0
6,12	0,33	4,5	6,0	5,0
6,15	0,32	4,5	6,0	5,0
6,17	0,32	4,5	6,0	5,0
6,20	0,33	4,5	6,0	5,0
6,22	0,33	4,5	6,0	5,0
6,25	0,32	4,5	6,0	5,0
6,27	0,32	4,5	6,0	5,0
6,30	0,31	4,5	6,0	5,0
6,32	0,31	4,5	6,0	5,0
6,34	0,31	4,5	6,0	5,0
6,37	0,32	4,5	6,0	5,0
6,39	0,32	4,5	6,0	5,0
6,42	0,31	4,5	6,0	5,0
6,44	0,32	4,5	6,0	5,0
6,47	0,32	4,5	6,0	5,0
6,49	0,32	4,5	6,0	5,0
6,52	0,34	4,5	6,0	5,0
6,54	0,34	4,5	6,0	5,0
6,56	0,33	4,5	6,0	5,0
6,59	0,33	4,5	6,0	5,0
6,61	0,33	4,5	6,0	5,0
6,64	0,34	4,5	6,0	5,0
6,66	0,34	4,5	6,0	5,0
6,69	0,32	4,5	6,0	5,0
6,71	0,33	4,5	6,0	5,0
6,73	0,32	4,5	6,0	5,0
6,76	0,33	4,5	6,0	5,0
6,78	0,33	4,5	6,0	5,0
6,81	0,34	4,5	6,0	5,0
6,83	0,34	4,5	6,0	5,0
6,86	0,33	4,5	6,0	5,0
6,88	0,34	4,5	6,0	5,0
6,91	0,34	4,5	6,0	5,0
6,93	0,35	4,5	6,0	5,0
6,95	0,35	4,5	6,0	5,0
6,98	0,35	4,5	6,0	5,0
7,00	0,35	4,5	6,0	5,0
7,03	0,34	4,5	6,0	5,0
7,05	0,34	4,5	6,0	5,0
7,08	0,35	4,5	6,0	5,0
7,10	0,36	4,5	6,0	5,0
7,13	0,35	4,5	6,0	5,0
7,15	0,35	4,5	6,0	5,0
7,17	0,35	4,5	6,0	5,0
7,20	0,35	4,5	6,0	5,0
7,22	0,36	4,5	6,0	5,0
7,25	0,36	4,5	6,0	5,0
7,27	0,36	4,5	6,0	5,0
7,30	0,36	4,5	6,0	5,0
7,32	0,36	4,5	6,0	5,0
7,35	0,37	4,5	6,0	5,0
7,37	0,37	4,5	6,0	5,0
7,39	0,37	4,5	6,0	5,0
7,42	0,37	4,5	6,0	5,0
7,44	0,36	4,5	6,0	5,0
7,47	0,36	4,5	6,0	5,0
7,49	0,36	4,5	6,0	5,0
7,52	0,37	4,5	6,0	5,0
7,54	0,37	4,5	6,0	5,0
7,57	0,36	4,5	6,0	5,0
7,59	0,36	4,5	6,0	5,0
7,61	0,36	4,5	6,0	5,0
7,64	0,37	4,5	6,0	5,0
7,66	0,37	4,5	6,0	5,0
7,69	0,38	4,5	6,0	5,0
7,71	0,37	4,5	6,0	5,0
7,74	0,37	4,5	6,0	5,0
7,76	0,38	4,5	6,0	5,0
7,78	0,37	4,5	6,0	5,0
7,81	0,38	4,5	6,0	5,0
7,83	0,38	4,5	6,0	5,0
7,86	0,38	4,5	6,0	5,0
7,88	0,38	4,5	6,0	5,0
7,91	0,38	4,5	6,0	5,0
7,93	0,39	4,5	6,0	5,0
7,96	0,39	4,5	6,0	5,0
7,98	0,38	4,5	6,0	5,0
8,00	0,39	4,5	6,0	5,0
8,03	0,38	4,5	6,0	5,0
8,05	0,39	4,5	6,0	5,0
8,08	0,39	4,5	6,0	5,0
8,10	0,40	4,5	6,0	5,0
8,13	0,40	4,5	6,0	5,0
8,15	0,40	4,5	6,0	5,0
8,18	0,40	4,5	6,0	5,0
8,20	0,40	4,5	6,0	5,0
8,22	0,40	4,5	6,0	5,0
8,25	0,41	4,5	6,0	5,0
8,27	0,41	4,5	6,0	5,0
8,30	0,41	4,5	6,0	5,0
8,32	0,40	4,5	6,0	5,0
8,35	0,41	4,5	6,0	5,0
8,37	0,41	4,5	6,0	5,0
8,40	0,42	4,5	6,0	5,0
8,42	0,40	4,5	6,0	5,0
8,44	0,40	4,5	6,0	5,0
8,47	0,40	4,5	6,0	5,0
8,49	0,40	4,5	6,0	5,0
8,52	0,41	4,5	6,0	5,0
8,54	0,42	4,5	6,0	5,0
8,57	0,42	4,5	6,0	5,0
8,59	0,40	4,5	6,0	5,0
8,62	0,41	4,5	6,0	5,0
8,64	0,42	4,5	6,0	5,0
8,66	0,41	4,5	6,0	5,0
8,69	0,42	4,5	6,0	5,0
8,71	0,41	4,5	6,0	5,0
8,74	0,41	4,5	6,0	5,0
8,76	0,41	4,5	6,0	5,0
8,79	0,41	4,5	6,0	5,0
8,81	0,42	4,5	6,0	5,0
8,84	0,41	4,5	6,0	5,0
8,86	0,41	4,5	6,0	5,0
8,88	0,41	4,5	6,0	5,0
8,91	0,41	4,5	6,0	5,0
8,93	0,42	4,5	6,0	5,0
8,96	0,42	4,5	6,0	5,0
8,98	0,43	4,5	6,0	5,0
9,01	0,42	4,5	6,0	5,0
9,03	0,43	4,5	6,0	5,0
9,05	0,42	4,5	6,0	5,0
9,08	0,43	4,5	6,0	5,0
9,10	0,43	4,5	6,0	5,0
9,13	0,43	4,5	6,0	5,0
9,15	0,42	4,5	6,0	5,0
9,18	0,42	4,5	6,0	5,0
9,20	0,42	4,5	6,0	5,0
9,23	0,43	4,5	6,0	5,0
9,25	0,43	4,5	6,0	5,0
9,27	0,42	4,5	6,0	5,0
9,30	0,42	4,5	6,0	5,0
9,32	0,43	4,5	6,0	5,0
9,35	0,43	4,5	6,0	5,0
9,37	0,44	4,5	6,0	5,0
9,40	0,44	4,5	6,0	5,0
9,42	0,45	4,5	6,0	5,0
9,45	0,44	4,5	6,0	5,0
9,47	0,44	4,5	6,0	5,0
9,49	0,45	4,5	6,0	5,0
9,52	0,44	4,5	6,0	5,0
9,54	0,44	4,5	6,0	5,0
9,57	0,44	4,5	6,0	5,0
9,59	0,43	4,5	6,0	5,0
9,62	0,44	4,5	6,0	5,0
9,64	0,44	4,5	6,0	5,0
9,67	0,45	4,5	6,0	5,0
9,69	0,44	4,5	6,0	5,0
9,71	0,44	4,5	6,0	5,0
9,74	0,44	4,5	6,0	5,0
9,76	0,44	4,5	6,0	5,0
9,79	0,44	4,5	6,0	5,0
9,81	0,45	4,5	6,0	5,0
9,84	0,45	4,5	6,0	5,0
9,86	0,45	4,5	6,0	5,0
9,89	0,45	4,5	6,0	5,0
9,91	0,45	4,5	6,0	5,0
9,93	0,46	4,5	6,0	5,0
9,96	0,46	4,5	6,0	5,0
9,98	0,45	4,5	6,0	5,0
10,01	0,45	4,5	6,0	5,0
10,03	0,45	4,5	6,0	5,0
10,06	0,45	4,5	6,0	5,0
10,08	0,45	4,5	6,0	5,0
10,10	0,46	4,5	6,0	5,0
10,13	0,46	4,5	6,0	5,0
10,15	0,45	4,5	6,0	5,0
10,18	0,45	4,5	6,0	5,0
10,20	0,46	4,5	6,0	5,0
10,23	0,46	4,5	6,0	5,0
10,25	0,47	4,5	6,0	5,0
10,28	0,47	4,5	6,0	5,0
10,30	0,47	4,5	6,0	5,0
10,32	0,46	4,5	6,0	5,0
10,35	0,47	4,5	6,0	5,0
10,37	0,48	4,5	6,0	5,0
10,40	0,47	4,5	6,0	5,0
10,42	0,47	4,5	6,0	5,0
10,45	0,47	4,5	6,0	5,0
10,47	0,48	4,5	6,0	5,0
10,50	0,48	4,5	6,0	5,0
10,52	0,49	4,5	6,0	5,0
10,54	0,49	4,5	6,0	5,0
10,57	0,48	4,5	6,0	5,0
10,59	0,48	4,5	6,0	5,0
10,62	0,48	4,5	6,0	5,0
10,64	0,49	4,5	6,0	5,0
10,67	0,49	4,5	6,0	5,0
10,69	0,49	4,5	6,0	5,0
10,72	0,49	4,5	6,0	5,0
10,74	0,48	4,5	6,0	5,0
10,76	0,49	4,5	6,0	5,0
10,79	0,49	4,5	6,0	5,0
10,81	0,50	4,5	6,0	5,0
10,84	0,49	4,5	6,0	5,0
10,86	0,49	4,5	6,0	5,0
10,89	0,49	4,5	6,0	5,0
10,91	0,49	4,5	6,0	5,0
10,94	0,49	4,5	6,0	5,0
10,96	0,50	4,5	6,0	5,0
10,98	0,50	4,5	6,0	5,0
11,01	0,49	4,5	6,0	5,0
11,03	0,49	4,5	6,0	5,0
11,06	0,50	4,5	6,0	5,0
11,08	0,49	4,5	6,0	5,0
11,11	0,50	4,5	6,0	5,0
11,13	0,50	4,5	6,0	5,0
11,15	0,49	4,5	6,0	5,0
11,18	0,49	4,5	6,0	5,0
11,20	0,49	4,5	6,0	5,0
11,23	0,50	4,5	6,0	5,0
11,25	0,50	4,5	6,0	5,0
11,28	0,49	4,5	6,0	5,0
11,30	0,49	4,5	6,0	5,0
11,33	0,49	4,5	6,0	5,0
11,35	0,50	4,5	6,0	5,0
11,37	0,50	4,5	6,0	5,0
11,40	0,51	4,5	6,0	5,0
11,42	0,50	4,5	6,0	5,0
11,45	0,50	4,5	6,0	5,0
11,47	0,50	4,5	6,0	5,0
11,50	0,51	4,5	6,0	5,0
11,52	0,50	4,5	6,0	5,0
11,55	0,51	4,5	6,0	5,0
11,57	0,50	4,5	6,0	5,0
11,59	0,50	4,5	6,0	5,0
11,62	0,50	4,5	6,0	5,0
11,64	0,50	4,5	6,0	5,0
11,67	0,51	4,5	6,0	5,0
11,69	0,51	4,5	6,0	5,0
11,72	0,49	4,5	6,0	5,0
11,74	0,50	4,5	6,0	5,0
11,77	0,50	4,5	6,0	5,0
11,79	0,51	4,5	6,0	5,0
11,81	0,51	4,5	6,0	5,0
11,84	0,52	4,5	6,0	5,0
11,86	0,52	4,5	6,0	5,0
11,89	0,51	4,5	6,0	5,0
11,91	0,51	4,5	6,0	5,0
11,94	0,52	4,5	6,0	5,0
11,96	0,52	4,5	6,0	5,0
11,99	0,52	4,5	6,0	5,0
12,01	0,51	4,5	6,0	5,0
12,03	0,52	4,5	6,0	5,0
12,06	0,51	4,5	6,0	5,0
12,08	0,52	4,5	6,0	5,0
12,11	0,53	4,5	6,0	5,0
12,13	0,52	4,5	6,0	5,0
12,16	0,52	4,5	6,0	5,0
12,18	0,52	4,5	6,0	5,0
12,21	0,52	4,5	6,0	5,0
12,23	0,53	4,5	6,0	5,0
12,25	0,53	4,5	6,0	5,0
12,28	0,54	4,5	6,0	5,0
12,30	0,53	4,5	6,0	5,0
12,33	0,53	4,5	6,0	5,0
12,35	0,53	4,5	6,0	5,0
12,38	0,53	4,5	6,0	5,0
12,40	0,53	4,5	6,0	5,0
12,42	0,53	4,5	6,0	5,0
12,45	0,52	4,5	6,0	5,0
12,47	0,52	4,5	6,0	5,0
12,50	0,52	4,5	6,0	5,0
12,52	0,53	4,5	6,0	5,0
12,55	0,53	4,5	6,0	5,0
12,57	0,52	4,5	6,0	5,0
12,60	0,52	4,5	6,0	5,0
12,62	0,53	4,5	6,0	5,0
12,64	0,53	4,5	6,0	5,0
12,67	0,54	4,5	6,0	5,0
12,69	0,54	4,5	6,0	5,0
12,72	0,54	4,5	6,0	5,0
12,74	0,54	4,5	6,0	5,0
12,77	0,54	4,5	6,0	5,0
12,79	0,55	4,5	6,0	5,0
12,82	0,54	4,5	6,0	5,0
12,84	0,54	4,5	6,0	5,0
12,86	0,54	4,5	6,0	5,0
12,89	0,54	4,5	6,0	5,0
12,91	0,54	4,5	6,0	5,0
12,94	0,54	4,5	6,0	5,0
12,96	0,55	4,5	6,0	5,0
12,99	0,54	4,5	6,0	5,0
13,01	0,54	4,5	6,0	5,0
13,04	0,54	4,5	6,0	5,0
13,06	0,55	4,5	6,0	5,0
13,08	0,55	4,5	6,0	5,0
13,11	0,55	4,5	6,0	5,0
13,13	0,55	4,5	6,0	5,0
13,16	0,54	4,5	6,0	5,0
13,18	0,54	4,5	6,0	5,0
13,21	0,54	4,5	6,0	5,0
13,23	0,54	4,5	6,0	5,0
13,26	0,54	4,5	6,0	5,0
13,28	0,53	4,5	6,0	5,0
13,30	0,53	4,5	6,0	5,0
13,33	0,53	4,5	6,0	5,0
13,35	0,52	4,5	6,0	5,0
13,38	0,52	4,5	6,0	5,0
13,40	0,53	4,5	6,0	5,0
13,43	0,52	4,5	6,0	5,0
13,45	0,50	4,5	6,0	5,0
13,47	0,50	4,5	6,0	5,0
13,50	0,51	4,5	6,0	5,0
13,52	0,51	4,5	6,0	5,0
13,55	0,50	4,5	6,0	5,0
13,57	0,50	4,5	6,0	5,0
13,60	0,49	4,5	6,0	5,0
13,62	0,48	4,5	6,0	5,0
13,65	0,48	4,5	6,0	5,0
13,67	0,48	4,5	6,0	5,0
13,69	0,47	4,5	6,0	5,0
13,72	0,46	4,5	6,0	5,0
13,74	0,46	4,5	6,0	5,0
13,77	0,45	4,5	6,0	5,0
13,79	0,45	4,5	6,0	5,0
13,82	0,45	4,5	6,0	5,0
13,84	0,45	4,5	6,0	5,0
13,87	0,43	4,5	6,0	5,0
13,89	0,43	4,5	6,0	5,0
13,91	0,42	4,5	6,0	5,0
13,94	0,42	4,5	6,0	5,0
13,96	0,42	4,5	6,0	5,0
13,99	0,41	4,5	6,0	5,0
14,01	0,41	4,5	6,0	5,0
14,04	0,40	4,5	6,0	5,0
14,06	0,39	4,5	6,0	5,0
14,09	0,39	4,5	6,0	5,0
14,11	0,38	4,5	6,0	5,0
14,13	0,37	4,5	6,0	5,0
14,16	0,37	4,5	6,0	5,0
14,18	0,36	4,5	6,0	5,0
14,21	0,36	4,5	6,0	5,0
14,23	0,36	4,5	6,0	5,0
14,26	0,36	4,5	6,0	5,0
14,28	0,35	4,5	6,0	5,0
14,31	0,34	4,5	6,0	5,0
14,33	0,33	4,5	6,0	5,0
14,35	0,34	4,5	6,0	5,0
14,38	0,33	4,5	6,0	5,0
14,40	0,34	4,5	6,0	5,0
14,43	0,32	4,5	6,0	5,0
14,45	0,32	4,5	6,0	5,0
14,48	0,31	4,5	6,0	5,0
14,50	0,30	4,5	6,0	5,0
14,52	0,31	4,5	6,0	5,0
14,55	0,29	4,5	6,0	5,0
14,57	0,28	4,5	6,0	5,0
14,60	0,28	4,5	6,0	5,0
14,62	0,27	4,5	6,0	5,0
14,65	0,27	4,5	6,0	5,0
14,67	0,27	4,5	6,0	5,0
14,70	0,28	4,5	6,0	5,0
14,72	0,27	4,5	6,0	5,0
14,74	0,26	4,5	6,0	5,0
14,77	0,25	4,5	6,0	5,0
14,79	0,25	4,5	6,0	5,0
14,82	0,25	4,5	6,0	5,0
14,84	0,25	4,5	6,0	5,0
14,87	0,23	4,5	6,0	5,0
14,89	0,23	4,5	6,0	5,0
14,92	0,22	4,5	6,0	5,0
14,94	0,22	4,5	6,0	5,0
14,96	0,22	4,5	6,0	5,0
14,99	0,21	4,5	6,0	5,0
15,01	0,20	4,5	6,0	5,0
15,04	0,20	4,5	6,0	5,0
15,06	0,20	4,5	6,0	5,0
15,09	0,20	4,5	6,0	5,0
15,11	0,20	4,5	6,0	5,0
15,14	0,20	4,5	6,0	5,0
15,16	0,20	4,5	6,0	5,0
15,18	0,19	4,5	6,0	5,0
15,21	0,20	4,5	6,0	5,0
15,23	0,19	4,5	6,0	5,0
15,26	0,18	4,5	6,0	5,0
15,28	0,18	4,5	6,0	5,0
15,31	0,17	4,5	6,0	5,0
15,33	0,17	4,5	6,0	5,0
15,36	0,17	4,5	6,0	5,0
15,38	0,17	4,5	6,0	5,0
15,40	0,17	4,5	6,0	5,0
15,43	0,16	4,5	6,0	5,0
15,45	0,16	4,5	6,0	5,0
15,48	0,16	4,5	6,0	5,0
15,50	0,15	4,5	6,0	5,0
15,53	0,16	4,5	6,0	5,0
15,55	0,16	4,5	6,0	5,0
15,57	0,15	4,5	6,0	5,0
15,60	0,14	4,5	6,0	5,0
15,62	0,14	4,5	6,0	5,0
15,65	0,14	4,5	6,0	5,0
15,67	0,14	4,5	6,0	5,0
15,70	0,14	4,5	6,0	5,0
15,72	0,13	4,5	6,0	5,0
15,75	0,12	4,5	6,0	5,0
15,77	0,12	4,5	6,0	5,0
15,79	0,12	4,5	6,0	5,0
15,82	0,12	4,5	6,0	5,0
15,84	0,12	4,5	6,0	5,0
15,87	0,11	4,5	6,0	5,0
15,89	0,11	4,5	6,0	5,0
15,92	0,11	4,5	6,0	5,0
15,94	0,11	4,5	6,0	5,0
15,97	0,11	4,5	6,0	5,0
15,99	0,11	4,5	6,0	5,0
16,01	0,11	4,5	6,0	5,0
16,04	0,10	4,5	6,0	5,0
16,06	0,10	4,5	6,0	5,0
16,09	0,11	4,5	6,0	5,0
16,11	0,11	4,5	6,0	5,0
16,14	0,11	4,5	6,0	5,0
16,16	0,11	4,5	6,0	5,0
16,19	0,10	4,5	6,0	5,0
16,21	0,10	4,5	6,0	5,0
16,23	0,10	4,5	6,0	5,0
16,26	0,11	4,5	6,0	5,0
16,28	0,09	4,5	6,0	5,0
16,31	0,09	4,5	6,0	5,0
16,33	0,09	4,5	6,0	5,0
16,36	0,10	4,5	6,0	5,0
16,38	0,10	4,5	6,0	5,0
16,41	0,10	4,5	6,0	5,0
16,43	0,10	4,5	6,0	5,0
16,45	0,09	4,5	6,0	5,0
16,48	0,09	4,5	6,0	5,0
16,50	0,09	4,5	6,0	5,0
16,53	0,10	4,5	6,0	5,0
16,55	0,09	4,5	6,0	5,0
16,58	0,09	4,5	6,0	5,0
16,60	0,09	4,5	6,0	5,0
16,63	0,09	4,5	6,0	5,0
16,65	0,09	4,5	6,0	5,0
16,67	0,09	4,5	6,0	5,0
16,70	0,09	4,5	6,0	5,0
16,72	0,08	4,5	6,0	5,0
16,75	0,08	4,5	6,0	5,0
16,77	0,09	4,5	6,0	5,0
16,80	0,09	4,5	6,0	5,0
16,82	0,09	4,5	6,0	5,0
16,84	0,09	4,5	6,0	5,0
16,87	0,09	4,5	6,0	5,0
16,89	0,08	4,5	6,0	5,0
16,92	0,08	4,5	6,0	5,0
16,94	0,08	4,5	6,0	5,0
16,97	0,09	4,5	6,0	5,0
16,99	0,08	4,5	6,0	5,0
17,02	0,08	4,5	6,0	5,0
17,04	0,08	4,5	6,0	5,0
17,06	0,09	4,5	6,0	5,0
17,09	0,09	4,5	6,0	5,0
17,11	0,09	4,5	6,0	5,0
17,14	0,09	4,5	6,0	5,0
17,16	0,09	4,5	6,0	5,0
17,19	0,09	4,5	6,0	5,0
17,21	0,09	4,5	6,0	5,0
17,24	0,10	4,5	6,0	5,0
17,26	0,10	4,5	6,0	5,0
17,28	0,10	4,5	6,0	5,0
17,31	0,10	4,5	6,0	5,0
17,33	0,10	4,5	6,0	5,0
17,36	0,10	4,5	6,0	5,0
17,38	0,10	4,5	6,0	5,0
17,41	0,10	4,5	6,0	5,0
17,43	0,10	4,5	6,0	5,0
17,46	0,10	4,5	6,0	5,0
17,48	0,11	4,5	6,0	5,0
17,50	0,12	4,5	6,0	5,0
17,53	0,12	4,5	6,0	5,0
17,55	0,13	4,5	6,0	5,0
17,58	0,13	4,5	6,0	5,0
17,60	0,13	4,5	6,0	5,0
17,63	0,13	4,5	6,0	5,0
17,65	0,14	4,5	6,0	5,0
17,68	0,15	4,5	6,0	5,0
17,70	0,15	4,5	6,0	5,0
17,72	0,15	4,5	6,0	5,0
17,75	0,16	4,5	6,0	5,0
17,77	0,16	4,5	6,0	5,0
17,80	0,16	4,5	6,0	5,0
17,82	0,17	4,5	6,0	5,0
17,85	0,17	4,5	6,0	5,0
17,87	0,18	4,5	6,0	5,0
17,89	0,18	4,5	6,0	5,0
17,92	0,19	4,5	6,0	5,0
17,94	0,21	4,5	6,0	5,0
17,97	0,21	4,5	6,0	5,0
17,99	0,23	4,5	6,0	5,0
18,02	0,22	4,5	6,0	5,0
18,04	0,23	4,5	6,0	5,0
18,07	0,24	4,5	6,0	5,0
18,09	0,25	4,5	6,0	5,0
18,11	0,25	4,5	6,0	5,0
18,14	0,26	4,5	6,0	5,0
18,16	0,26	4,5	6,0	5,0
18,19	0,27	4,5	6,0	5,0
18,21	0,27	4,5	6,0	5,0
18,24	0,29	4,5	6,0	5,0
18,26	0,30	4,5	6,0	5,0
18,29	0,30	4,5	6,0	5,0
18,31	0,31	4,5	6,0	5,0
18,33	0,33	4,5	6,0	5,0
18,36	0,33	4,5	6,0	5,0
18,38	0,35	4,5	6,0	5,0
18,41	0,36	4,5	6,0	5,0
18,43	0,37	4,5	6,0	5,0
18,46	0,37	4,5	6,0	5,0
18,48	0,37	4,5	6,0	5,0
18,51	0,39	4,5	6,0	5,0
18,53	0,40	4,5	6,0	5,0
18,55	0,40	4,5	6,0	5,0
18,58	0,41	4,5	6,0	5,0
18,60	0,41	4,5	6,0	5,0
18,63	0,43	4,5	6,0	5,0
18,65	0,43	4,5	6,0	5,0
18,68	0,44	4,5	6,0	5,0
18,70	0,45	4,5	6,0	5,0
18,73	0,45	4,5	6,0	5,0
18,75	0,46	4,5	6,0	5,0
18,77	0,48	4,5	6,0	5,0
18,80	0,49	4,5	6,0	5,0
18,82	0,50	4,5	6,0	5,0
18,85	0,51	4,5	6,0	5,0
18,87	0,52	4,5	6,0	5,0
18,90	0,52	4,5	6,0	5,0
18,92	0,53	4,5	6,0	5,0
18,94	0,54	4,5	6,0	5,0
18,97	0,56	4,5	6,0	5,0
18,99	0,56	4,5	6,0	5,0
19,02	0,57	4,5	6,0	5,0
19,04	0,57	4,5	6,0	5,0
19,07	0,58	4,5	6,0	5,0
19,09	0,60	4,5	6,0	5,0
19,12	0,60	4,5	6,0	5,0
19,14	0,61	4,5	6,0	5,0
19,16	0,61	4,5	6,0	5,0
19,19	0,62	4,5	6,0	5,0
19,21	0,64	4,5	6,0	5,0
19,24	0,65	4,5	6,0	5,0
19,26	0,66	4,5	6,0	5,0
19,29	0,67	4,5	6,0	5,0
19,31	0,68	4,5	6,0	5,0
19,34	0,68	4,5	6,0	5,0
19,36	0,69	4,5	6,0	5,0
19,38	0,70	4,5	6,0	5,0
19,41	0,71	4,5	6,0	5,0
19,43	0,71	4,5	6,0	5,0
19,46	0,71	4,5	6,0	5,0
19,48	0,72	4,5	6,0	5,0
19,51	0,73	4,5	6,0	5,0
19,53	0,74	4,5	6,0	5,0
19,56	0,76	4,5	6,0	5,0
19,58	0,75	4,5	6,0	5,0
19,60	0,75	4,5	6,0	5,0
19,63	0,77	4,5	6,0	5,0
19,65	0,78	4,5	6,0	5,0
19,68	0,79	4,5	6,0	5,0
19,70	0,80	4,5	6,0	5,0
19,73	0,81	4,5	6,0	5,0
19,75	0,81	4,5	6,0	5,0
19,78	0,82	4,5	6,0	5,0
19,80	0,83	4,5	6,0	5,0
19,82	0,84	4,5	6,0	5,0
19,85	0,84	4,5	6,0	5,0
19,87	0,85	4,5	6,0	5,0
19,90	0,86	4,5	6,0	5,0
19,92	0,86	4,5	6,0	5,0
19,95	0,87	4,5	6,0	5,0
19,97	0,88	4,5	6,0	5,0
19,99	0,89	4,5	6,0	5,0
20,02	0,89	4,5	6,0	5,0
20,04	0,90	4,5	6,0	5,0
20,07	0,92	4,5	6,0	5,0
20,09	0,94	4,5	6,0	5,0
20,12	0,94	4,5	6,0	5,0
20,14	0,95	4,5	6,0	5,0
20,17	0,95	4,5	6,0	5,0
20,19	0,96	4,5	6,0	5,0
20,21	0,96	4,5	6,0	5,0
20,24	0,98	4,5	6,0	5,0
20,26	0,99	4,5	6,0	5,0
20,29	0,99	4,5	6,0	5,0
20,31	0,99	4,5	6,0	5,0
20,34	1,00	4,5	6,0	5,0
20,36	1,02	4,5	6,0	5,0
20,39	1,02	4,5	6,0	5,0
20,41	1,04	4,5	6,0	5,0
20,43	1,05	4,5	6,0	5,0
20,46	1,05	4,5	6,0	5,0
20,48	1,06	4,5	6,0	5,0
20,51	1,07	4,5	6,0	5,0
20,53	1,09	4,5	6,0	5,0
20,56	1,10	4,5	6,0	5,0
20,58	1,10	4,5	6,0	5,0
20,61	1,10	4,5	6,0	5,0
20,63	1,10	4,5	6,0	5,0
20,65	1,11	4,5	6,0	5,0
20,68	1,12	4,5	6,0	5,0
20,70	1,13	4,5	6,0	5,0
20,73	1,13	4,5	6,0	5,0
20,75	1,13	4,5	6,0	5,0
20,78	1,14	4,5	6,0	5,0
20,80	1,16	4,5	6,0	5,0
20,83	1,17	4,5	6,0	5,0
20,85	1,18	4,5	6,0	5,0
20,87	1,19	4,5	6,0	5,0
20,90	1,19	4,5	6,0	5,0
20,92	1,20	4,5	6,0	5,0
20,95	1,21	4,5	6,0	5,0
20,97	1,22	4,5	6,0	5,0
21,00	1,23	4,5	6,0	5,0
21,02	1,22	4,5	6,0	5,0
21,05	1,23	4,5	6,0	5,0
21,07	1,23	4,5	6,0	5,0
21,09	1,25	4,5	6,0	5,0
21,12	1,26	4,5	6,0	5,0
21,14	1,25	4,5	6,0	5,0
21,17	1,27	4,5	6,0	5,0
21,19	1,28	4,5	6,0	5,0
21,22	1,29	4,5	6,0	5,0
21,24	1,30	4,5	6,0	5,0
21,26	1,31	4,5	6,0	5,0
21,29	1,32	4,5	6,0	5,0
21,31	1,31	4,5	6,0	5,0
21,34	1,31	4,5	6,0	5,0
21,36	1,33	4,5	6,0	5,0
21,39	1,34	4,5	6,0	5,0
21,41	1,34	4,5	6,0	5,0
21,44	1,34	4,5	6,0	5,0
21,46	1,34	4,5	6,0	5,0
21,48	1,35	4,5	6,0	5,0
21,51	1,36	4,5	6,0	5,0
21,53	1,37	4,5	6,0	5,0
21,56	1,38	4,5	6,0	5,0
21,58	1,38	4,5	6,0	5,0
21,61	1,38	4,5	6,0	5,0
21,63	1,40	4,5	6,0	5,0
21,66	1,40	4,5	6,0	5,0
21,68	1,41	4,5	6,0	5,0
21,70	1,42	4,5	6,0	5,0
21,73	1,43	4,5	6,0	5,0
21,75	1,43	4,5	6,0	5,0
21,78	1,43	4,5	6,0	5,0
21,80	1,44	4,5	6,0	5,0
21,83	1,45	4,5	6,0	5,0
21,85	1,45	4,5	6,0	5,0
21,88	1,46	4,5	6,0	5,0
21,90	1,46	4,5	6,0	5,0
21,92	1,47	4,5	6,0	5,0
21,95	1,47	4,5	6,0	5,0
21,97	1,49	4,5	6,0	5,0
22,00	1,49	4,5	6,0	5,0
22,02	1,49	4,5	6,0	5,0
22,05	1,50	4,5	6,0	5,0
22,07	1,51	4,5	6,0	5,0
22,10	1,52	4,5	6,0	5,0
22,12	1,52	4,5	6,0	5,0
22,14	1,53	4,5	6,0	5,0
22,17	1,53	4,5	6,0	5,0
22,19	1,53	4,5	6,0	5,0
22,22	1,53	4,5	6,0	5,0
22,24	1,55	4,5	6,0	5,0
22,27	1,56	4,5	6,0	5,0
22,29	1,56	4,5	6,0	5,0
22,31	1,56	4,5	6,0	5,0
22,34	1,56	4,5	6,0	5,0
22,36	1,57	4,5	6,0	5,0
22,39	1,58	4,5	6,0	5,0
22,41	1,58	4,5	6,0	5,0
22,44	1,59	4,5	6,0	5,0
22,46	1,59	4,5	6,0	5,0
22,49	1,59	4,5	6,0	5,0
22,51	1,61	4,5	6,0	5,0
22,53	1,61	4,5	6,0	5,0
22,56	1,62	4,5	6,0	5,0
22,58	1,62	4,5	6,0	5,0
22,61	1,63	4,5	6,0	5,0
22,63	1,63	4,5	6,0	5,0
22,66	1,64	4,5	6,0	5,0
22,68	1,65	4,5	6,0	5,0
22,71	1,64	4,5	6,0	5,0
22,73	1,65	4,5	6,0	5,0
22,75	1,65	4,5	6,0	5,0
22,78	1,66	4,5	6,0	5,0
22,80	1,66	4,5	6,0	5,0
22,83	1,67	4,5	6,0	5,0
22,85	1,68	4,5	6,0	5,0
22,88	1,67	4,5	6,0	5,0
22,90	1,68	4,5	6,0	5,0
22,93	1,70	4,5	6,0	5,0
22,95	1,70	4,5	6,0	5,0
22,97	1,71	4,5	6,0	5,0
23,00	1,71	4,5	6,0	5,0
23,02	1,72	4,5	6,0	5,0
23,05	1,71	4,5	6,0	5,0
23,07	1,71	4,5	6,0	5,0
23,10	1,73	4,5	6,0	5,0
23,12	1,73	4,5	6,0	5,0
23,15	1,73	4,5	6,0	5,0
23,17	1,74	4,5	6,0	5,0
23,19	1,74	4,5	6,0	5,0
23,22	1,75	4,5	6,0	5,0
23,24	1,75	4,5	6,0	5,0
23,27	1,76	4,5	6,0	5,0
23,29	1,77	4,5	6,0	5,0
23,32	1,77	4,5	6,0	5,0
23,34	1,78	4,5	6,0	5,0
23,36	1,79	4,5	6,0	5,0
23,39	1,79	4,5	6,0	5,0
23,41	1,80	4,5	6,0	5,0
23,44	1,80	4,5	6,0	5,0
23,46	1,80	4,5	6,0	5,0
23,49	1,80	4,5	6,0	5,0
23,51	1,80	4,5	6,0	5,0
23,54	1,81	4,5	6,0	5,0
23,56	1,82	4,5	6,0	5,0
23,58	1,81	4,5	6,0	5,0
23,61	1,82	4,5	6,0	5,0
23,63	1,82	4,5	6,0	5,0
23,66	1,84	4,5	6,0	5,0
23,68	1,85	4,5	6,0	5,0
23,71	1,86	4,5	6,0	5,0
23,73	1,86	4,5	6,0	5,0
23,76	1,86	4,5	6,0	5,0
23,78	1,87	4,5	6,0	5,0
23,80	1,88	4,5	6,0	5,0
23,83	1,88	4,5	6,0	5,0
23,85	1,89	4,5	6,0	5,0
23,88	1,88	4,5	6,0	5,0
23,90	1,88	4,5	6,0	5,0
23,93	1,88	4,5	6,0	5,0
23,95	1,89	4,5	6,0	5,0
23,98	1,89	4,5	6,0	5,0
24,00	1,90	4,5	6,0	5,0
24,02	1,90	4,5	6,0	5,0
24,05	1,91	4,5	6,0	5,0
24,07	1,91	4,5	6,0	5,0
24,10	1,93	4,5	6,0	5,0
24,12	1,93	4,5	6,0	5,0
24,15	1,93	4,5	6,0	5,0
24,17	1,93	4,5	6,0	5,0
24,20	1,93	4,5	6,0	5,0
24,22	1,94	4,5	6,0	5,0
24,24	1,95	4,5	6,0	5,0
24,27	1,95	4,5	6,0	5,0
24,29	1,95	4,5	6,0	5,0
24,32	1,94	4,5	6,0	5,0
24,34	1,94	4,5	6,0	5,0
24,37	1,95	4,5	6,0	5,0
24,39	1,96	4,5	6,0	5,0
24,42	1,96	4,5	6,0	5,0
24,44	1,96	4,5	6,0	5,0
24,46	1,96	4,5	6,0	5,0
24,49	1,98	4,5	6,0	5,0
24,51	1,98	4,5	6,0	5,0
24,54	1,99	4,5	6,0	5,0
24,56	1,99	4,5	6,0	5,0
24,59	2,00	4,5	6,0	5,0
24,61	1,99	4,5	6,0	5,0
24,63	2,00	4,5	6,0	5,0
24,66	2,00	4,5	6,0	5,0
24,68	2,01	4,5	6,0	5,0
24,71	2,00	4,5	6,0	5,0
24,73	2,01	4,5	6,0	5,0
24,76	2,01	4,5	6,0	5,0
24,78	2,02	4,5	6,0	5,0
24,81	2,02	4,5	6,0	5,0
24,83	2,03	4,5	6,0	5,0
24,85	2,03	4,5	6,0	5,0
24,88	2,03	4,5	6,0	5,0
24,90	2,03	4,5	6,0	5,0
24,93	2,04	4,5	6,0	5,0
24,95	2,05	4,5	6,0	5,0
24,98	2,06	4,5	6,0	5,0
25,00	2,05	4,5	6,0	5,0
25,03	2,05	4,5	6,0	5,0
25,05	2,05	4,5	6,0	5,0
25,07	2,05	4,5	6,0	5,0
25,10	2,07	4,5	6,0	5,0
25,12	2,07	4,5	6,0	5,0
25,15	2,06	4,5	6,0	5,0
25,17	2,07	4,5	6,0	5,0
25,20	2,07	4,5	6,0	5,0
25,22	2,08	4,5	6,0	5,0
25,25	2,08	4,5	6,0	5,0
25,27	2,09	4,5	6,0	5,0
25,29	2,10	4,5	6,0	5,0
25,32	2,09	4,5	6,0	5,0
25,34	2,10	4,5	6,0	5,0
25,37	2,11	4,5	6,0	5,0
25,39	2,11	4,5	6,0	5,0
25,42	2,11	4,5	6,0	5,0
25,44	2,10	4,5	6,0	5,0
25,47	2,11	4,5	6,0	5,0
25,49	2,10	4,5	6,0	5,0
25,51	2,11	4,5	6,0	5,0
25,54	2,11	4,5	6,0	5,0
25,56	2,11	4,5	6,0	5,0
25,59	2,11	4,5	6,0	5,0
25,61	2,12	4,5	6,0	5,0
25,64	2,12	4,5	6,0	5,0
25,66	2,13	4,5	6,0	5,0
25,68	2,14	4,5	6,0	5,0
25,71	2,14	4,5	6,0	5,0
25,73	2,14	4,5	6,0	5,0
25,76	2,14	4,5	6,0	5,0
25,78	2,15	4,5	6,0	5,0
25,81	2,15	4,5	6,0	5,0
25,83	2,15	4,5	6,0	5,0
25,86	2,15	4,5	6,0	5,0
25,88	2,14	4,5	6,0	5,0
25,90	2,14	4,5	6,0	5,0
25,93	2,14	4,5	6,0	5,0
25,95	2,14	4,5	6,0	5,0
25,98	2,15	4,5	6,0	5,0
26,00	2,14	4,5	6,0	5,0
26,03	2,14	4,5	6,0	5,0
26,05	2,16	4,5	6,0	5,0
26,08	2,16	4,5	6,0	5,0
26,10	2,17	4,5	6,0	5,0
26,12	2,16	4,5	6,0	5,0
26,15	2,17	4,5	6,0	5,0
26,17	2,16	4,5	6,0	5,0
26,20	2,17	4,5	6,0	5,0
26,22	2,18	4,5	6,0	5,0
26,25	2,18	4,5	6,0	5,0
26,27	2,18	4,5	6,0	5,0
26,30	2,18	4,5	6,0	5,0
26,32	2,18	4,5	6,0	5,0
26,34	2,18	4,5	6,0	5,0
26,37	2,18	4,5	6,0	5,0
26,39	2,19	4,5	6,0	5,0
26,42	2,19	4,5	6,0	5,0
26,44	2,19	4,5	6,0	5,0
26,47	2,19	4,5	6,0	5,0
26,49	2,20	4,5	6,0	5,0
26,52	2,21	4,5	6,0	5,0
26,54	2,21	4,5	6,0	5,0
26,56	2,21	4,5	6,0	5,0
26,59	2,21	4,5	6,0	5,0
26,61	2,20	4,5	6,0	5,0
26,64	2,21	4,5	6,0	5,0
26,66	2,22	4,5	6,0	5,0
26,69	2,22	4,5	6,0	5,0
26,71	2,21	4,5	6,0	5,0
26,73	2,22	4,5	6,0	5,0
26,76	2,22	4,5	6,0	5,0
26,78	2,22	4,5	6,0	5,0
26,81	2,22	4,5	6,0	5,0
26,83	2,24	4,5	6,0	5,0
26,86	2,24	4,5	6,0	5,0
26,88	2,23	4,5	6,0	5,0
26,91	2,23	4,5	6,0	5,0
26,93	2,24	4,5	6,0	5,0
26,95	2,25	4,5	6,0	5,0
26,98	2,24	4,5	6,0	5,0
27,00	2,24	4,5	6,0	5,0
27,03	2,24	4,5	6,0	5,0
27,05	2,23	4,5	6,0	5,0
27,08	2,24	4,5	6,0	5,0
27,10	2,25	4,5	6,0	5,0
27,13	2,24	4,5	6,0	5,0
27,15	2,24	4,5	6,0	5,0
27,17	2,24	4,5	6,0	5,0
27,20	2,24	4,5	6,0	5,0
27,22	2,24	4,5	6,0	5,0
27,25	2,25	4,5	6,0	5,0
27,27	2,25	4,5	6,0	5,0
27,30	2,25	4,5	6,0	5,0
27,32	2,25	4,5	6,0	5,0
27,35	2,26	4,5	6,0	5,0
27,37	2,26	4,5	6,0	5,0
27,39	2,27	4,5	6,0	5,0
27,42	2,27	4,5	6,0	5,0
27,44	2,26	4,5	6,0	5,0
27,47	2,26	4,5	6,0	5,0
27,49	2,26	4,5	6,0	5,0
27,52	2,27	4,5	6,0	5,0
27,54	2,27	4,5	6,0	5,0
27,57	2,26	4,5	6,0	5,0
27,59	2,26	4,5	6,0	5,0
27,61	2,26	4,5	6,0	5,0
27,64	2,26	4,5	6,0	5,0
27,66	2,26	4,5	6,0	5,0
27,69	2,27	4,5	6,0	5,0
27,71	2,27	4,5	6,0	5,0
27,74	2,27	4,5	6,0	5,0
27,76	2,27	4,5	6,0	5,0
27,78	2,27	4,5	6,0	5,0
27,81	2,27	4,5	6,0	5,0
27,83	2,28	4,5	6,0	5,0
27,86	2,27	4,5	6,0	5,0
27,88	2,28	4,5	6,0	5,0
27,91	2,27	4,5	6,0	5,0
27,93	2,28	4,5	6,0	5,0
27,96	2,29	4,5	6,0	5,0
27,98	2,28	4,5	6,0	5,0
28,00	2,28	4,5	6,0	5,0
28,03	2,28	4,5	6,0	5,0
28,05	2,28	4,5	6,0	5,0
28,08	2,28	4,5	6,0	5,0
28,10	2,28	4,5	6,0	5,0
28,13	2,29	4,5	6,0	5,0
28,15	2,29	4,5	6,0	5,0
28,18	2,29	4,5	6,0	5,0
28,20	2,29	4,5	6,0	5,0
28,22	2,30	4,5	6,0	5,0
28,25	2,30	4,5	6,0	5,0
28,27	2,30	4,5	6,0	5,0
28,30	2,29	4,5	6,0	5,0
28,32	2,29	4,5	6,0	5,0
28,35	2,28	4,5	6,0	5,0
28,37	2,28	4,5	6,0	5,0
28,40	2,29	4,5	6,0	5,0
28,42	2,29	4,5	6,0	5,0
28,44	2,28	4,5	6,0	5,0
28,47	2,29	4,5	6,0	5,0
28,49	2,28	4,5	6,0	5,0
28,52	2,29	4,5	6,0	5,0
28,54	2,29	4,5	6,0	5,0
28,57	2,30	4,5	6,0	5,0
28,59	2,30	4,5	6,0	5,0
28,62	2,29	4,5	6,0	5,0
28,64	2,30	4,5	6,0	5,0
28,66	2,30	4,5	6,0	5,0
28,69	2,30	4,5	6,0	5,0
28,71	2,30	4,5	6,0	5,0
28,74	2,28	4,5	6,0	5,0
28,76	2,29	4,5	6,0	5,0
28,79	2,28	4,5	6,0	5,0
28,81	2,29	4,5	6,0	5,0
28,84	2,30	4,5	6,0	5,0
28,86	2,29	4,5	6,0	5,0
28,88	2,29	4,5	6,0	5,0
28,91	2,30	4,5	6,0	5,0
28,93	2,30	4,5	6,0	5,0
28,96	2,31	4,5	6,0	5,0
28,98	2,31	4,5	6,0	5,0
29,01	2,32	4,5	6,0	5,0
29,03	2,32	4,5	6,0	5,0
29,05	2,32	4,5	6,0	5,0
29,08	2,32	4,5	6,0	5,0
29,10	2,33	4,5	6,0	5,0
29,13	2,32	4,5	6,0	5,0
29,15	2,32	4,5	6,0	5,0
29,18	2,30	4,5	6,0	5,0
29,20	2,31	4,5	6,0	5,0
29,23	2,31	4,5	6,0	5,0
29,25	2,31	4,5	6,0	5,0
29,27	2,31	4,5	6,0	5,0
29,30	2,31	4,5	6,0	5,0
29,32	2,31	4,5	6,0	5,0
29,35	2,32	4,5	6,0	5,0
29,37	2,31	4,5	6,0	5,0
29,40	2,32	4,5	6,0	5,0
29,42	2,32	4,5	6,0	5,0
29,45	2,32	4,5	6,0	5,0
29,47	2,31	4,5	6,0	5,0
29,49	2,31	4,5	6,0	5,0
29,52	2,32	4,5	6,0	5,0
29,54	2,32	4,5	6,0	5,0
29,57	2,31	4,5	6,0	5,0
29,59	2,31	4,5	6,0	5,0
29,62	2,30	4,5	6,0	5,0
29,64	2,30	4,5	6,0	5,0
29,67	2,30	4,5	6,0	5,0
29,69	2,31	4,5	6,0	5,0
29,71	2,31	4,5	6,0	5,0
29,74	2,30	4,5	6,0	5,0
29,76	2,30	4,5	6,0	5,0
29,79	2,31	4,5	6,0	5,0
29,81	2,31	4,5	6,0	5,0
29,84	2,30	4,5	6,0	5,0
29,86	2,30	4,5	6,0	5,0
29,89	2,30	4,5	6,0	5,0
29,91	2,29	4,5	6,0	5,0
29,93	2,29	4,5	6,0	5,0
29,96	2,29	4,5	6,0	5,0
29,98	2,29	4,5	6,0	5,0
30,01	2,27	4,5	6,0	5,0
30,03	2,27	4,5	6,0	5,0
30,06	2,27	4,5	6,0	5,0
30,08	2,27	4,5	6,0	5,0
30,10	2,27	4,5	6,0	5,0
30,13	2,27	4,5	6,0	5,0
30,15	2,26	4,5	6,0	5,0
30,18	2,25	4,5	6,0	5,0
30,20	2,25	4,5	6,0	5,0
30,23	2,24	4,5	6,0	5,0
30,25	2,23	4,5	6,0	5,0
30,28	2,22	4,5	6,0	5,0
30,30	2,21	4,5	6,0	5,0
30,32	2,19	4,5	6,0	5,0
30,35	2,18	4,5	6,0	5,0
30,37	2,18	4,5	6,0	5,0
30,40	2,17	4,5	6,0	5,0
30,42	2,15	4,5	6,0	5,0
30,45	2,14	4,5	6,0	5,0
30,47	2,12	4,5	6,0	5,0
30,50	2,11	4,5	6,0	5,0
30,52	2,10	4,5	6,0	5,0
30,54	2,10	4,5	6,0	5,0
30,57	2,09	4,5	6,0	5,0
30,59	2,07	4,5	6,0	5,0
30,62	2,05	4,5	6,0	5,0
30,64	2,04	4,5	6,0	5,0
30,67	2,03	4,5	6,0	5,0
30,69	2,01	4,5	6,0	5,0
30,72	1,99	4,5	6,0	5,0
30,74	1,97	4,5	6,0	5,0
30,76	1,95	4,5	6,0	5,0
30,79	1,94	4,5	6,0	5,0
30,81	1,92	4,5	6,0	5,0
30,84	1,90	4,5	6,0	5,0
30,86	1,89	4,5	6,0	5,0
30,89	1,87	4,5	6,0	5,0
30,91	1,85	4,5	6,0	5,0
30,94	1,84	4,5	6,0	5,0
30,96	1,82	4,5	6,0	5,0
30,98	1,81	4,5	6,0	5,0
31,01	1,80	4,5	6,0	5,0
31,03	1,77	4,5	6,0	5,0
31,06	1,76	4,5	6,0	5,0
31,08	1,75	4,5	6,0	5,0
31,11	1,73	4,5	6,0	5,0
31,13	1,71	4,5	6,0	5,0
31,15	1,69	4,5	6,0	5,0
31,18	1,67	4,5	6,0	5,0
31,20	1,65	4,5	6,0	5,0
31,23	1,63	4,5	6,0	5,0
31,25	1,63	4,5	6,0	5,0
31,28	1,61	4,5	6,0	5,0
31,30	1,59	4,5	6,0	5,0
31,33	1,57	4,5	6,0	5,0
31,35	1,56	4,5	6,0	5,0
31,37	1,54	4,5	6,0	5,0
31,40	1,53	4,5	6,0	5,0
31,42	1,52	4,5	6,0	5,0
31,45	1,50	4,5	6,0	5,0
31,47	1,48	4,5	6,0	5,0
31,50	1,46	4,5	6,0	5,0
31,52	1,45	4,5	6,0	5,0
31,55	1,44	4,5	6,0	5,0
31,57	1,42	4,5	6,0	5,0
31,59	1,39	4,5	6,0	5,0
31,62	1,38	4,5	6,0	5,0
31,64	1,36	4,5	6,0	5,0
31,67	1,34	4,5	6,0	5,0
31,69	1,34	4,5	6,0	5,0
31,72	1,32	4,5	6,0	5,0
31,74	1,30	4,5	6,0	5,0
31,77	1,29	4,5	6,0	5,0
31,79	1,27	4,5	6,0	5,0
31,81	1,26	4,5	6,0	5,0
31,84	1,24	4,5	6,0	5,0
31,86	1,23	4,5	6,0	5,0
31,89	1,21	4,5	6,0	5,0
31,91	1,20	4,5	6,0	5,0
31,94	1,19	4,5	6,0	5,0
31,96	1,17	4,5	6,0	5,0
31,99	1,15	4,5	6,0	5,0
32,01	1,13	4,5	6,0	5,0
32,03	1,10	4,5	6,0	5,0
32,06	1,08	4,5	6,0	5,0
32,08	1,07	4,5	6,0	5,0
32,11	1,06	4,5	6,0	5,0
32,13	1,04	4,5	6,0	5,0
32,16	1,02	4,5	6,0	5,0
32,18	1,01	4,5	6,0	5,0
32,20	0,99	4,5	6,0	5,0
32,23	0,98	4,5	6,0	5,0
32,25	0,97	4,5	6,0	5,0
32,28	0,96	4,5	6,0	5,0
32,30	0,94	4,5	6,0	5,0
32,33	0,92	4,5	6,0	5,0
32,35	0,91	4,5	6,0	5,0
32,38	0,89	4,5	6,0	5,0
32,40	0,88	4,5	6,0	5,0
32,42	0,85	4,5	6,0	5,0
32,45	0,84	4,5	6,0	5,0
32,47	0,81	4,5	6,0	5,0
32,50	0,79	4,5	6,0	5,0
32,52	0,78	4,5	6,0	5,0
32,55	0,76	4,5	6,0	5,0
32,57	0,75	4,5	6,0	5,0
32,60	0,73	4,5	6,0	5,0
32,62	0,71	4,5	6,0	5,0
32,64	0,71	4,5	6,0	5,0
32,67	0,69	4,5	6,0	5,0
32,69	0,68	4,5	6,0	5,0
32,72	0,67	4,5	6,0	5,0
32,74	0,65	4,5	6,0	5,0
32,77	0,63	4,5	6,0	5,0
32,79	0,62	4,5	6,0	5,0
32,82	0,61	4,5	6,0	5,0
32,84	0,59	4,5	6,0	5,0
32,86	0,57	4,5	6,0	5,0
32,89	0,55	4,5	6,0	5,0
32,91	0,54	4,5	6,0	5,0
32,94	0,53	4,5	6,0	5,0
32,96	0,52	4,5	6,0	5,0
32,99	0,51	4,5	6,0	5,0
33,01	0,50	4,5	6,0	5,0
33,04	0,48	4,5	6,0	5,0
33,06	0,47	4,5	6,0	5,0
33,08	0,46	4,5	6,0	5,0
33,11	0,46	4,5	6,0	5,0
33,13	0,44	4,5	6,0	5,0
33,16	0,43	4,5	6,0	5,0
33,18	0,41	4,5	6,0	5,0
33,21	0,39	4,5	6,0	5,0
33,23	0,39	4,5	6,0	5,0
33,26	0,38	4,5	6,0	5,0
33,28	0,37	4,5	6,0	5,0
33,30	0,35	4,5	6,0	5,0
33,33	0,35	4,5	6,0	5,0
33,35	0,34	4,5	6,0	5,0
33,38	0,33	4,5	6,0	5,0
33,40	0,32	4,5	6,0	5,0
33,43	0,32	4,5	6,0	5,0
33,45	0,30	4,5	6,0	5,0
33,47	0,29	4,5	6,0	5,0
33,50	0,29	4,5	6,0	5,0
33,52	0,28	4,5	6,0	5,0
33,55	0,27	4,5	6,0	5,0
33,57	0,26	4,5	6,0	5,0
33,60	0,25	4,5	6,0	5,0
33,62	0,23	4,5	6,0	5,0
33,65	0,23	4,5	6,0	5,0
33,67	0,23	4,5	6,0	5,0
33,69	0,22	4,5	6,0	5,0
33,72	0,20	4,5	6,0	5,0
33,74	0,20	4,5	6,0	5,0
33,77	0,19	4,5	6,0	5,0
33,79	0,19	4,5	6,0	5,0
33,82	0,19	4,5	6,0	5,0
33,84	0,19	4,5	6,0	5,0
33,87	0,18	4,5	6,0	5,0
33,89	0,17	4,5	6,0	5,0
33,91	0,17	4,5	6,0	5,0
33,94	0,16	4,5	6,0	5,0
33,96	0,15	4,5	6,0	5,0
33,99	0,15	4,5	6,0	5,0
34,01	0,14	4,5	6,0	5,0
34,04	0,14	4,5	6,0	5,0
34,06	0,13	4,5	6,0	5,0
34,09	0,13	4,5	6,0	5,0
34,11	0,13	4,5	6,0	5,0
34,13	0,13	4,5	6,0	5,0
34,16	0,12	4,5	6,0	5,0
34,18	0,12	4,5	6,0	5,0
34,21	0,12	4,5	6,0	5,0
34,23	0,13	4,5	6,0	5,0
34,26	0,13	4,5	6,0	5,0
34,28	0,13	4,5	6,0	5,0
34,31	0,13	4,5	6,0	5,0
34,33	0,13	4,5	6,0	5,0
34,35	0,13	4,5	6,0	5,0
34,38	0,14	4,5	6,0	5,0
34,40	0,13	4,5	6,0	5,0
34,43	0,13	4,5	6,0	5,0
34,45	0,13	4,5	6,0	5,0
34,48	0,13	4,5	6,0	5,0
34,50	0,13	4,5	6,0	5,0
34,52	0,13	4,5	6,0	5,0
34,55	0,15	4,5	6,0	5,0
34,57	0,14	4,5	6,0	5,0
34,60	0,14	4,5	6,0	5,0
34,62	0,15	4,5	6,0	5,0
34,65	0,15	4,5	6,0	5,0
34,67	0,16	4,5	6,0	5,0
34,70	0,16	4,5	6,0	5,0
34,72	0,17	4,5	6,0	5,0
34,74	0,17	4,5	6,0	5,0
34,77	0,17	4,5	6,0	5,0
34,79	0,18	4,5	6,0	5,0
34,82	0,18	4,5	6,0	5,0
34,84	0,19	4,5	6,0	5,0
34,87	0,19	4,5	6,0	5,0
34,89	0,19	4,5	6,0	5,0
34,92	0,20	4,5	6,0	5,0
34,94	0,20	4,5	6,0	5,0
34,96	0,21	4,5	6,0	5,0
34,99	0,23	4,5	6,0	5,0
35,01	0,23	4,5	6,0	5,0
35,04	0,23	4,5	6,0	5,0
35,06	0,24	4,5	6,0	5,0
35,09	0,25	4,5	6,0	5,0
35,11	0,26	4,5	6,0	5,0
35,14	0,27	4,5	6,0	5,0
35,16	0,28	4,5	6,0	5,0
35,18	0,28	4,5	6,0	5,0
35,21	0,29	4,5	6,0	5,0
35,23	0,30	4,5	6,0	5,0
35,26	0,32	4,5	6,0	5,0
35,28	0,32	4,5	6,0	5,0
35,31	0,33	4,5	6,0	5,0
35,33	0,33	4,5	6,0	5,0
35,36	0,34	4,5	6,0	5,0
35,38	0,35	4,5	6,0	5,0
35,40	0,36	4,5	6,0	5,0
35,43	0,37	4,5	6,0	5,0
35,45	0,38	4,5	6,0	5,0
35,48	0,39	4,5	6,0	5,0
35,50	0,39	4,5	6,0	5,0
35,53	0,40	4,5	6,0	5,0
35,55	0,42	4,5	6,0	5,0
35,57	0,43	4,5	6,0	5,0
35,60	0,44	4,5	6,0	5,0
35,62	0,44	4,5	6,0	5,0
35,65	0,45	4,5	6,0	5,0
35,67	0,47	4,5	6,0	5,0
35,70	0,48	4,5	6,0	5,0
35,72	0,48	4,5	6,0	5,0
35,75	0,49	4,5	6,0	5,0
35,77	0,50	4,5	6,0	5,0
35,79	0,51	4,5	6,0	5,0
35,82	0,53	4,5	6,0	5,0
35,84	0,54	4,5	6,0	5,0
35,87	0,56	4,5	6,0	5,0
35,89	0,56	4,5	6,0	5,0
35,92	0,57	4,5	6,0	5,0
35,94	0,59	4,5	6,0	5,0
35,97	0,60	4,5	6,0	5,0
35,99	0,62	4,5	6,0	5,0
36,01	0,63	4,5	6,0	5,0
36,04	0,63	4,5	6,0	5,0
36,06	0,64	4,5	6,0	5,0
36,09	0,65	4,5	6,0	5,0
36,11	0,68	4,5	6,0	5,0
36,14	0,68	4,5	6,0	5,0
36,16	0,69	4,5	6,0	5,0
36,19	0,70	4,5	6,0	5,0
36,21	0,71	4,5	6,0	5,0
36,23	0,72	4,5	6,0	5,0
36,26	0,74	4,5	6,0	5,0
36,28	0,76	4,5	6,0	5,0
36,31	0,77	4,5	6,0	5,0
36,33	0,78	4,5	6,0	5,0
36,36	0,80	4,5	6,0	5,0
36,38	0,81	4,5	6,0	5,0
36,41	0,83	4,5	6,0	5,0
36,43	0,84	4,5	6,0	5,0
36,45	0,86	4,5	6,0	5,0
36,48	0,86	4,5	6,0	5,0
36,50	0,88	4,5	6,0	5,0
36,53	0,90	4,5	6,0	5,0
36,55	0,92	4,5	6,0	5,0
36,58	0,93	4,5	6,0	5,0
36,60	0,94	4,5	6,0	5,0
36,62	0,95	4,5	6,0	5,0
36,65	0,97	4,5	6,0	5,0
36,67	0,99	4,5	6,0	5,0
36,70	1,02	4,5	6,0	5,0
36,72	1,04	4,5	6,0	5,0
36,75	1,05	4,5	6,0	5,0
36,77	1,06	4,5	6,0	5,0
36,80	1,08	4,5	6,0	5,0
36,82	1,10	4,5	6,0	5,0
36,84	1,12	4,5	6,0	5,0
36,87	1,13	4,5	6,0	5,0
36,89	1,15	4,5	6,0	5,0
36,92	1,16	4,5	6,0	5,0
36,94	1,18	4,5	6,0	5,0
36,97	1,20	4,5	6,0	5,0
36,99	1,22	4,5	6,0	5,0
37,02	1,23	4,5	6,0	5,0
37,04	1,24	4,5	6,0	5,0
37,06	1,25	4,5	6,0	5,0
37,09	1,28	4,5	6,0	5,0
37,11	1,30	4,5	6,0	5,0
37,14	1,33	4,5	6,0	5,0
37,16	1,35	4,5	6,0	5,0
37,19	1,36	4,5	6,0	5,0
37,21	1,38	4,5	6,0	5,0
37,24	1,40	4,5	6,0	5,0
37,26	1,42	4,5	6,0	5,0
37,28	1,43	4,5	6,0	5,0
37,31	1,44	4,5	6,0	5,0
37,33	1,45	4,5	6,0	5,0
37,36	1,46	4,5	6,0	5,0
37,38	1,48	4,5	6,0	5,0
37,41	1,50	4,5	6,0	5,0
37,43	1,52	4,5	6,0	5,0
37,46	1,53	4,5	6,0	5,0
37,48	1,55	4,5	6,0	5,0
37,50	1,57	4,5	6,0	5,0
37,53	1,60	4,5	6,0	5,0
37,55	1,62	4,5	6,0	5,0
37,58	1,64	4,5	6,0	5,0
37,60	1,65	4,5	6,0	5,0
37,63	1,66	4,5	6,0	5,0
37,65	1,68	4,5	6,0	5,0
37,68	1,71	4,5	6,0	5,0
37,70	1,72	4,5	6,0	5,0
37,72	1,74	4,5	6,0	5,0
37,75	1,75	4,5	6,0	5,0
37,77	1,77	4,5	6,0	5,0
37,80	1,78	4,5	6,0	5,0
37,82	1,81	4,5	6,0	5,0
37,85	1,83	4,5	6,0	5,0
37,87	1,84	4,5	6,0	5,0
37,89	1,86	4,5	6,0	5,0
37,92	1,88	4,5	6,0	5,0
37,94	1,90	4,5	6,0	5,0
37,97	1,93	4,5	6,0	5,0
37,99	1,95	4,5	6,0	5,0
38,02	1,97	4,5	6,0	5,0
38,04	1,98	4,5	6,0	5,0
38,07	2,00	4,5	6,0	5,0
38,09	2,02	4,5	6,0	5,0
38,11	2,04	4,5	6,0	5,0
38,14	2,06	4,5	6,0	5,0
38,16	2,07	4,5	6,0	5,0
38,19	2,09	4,5	6,0	5,0
38,21	2,11	4,5	6,0	5,0
38,24	2,13	4,5	6,0	5,0
38,26	2,15	4,5	6,0	5,0
38,29	2,17	4,5	6,0	5,0
38,31	2,19	4,5	6,0	5,0
38,33	2,20	4,5	6,0	5,0
38,36	2,22	4,5	6,0	5,0
38,38	2,24	4,5	6,0	5,0
38,41	2,26	4,5	6,0	5,0
38,43	2,28	4,5	6,0	5,0
38,46	2,30	4,5	6,0	5,0
38,48	2,31	4,5	6,0	5,0
38,51	2,33	4,5	6,0	5,0
38,53	2,35	4,5	6,0	5,0
38,55	2,38	4,5	6,0	5,0
38,58	2,39	4,5	6,0	5,0
38,60	2,41	4,5	6,0	5,0
38,63	2,42	4,5	6,0	5,0
38,65	2,44	4,5	6,0	5,0
38,68	2,46	4,5	6,0	5,0
38,70	2,49	4,5	6,0	5,0
38,73	2,50	4,5	6,0	5,0
38,75	2,52	4,5	6,0	5,0
38,77	2,53	4,5	6,0	5,0
38,80	2,55	4,5	6,0	5,0
38,82	2,57	4,5	6,0	5,0
38,85	2,59	4,5	6,0	5,0
38,87	2,61	4,5	6,0	5,0
38,90	2,63	4,5	6,0	5,0
38,92	2,64	4,5	6,0	5,0
38,94	2,66	4,5	6,0	5,0
38,97	2,68	4,5	6,0	5,0
38,99	2,70	4,5	6,0	5,0
39,02	2,72	4,5	6,0	5,0
39,04	2,73	4,5	6,0	5,0
39,07	2,74	4,5	6,0	5,0
39,09	2,76	4,5	6,0	5,0
39,12	2,79	4,5	6,0	5,0
39,14	2,81	4,5	6,0	5,0
39,16	2,82	4,5	6,0	5,0
39,19	2,84	4,5	6,0	5,0
39,21	2,86	4,5	6,0	5,0
39,24	2,88	4,5	6,0	5,0
39,26	2,90	4,5	6,0	5,0
39,29	2,92	4,5	6,0	5,0
39,31	2,94	4,5	6,0	5,0
39,34	2,95	4,5	6,0	5,0
39,36	2,96	4,5	6,0	5,0
39,38	2,99	4,5	6,0	5,0
39,41	3,01	4,5	6,0	5,0
39,43	3,02	4,5	6,0	5,0
39,46	3,04	4,5	6,0	5,0
39,48	3,05	4,5	6,0	5,0
39,51	3,06	4,5	6,0	5,0
39,53	3,08	4,5	6,0	5,0
39,56	3,11	4,5	6,0	5,0
39,58	3,13	4,5	6,0	5,0
39,60	3,14	4,5	6,0	5,0
39,63	3,15	4,5	6,0	5,0
39,65	3,18	4,5	6,0	5,0
39,68	3,20	4,5	6,0	5,0
39,70	3,22	4,5	6,0	5,0
39,73	3,23	4,5	6,0	5,0
39,75	3,25	4,5	6,0	5,0
39,78	3,26	4,5	6,0	5,0
39,80	3,28	4,5	6,0	5,0
39,82	3,30	4,5	6,0	5,0
39,85	3,32	4,5	6,0	5,0
39,87	3,33	4,5	6,0	5,0
39,90	3,34	4,5	6,0	5,0
39,92	3,36	4,5	6,0	5,0
39,95	3,38	4,5	6,0	5,0
39,97	3,41	4,5	6,0	5,0
39,99	3,43	4,5	6,0	5,0
40,02	3,45	4,5	6,0	5,0
40,04	3,47	4,5	6,0	5,0
40,07	3,47	4,5	6,0	5,0
40,09	3,50	4,5	6,0	5,0
40,12	3,52	4,5	6,0	5,0
40,14	3,53	4,5	6,0	5,0
40,17	3,55	4,5	6,0	5,0
40,19	3,56	4,5	6,0	5,0
40,21	3,57	4,5	6,0	5,0
40,24	3,59	4,5	6,0	5,0
40,26	3,61	4,5	6,0	5,0
40,29	3,63	4,5	6,0	5,0
40,31	3,64	4,5	6,0	5,0
40,34	3,66	4,5	6,0	5,0
40,36	3,67	4,5	6,0	5,0
40,39	3,70	4,5	6,0	5,0
40,41	3,72	4,5	6,0	5,0
40,43	3,74	4,5	6,0	5,0
40,46	3,76	4,5	6,0	5,0
40,48	3,77	4,5	6,0	5,0
40,51	3,79	4,5	6,0	5,0
40,53	3,81	4,5	6,0	5,0
40,56	3,83	4,5	6,0	5,0
40,58	3,84	4,5	6,0	5,0
40,61	3,84	4,5	6,0	5,0
40,63	3,86	4,5	6,0	5,0
40,65	3,87	4,5	6,0	5,0
40,68	3,89	4,5	6,0	5,0
40,70	3,91	4,5	6,0	5,0
40,73	3,92	4,5	6,0	5,0
40,75	3,93	4,5	6,0	5,0
40,78	3,95	4,5	6,0	5,0
40,80	3,97	4,5	6,0	5,0
40,83	3,99	4,5	6,0	5,0
40,85	4,01	4,5	6,0	5,0
40,87	4,02	4,5	6,0	5,0
40,90	4,03	4,5	6,0	5,0
40,92	4,05	4,5	6,0	5,0
40,95	4,07	4,5	6,0	5,0
40,97	4,08	4,5	6,0	5,0
41,00	4,08	4,5	6,0	5,0
41,02	4,10	4,5	6,0	5,0
41,05	4,11	4,5	6,0	5,0
41,07	4,13	4,5	6,0	5,0
41,09	4,14	4,5	6,0	5,0
41,12	4,16	4,5	6,0	5,0
41,14	4,19	4,5	6,0	5,0
41,17	4,19	4,5	6,0	5,0
41,19	4,20	4,5	6,0	5,0
41,22	4,23	4,5	6,0	5,0
41,24	4,25	4,5	6,0	5,0
41,26	4,27	4,5	6,0	5,0
41,29	4,28	4,5	6,0	5,0
41,31	4,30	4,5	6,0	5,0
41,34	4,31	4,5	6,0	5,0
41,36	4,33	4,5	6,0	5,0
41,39	4,35	4,5	6,0	5,0
41,41	4,36	4,5	6,0	5,0
41,44	4,38	4,5	6,0	5,0
41,46	4,39	4,5	6,0	5,0
41,48	4,40	4,5	6,0	5,0
41,51	4,42	4,5	6,0	5,0
41,53	4,43	4,5	6,0	5,0
41,56	4,45	4,5	6,0	5,0
41,58	4,47	4,5	6,0	5,0
41,61	4,48	4,5	6,0	5,0
41,63	4,49	4,5	6,0	5,0
41,66	4,51	4,5	6,0	5,0
41,68	4,52	4,5	6,0	5,0
41,70	4,54	4,5	6,0	5,0
41,73	4,55	4,5	6,0	5,0
41,75	4,57	4,5	6,0	5,0
41,78	4,58	4,5	6,0	5,0
41,80	4,59	4,5	6,0	5,0
41,83	4,61	4,5	6,0	5,0
41,85	4,62	4,5	6,0	5,0
41,88	4,63	4,5	6,0	5,0
41,90	4,64	4,5	6,0	5,0
41,92	4,65	4,5	6,0	5,0
41,95	4,67	4,5	6,0	5,0
41,97	4,69	4,5	6,0	5,0
42,00	4,71	4,5	6,0	5,0
42,02	4,72	4,5	6,0	5,0
42,05	4,72	4,5	6,0	5,0
42,07	4,74	4,5	6,0	5,0
42,10	4,75	4,5	6,0	5,0
42,12	4,77	4,5	6,0	5,0
42,14	4,78	4,5	6,0	5,0
42,17	4,80	4,5	6,0	5,0
42,19	4,81	4,5	6,0	5,0
42,22	4,81	4,5	6,0	5,0
42,24	4,84	4,5	6,0	5,0
42,27	4,85	4,5	6,0	5,0
42,29	4,85	4,5	6,0	5,0
42,31	4,86	4,5	6,0	5,0
42,34	4,87	4,5	6,0	5,0
42,36	4,89	4,5	6,0	5,0
42,39	4,90	4,5	6,0	5,0
42,41	4,92	4,5	6,0	5,0
42,44	4,93	4,5	6,0	5,0
42,46	4,94	4,5	6,0	5,0
42,49	4,95	4,5	6,0	5,0
42,51	4,97	4,5	6,0	5,0
42,53	4,98	4,5	6,0	5,0
42,56	4,99	4,5	6,0	5,0
42,58	5,01	4,5	6,0	5,0
42,61	5,02	4,5	6,0	5,0
42,63	5,02	4,5	6,0	5,0
42,66	5,03	4,5	6,0	5,0
42,68	5,05	4,5	6,0	5,0
42,71	5,07	4,5	6,0	5,0
42,73	5,07	4,5	6,0	5,0
42,75	5,08	4,5	6,0	5,0
42,78	5,08	4,5	6,0	5,0
42,80	5,10	4,5	6,0	5,0
42,83	5,11	4,5	6,0	5,0
42,85	5,13	4,5	6,0	5,0
42,88	5,14	4,5	6,0	5,0
42,90	5,14	4,5	6,0	5,0
42,93	5,16	4,5	6,0	5,0
42,95	5,17	4,5	6,0	5,0
42,97	5,18	4,5	6,0	5,0
43,00	5,20	4,5	6,0	5,0
43,02	5,20	4,5	6,0	5,0
43,05	5,21	4,5	6,0	5,0
43,07	5,21	4,5	6,0	5,0
43,10	5,22	4,5	6,0	5,0
43,12	5,24	4,5	6,0	5,0
43,15	5,25	4,5	6,0	5,0
43,17	5,26	4,5	6,0	5,0
43,19	5,26	4,5	6,0	5,0
43,22	5,28	4,5	6,0	5,0
43,24	5,29	4,5	6,0	5,0
43,27	5,31	4,5	6,0	5,0
43,29	5,33	4,5	6,0	5,0
43,32	5,33	4,5	6,0	5,0
43,34	5,34	4,5	6,0	5,0
43,36	5,34	4,5	6,0	5,0
43,39	5,36	4,5	6,0	5,0
43,41	5,37	4,5	6,0	5,0
43,44	5,38	4,5	6,0	5,0
43,46	5,38	4,5	6,0	5,0
43,49	5,39	4,5	6,0	5,0
43,51	5,39	4,5	6,0	5,0
43,54	5,40	4,5	6,0	5,0
43,56	5,42	4,5	6,0	5,0
43,58	5,43	4,5	6,0	5,0
43,61	5,43	4,5	6,0	5,0
43,63	5,44	4,5	6,0	5,0
43,66	5,44	4,5	6,0	5,0
43,68	5,47	4,5	6,0	5,0
43,71	5,48	4,5	6,0	5,0
43,73	5,49	4,5	6,0	5,0
43,76	5,49	4,5	6,0	5,0
43,78	5,50	4,5	6,0	5,0
43,80	5,51	4,5	6,0	5,0
43,83	5,52	4,5	6,0	5,0
43,85	5,52	4,5	6,0	5,0
43,88	5,53	4,5	6,0	5,0
43,90	5,52	4,5	6,0	5,0
43,93	5,53	4,5	6,0	5,0
43,95	5,54	4,5	6,0	5,0
43,98	5,56	4,5	6,0	5,0
44,00	5,56	4,5	6,0	5,0
44,02	5,57	4,5	6,0	5,0
44,05	5,57	4,5	6,0	5,0
44,07	5,59	4,5	6,0	5,0
44,10	5,59	4,5	6,0	5,0
44,12	5,61	4,5	6,0	5,0
44,15	5,62	4,5	6,0	5,0
44,17	5,63	4,5	6,0	5,0
44,20	5,63	4,5	6,0	5,0
44,22	5,63	4,5	6,0	5,0
44,24	5,65	4,5	6,0	5,0
44,27	5,66	4,5	6,0	5,0
44,29	5,65	4,5	6,0	5,0
44,32	5,66	4,5	6,0	5,0
44,34	5,66	4,5	6,0	5,0
44,37	5,67	4,5	6,0	5,0
44,39	5,68	4,5	6,0	5,0
44,41	5,69	4,5	6,0	5,0
44,44	5,70	4,5	6,0	5,0
44,46	5,69	4,5	6,0	5,0
44,49	5,70	4,5	6,0	5,0
44,51	5,71	4,5	6,0	5,0
44,54	5,72	4,5	6,0	5,0
44,56	5,73	4,5	6,0	5,0
44,59	5,74	4,5	6,0	5,0
44,61	5,75	4,5	6,0	5,0
44,63	5,74	4,5	6,0	5,0
44,66	5,75	4,5	6,0	5,0
44,68	5,76	4,5	6,0	5,0
44,71	5,77	4,5	6,0	5,0
44,73	5,77	4,5	6,0	5,0
44,76	5,77	4,5	6,0	5,0
44,78	5,78	4,5	6,0	5,0
44,81	5,79	4,5	6,0	5,0
44,83	5,79	4,5	6,0	5,0
44,85	5,81	4,5	6,0	5,0
44,88	5,82	4,5	6,0	5,0
44,90	5,81	4,5	6,0	5,0
44,93	5,81	4,5	6,0	5,0
44,95	5,82	4,5	6,0	5,0
44,98	5,83	4,5	6,0	5,0
45,00	5,84	4,5	6,0	5,0
45,03	5,84	4,5	6,0	5,0
45,05	5,84	4,5	6,0	5,0
45,07	5,85	4,5	6,0	5,0
45,10	5,85	4,5	6,0	5,0
45,12	5,86	4,5	6,0	5,0
45,15	5,86	4,5	6,0	5,0
45,17	5,86	4,5	6,0	5,0
45,20	5,86	4,5	6,0	5,0
45,22	5,86	4,5	6,0	5,0
45,25	5,87	4,5	6,0	5,0
45,27	5,88	4,5	6,0	5,0
45,29	5,89	4,5	6,0	5,0
45,32	5,89	4,5	6,0	5,0
45,34	5,89	4,5	6,0	5,0
45,37	5,90	4,5	6,0	5,0
45,39	5,90	4,5	6,0	5,0
45,42	5,91	4,5	6,0	5,0
45,44	5,92	4,5	6,0	5,0
45,47	5,92	4,5	6,0	5,0
45,49	5,91	4,5	6,0	5,0
45,51	5,91	4,5	6,0	5,0
45,54	5,93	4,5	6,0	5,0
45,56	5,93	4,5	6,0	5,0
45,59	5,93	4,5	6,0	5,0
45,61	5,93	4,5	6,0	5,0
45,64	5,93	4,5	6,0	5,0
45,66	5,94	4,5	6,0	5,0
45,68	5,94	4,5	6,0	5,0
45,71	5,95	4,5	6,0	5,0
45,73	5,96	4,5	6,0	5,0
45,76	5,95	4,5	6,0	5,0
45,78	5,95	4,5	6,0	5,0
45,81	5,96	4,5	6,0	5,0
45,83	5,97	4,5	6,0	5,0
45,86	5,97	4,5	6,0	5,0
45,88	5,97	4,5	6,0	5,0
45,90	5,97	4,5	6,0	5,0
45,93	5,97	4,5	6,0	5,0
45,95	5,97	4,5	6,0	5,0
45,98	5,98	4,5	6,0	5,0
46,00	5,98	4,5	6,0	5,0
46,03	5,97	4,5	6,0	5,0
46,05	5,98	4,5	6,0	5,0
46,08	5,98	4,5	6,0	5,0
46,10	5,99	4,5	6,0	5,0
46,12	5,99	4,5	6,0	5,0
46,15	6,00	4,5	6,0	5,0
46,17	6,01	4,5	6,0	5,0
46,20	6,00	4,5	6,0	5,0
46,22	6,00	4,5	6,0	5,0
46,25	6,01	4,5	6,0	5,0
46,27	6,01	4,5	6,0	5,0
46,30	6,02	4,5	6,0	5,0
46,32	6,01	4,5	6,0	5,0
46,34	6,01	4,5	6,0	5,0
46,37	6,00	4,5	6,0	5,0
46,39	6,01	4,5	6,0	5,0
46,42	6,02	4,5	6,0	5,0
46,44	6,02	4,5	6,0	5,0
46,47	6,01	4,5	6,0	5,0
46,49	6,01	4,5	6,0	5,0
46,52	6,01	4,5	6,0	5,0
46,54	6,02	4,5	6,0	5,0
46,56	6,02	4,5	6,0	5,0
46,59	6,03	4,5	6,0	5,0
46,61	6,03	4,5	6,0	5,0
46,64	6,03	4,5	6,0	5,0
46,66	6,02	4,5	6,0	5,0
46,69	6,03	4,5	6,0	5,0
46,71	6,02	4,5	6,0	5,0
46,73	6,02	4,5	6,0	5,0
46,76	6,01	4,5	6,0	5,0
46,78	6,01	4,5	6,0	5,0
46,81	6,00	4,5	6,0	5,0
46,83	6,00	4,5	6,0	5,0
46,86	6,00	4,5	6,0	5,0
46,88	5,99	4,5	6,0	5,0
46,91	5,98	4,5	6,0	5,0
46,93	5,98	4,5	6,0	5,0
46,95	5,98	4,5	6,0	5,0
46,98	5,99	4,5	6,0	5,0
47,00	5,98	4,5	6,0	5,0
47,03	5,98	4,5	6,0	5,0
47,05	5,96	4,5	6,0	5,0
47,08	5,95	4,5	6,0	5,0
47,10	5,95	4,5	6,0	5,0
47,13	5,94	4,5	6,0	5,0
47,15	5,93	4,5	6,0	5,0
47,17	5,92	4,5	6,0	5,0
47,20	5,90	4,5	6,0	5,0
47,22	5,89	4,5	6,0	5,0
47,25	5,87	4,5	6,0	5,0
47,27	5,87	4,5	6,0	5,0
47,30	5,86	4,5	6,0	5,0
47,32	5,84	4,5	6,0	5,0
47,35	5,83	4,5	6,0	5,0
47,37	5,82	4,5	6,0	5,0
47,39	5,81	4,5	6,0	5,0
47,42	5,81	4,5	6,0	5,0
47,44	5,79	4,5	6,0	5,0
47,47	5,78	4,5	6,0	5,0
47,49	5,76	4,5	6,0	5,0
47,52	5,75	4,5	6,0	5,0
47,54	5,73	4,5	6,0	5,0
47,57	5,72	4,5	6,0	5,0
47,59	5,69	4,5	6,0	5,0
47,61	5,69	4,5	6,0	5,0
47,64	5,66	4,5	6,0	5,0
47,66	5,65	4,5	6,0	5,0
47,69	5,63	4,5	6,0	5,0
47,71	5,62	4,5	6,0	5,0
47,74	5,60	4,5	6,0	5,0
47,76	5,57	4,5	6,0	5,0
47,78	5,55	4,5	6,0	5,0
47,81	5,55	4,5	6,0	5,0
47,83	5,53	4,5	6,0	5,0
47,86	5,52	4,5	6,0	5,0
47,88	5,50	4,5	6,0	5,0
47,91	5,48	4,5	6,0	5,0
47,93	5,45	4,5	6,0	5,0
47,96	5,44	4,5	6,0	5,0
47,98	5,43	4,5	6,0	5,0
48,00	5,41	4,5	6,0	5,0
48,03	5,39	4,5	6,0	5,0
48,05	5,37	4,5	6,0	5,0
48,08	5,35	4,5	6,0	5,0
48,10	5,33	4,5	6,0	5,0
48,13	5,32	4,5	6,0	5,0
48,15	5,31	4,5	6,0	5,0
48,18	5,29	4,5	6,0	5,0
48,20	5,26	4,5	6,0	5,0
48,22	5,24	4,5	6,0	5,0
48,25	5,24	4,5	6,0	5,0
48,27	5,22	4,5	6,0	5,0
48,30	5,21	4,5	6,0	5,0
48,32	5,19	4,5	6,0	5,0
48,35	5,17	4,5	6,0	5,0
48,37	5,15	4,5	6,0	5,0
48,40	5,13	4,5	6,0	5,0
48,42	5,12	4,5	6,0	5,0
48,44	5,09	4,5	6,0	5,0
48,47	5,07	4,5	6,0	5,0
48,49	5,06	4,5	6,0	5,0
48,52	5,04	4,5	6,0	5,0
48,54	5,03	4,5	6,0	5,0
48,57	5,01	4,5	6,0	5,0
48,59	4,99	4,5	6,0	5,0
48,62	4,97	4,5	6,0	5,0
48,64	4,95	4,5	6,0	5,0
48,66	4,94	4,5	6,0	5,0
48,69	4,92	4,5	6,0	5,0
48,71	4,91	4,5	6,0	5,0
48,74	4,89	4,5	6,0	5,0
48,76	4,85	4,5	6,0	5,0
48,79	4,84	4,5	6,0	5,0
48,81	4,81	4,5	6,0	5,0
48,84	4,80	4,5	6,0	5,0
48,86	4,77	4,5	6,0	5,0
48,88	4,74	4,5	6,0	5,0
48,91	4,72	4,5	6,0	5,0
48,93	4,70	4,5	6,0	5,0
48,96	4,68	4,5	6,0	5,0
48,98	4,67	4,5	6,0	5,0
49,01	4,65	4,5	6,0	5,0
49,03	4,62	4,5	6,0	5,0
49,05	4,60	4,5	6,0	5,0
49,08	4,58	4,5	6,0	5,0
49,10	4,56	4,5	6,0	5,0
49,13	4,54	4,5	6,0	5,0
49,15	4,51	4,5	6,0	5,0
49,18	4,49	4,5	6,0	5,0
49,20	4,45	4,5	6,0	5,0
49,23	4,43	4,5	6,0	5,0
49,25	4,41	4,5	6,0	5,0
49,27	4,39	4,5	6,0	5,0
49,30	4,37	4,5	6,0	5,0
49,32	4,33	4,5	6,0	5,0
49,35	4,31	4,5	6,0	5,0
49,37	4,30	4,5	6,0	5,0
49,40	4,28	4,5	6,0	5,0
49,42	4,26	4,5	6,0	5,0
49,45	4,23	4,5	6,0	5,0
49,47	4,21	4,5	6,0	5,0
49,49	4,17	4,5	6,0	5,0
49,52	4,16	4,5	6,0	5,0
49,54	4,14	4,5	6,0	5,0
49,57	4,11	4,5	6,0	5,0
49,59	4,08	4,5	6,0	5,0
49,62	4,05	4,5	6,0	5,0
49,64	4,03	4,5	6,0	5,0
49,67	4,01	4,5	6,0	5,0
49,69	3,99	4,5	6,0	5,0
49,71	3,97	4,5	6,0	5,0
49,74	3,95	4,5	6,0	5,0
49,76	3,92	4,5	6,0	5,0
49,79	3,90	4,5	6,0	5,0
49,81	3,89	4,5	6,0	5,0
49,84	3,87	4,5	6,0	5,0
49,86	3,84	4,5	6,0	5,0
49,89	3,82	4,5	6,0	5,0
49,91	3,79	4,5	6,0	5,0
49,93	3,76	4,5	6,0	5,0
49,96	3,74	4,5	6,0	5,0
49,98	3,72	4,5	6,0	5,0
50,01	3,70	4,5	6,0	5,0
50,03	3,67	4,5	6,0	5,0
50,06	3,64	4,5	6,0	5,0
50,08	3,62	4,5	6,0	5,0
50,10	3,61	4,5	6,0	5,0
50,13	3,58	4,5	6,0	5,0
50,15	3,56	4,5	6,0	5,0
50,18	3,54	4,5	6,0	5,0
50,20	3,51	4,5	6,0	5,0
50,23	3,50	4,5	6,0	5,0
50,25	3,48	4,5	6,0	5,0
50,28	3,46	4,5	6,0	5,0
50,30	3,43	4,5	6,0	5,0
50,32	3,41	4,5	6,0	5,0
50,35	3,38	4,5	6,0	5,0
50,37	3,36	4,5	6,0	5,0
50,40	3,35	4,5	6,0	5,0
50,42	3,32	4,5	6,0	5,0
50,45	3,30	4,5	6,0	5,0
50,47	3,28	4,5	6,0	5,0
50,50	3,26	4,5	6,0	5,0
50,52	3,24	4,5	6,0	5,0
50,54	3,22	4,5	6,0	5,0
50,57	3,20	4,5	6,0	5,0
50,59	3,17	4,5	6,0	5,0
50,62	3,14	4,5	6,0	5,0
50,64	3,12	4,5	6,0	5,0
50,67	3,11	4,5	6,0	5,0
50,69	3,09	4,5	6,0	5,0
50,72	3,08	4,5	6,0	5,0
50,74	3,05	4,5	6,0	5,0
50,76	3,03	4,5	6,0	5,0
50,79	3,00	4,5	6,0	5,0
50,81	2,99	4,5	6,0	5,0
50,84	2,98	4,5	6,0	5,0
50,86	2,95	4,5	6,0	5,0
50,89	2,92	4,5	6,0	5,0
50,91	2,90	4,5	6,0	5,0
50,94	2,88	4,5	6,0	5,0
50,96	2,87	4,5	6,0	5,0
50,98	2,85	4,5	6,0	5,0
51,01	2,84	4,5	6,0	5,0
51,03	2,82	4,5	6,0	5,0
51,06	2,79	4,5	6,0	5,0
51,08	2,78	4,5	6,0	5,0
51,11	2,77	4,5	6,0	5,0
51,13	2,76	4,5	6,0	5,0
51,15	2,75	4,5	6,0	5,0
51,18	2,72	4,5	6,0	5,0
51,20	2,71	4,5	6,0	5,0
51,23	2,68	4,5	6,0	5,0
51,25	2,67	4,5	6,0	5,0
51,28	2,66	4,5	6,0	5,0
51,30	2,65	4,5	6,0	5,0
51,33	2,63	4,5	6,0	5,0
51,35	2,62	4,5	6,0	5,0
51,37	2,61	4,5	6,0	5,0
51,40	2,60	4,5	6,0	5,0
51,42	2,59	4,5	6,0	5,0
51,45	2,58	4,5	6,0	5,0
51,47	2,56	4,5	6,0	5,0
51,50	2,55	4,5	6,0	5,0
51,52	2,54	4,5	6,0	5,0
51,55	2,54	4,5	6,0	5,0
51,57	2,53	4,5	6,0	5,0
51,59	2,52	4,5	6,0	5,0
51,62	2,50	4,5	6,0	5,0
51,64	2,48	4,5	6,0	5,0
51,67	2,47	4,5	6,0	5,0
51,69	2,46	4,5	6,0	5,0
51,72	2,46	4,5	6,0	5,0
51,74	2,44	4,5	6,0	5,0
51,77	2,43	4,5	6,0	5,0
51,79	2,43	4,5	6,0	5,0
51,81	2,42	4,5	6,0	5,0
51,84	2,43	4,5	6,0	5,0
51,86	2,41	4,5	6,0	5,0
51,89	2,40	4,5	6,0	5,0
51,91	2,39	4,5	6,0	5,0
51,94	2,38	4,5	6,0	5,0
51,96	2,37	4,5	6,0	5,0
51,99	2,36	4,5	6,0	5,0
52,01	2,35	4,5	6,0	5,0
52,03	2,35	4,5	6,0	5,0
52,06	2,32	4,5	6,0	5,0
52,08	2,32	4,5	6,0	5,0
52,11	2,31	4,5	6,0	5,0
52,13	2,30	4,5	6,0	5,0
52,16	2,29	4,5	6,0	5,0
52,18	2,28	4,5	6,0	5,0
52,20	2,27	4,5	6,0	5,0
52,23	2,27	4,5	6,0	5,0
52,25	2,26	4,5	6,0	5,0
52,28	2,26	4,5	6,0	5,0
52,30	2,25	4,5	6,0	5,0
52,33	2,23	4,5	6,0	5,0
52,35	2,21	4,5	6,0	5,0
52,38	2,21	4,5	6,0	5,0
52,40	2,21	4,5	6,0	5,0
52,42	2,20	4,5	6,0	5,0
52,45	2,19	4,5	6,0	5,0
52,47	2,18	4,5	6,0	5,0
52,50	2,17	4,5	6,0	5,0
52,52	2,16	4,5	6,0	5,0
52,55	2,15	4,5	6,0	5,0
52,57	2,15	4,5	6,0	5,0
52,60	2,15	4,5	6,0	5,0
52,62	2,14	4,5	6,0	5,0
52,64	2,13	4,5	6,0	5,0
52,67	2,14	4,5	6,0	5,0
52,69	2,13	4,5	6,0	5,0
52,72	2,13	4,5	6,0	5,0
52,74	2,12	4,5	6,0	5,0
52,77	2,11	4,5	6,0	5,0
52,79	2,09	4,5	6,0	5,0
52,82	2,10	4,5	6,0	5,0
52,84	2,10	4,5	6,0	5,0
52,86	2,09	4,5	6,0	5,0
52,89	2,08	4,5	6,0	5,0
52,91	2,08	4,5	6,0	5,0
52,94	2,08	4,5	6,0	5,0
52,96	2,07	4,5	6,0	5,0
52,99	2,08	4,5	6,0	5,0
53,01	2,08	4,5	6,0	5,0
53,04	2,07	4,5	6,0	5,0
53,06	2,07	4,5	6,0	5,0
53,08	2,07	4,5	6,0	5,0
53,11	2,07	4,5	6,0	5,0
53,13	2,08	4,5	6,0	5,0
53,16	2,08	4,5	6,0	5,0
53,18	2,08	4,5	6,0	5,0
53,21	2,07	4,5	6,0	5,0
53,23	2,06	4,5	6,0	5,0
53,26	2,07	4,5	6,0	5,0
53,28	2,08	4,5	6,0	5,0
53,30	2,08	4,5	6,0	5,0
53,33	2,08	4,5	6,0	5,0
53,35	2,08	4,5	6,0	5,0
53,38	2,09	4,5	6,0	5,0
53,40	2,09	4,5	6,0	5,0
53,43	2,09	4,5	6,0	5,0
53,45	2,10	4,5	6,0	5,0
53,47	2,10	4,5	6,0	5,0
53,50	2,10	4,5	6,0	5,0
53,52	2,11	4,5	6,0	5,0
53,55	2,12	4,5	6,0	5,0
53,57	2,13	4,5	6,0	5,0
53,60	2,12	4,5	6,0	5,0
53,62	2,12	4,5	6,0	5,0
53,65	2,12	4,5	6,0	5,0
53,67	2,13	4,5	6,0	5,0
53,69	2,14	4,5	6,0	5,0
53,72	2,15	4,5	6,0	5,0
53,74	2,15	4,5	6,0	5,0
53,77	2,15	4,5	6,0	5,0
53,79	2,15	4,5	6,0	5,0
53,82	2,17	4,5	6,0	5,0
53,84	2,17	4,5	6,0	5,0
53,87	2,18	4,5	6,0	5,0
53,89	2,18	4,5	6,0	5,0
53,91	2,19	4,5	6,0	5,0
53,94	2,19	4,5	6,0	5,0
53,96	2,21	4,5	6,0	5,0
53,99	2,21	4,5	6,0	5,0
54,01	2,22	4,5	6,0	5,0
54,04	2,22	4,5	6,0	5,0
54,06	2,22	4,5	6,0	5,0
54,09	2,22	4,5	6,0	5,0
54,11	2,23	4,5	6,0	5,0
54,13	2,25	4,5	6,0	5,0
54,16	2,25	4,5	6,0	5,0
54,18	2,26	4,5	6,0	5,0
54,21	2,26	4,5	6,0	5,0
54,23	2,27	4,5	6,0	5,0
54,26	2,28	4,5	6,0	5,0
54,28	2,29	4,5	6,0	5,0
54,31	2,31	4,5	6,0	5,0
54,33	2,31	4,5	6,0	5,0
54,35	2,31	4,5	6,0	5,0
54,38	2,33	4,5	6,0	5,0
54,40	2,35	4,5	6,0	5,0
54,43	2,35	4,5	6,0	5,0
54,45	2,36	4,5	6,0	5,0
54,48	2,36	4,5	6,0	5,0
54,50	2,37	4,5	6,0	5,0
54,52	2,37	4,5	6,0	5,0
54,55	2,39	4,5	6,0	5,0
54,57	2,41	4,5	6,0	5,0
54,60	2,41	4,5	6,0	5,0
54,62	2,42	4,5	6,0	5,0
54,65	2,43	4,5	6,0	5,0
54,67	2,44	4,5	6,0	5,0
54,70	2,46	4,5	6,0	5,0
54,72	2,47	4,5	6,0	5,0
54,74	2,49	4,5	6,0	5,0
54,77	2,49	4,5	6,0	5,0
54,79	2,50	4,5	6,0	5,0
54,82	2,52	4,5	6,0	5,0
54,84	2,53	4,5	6,0	5,0
54,87	2,54	4,5	6,0	5,0
54,89	2,55	4,5	6,0	5,0
54,92	2,56	4,5	6,0	5,0
54,94	2,57	4,5	6,0	5,0
54,96	2,58	4,5	6,0	5,0
54,99	2,59	4,5	6,0	5,0
55,01	2,61	4,5	6,0	5,0
55,04	2,62	4,5	6,0	5,0
55,06	2,63	4,5	6,0	5,0
55,09	2,65	4,5	6,0	5,0
55,11	2,66	4,5	6,0	5,0
55,14	2,69	4,5	6,0	5,0
55,16	2,70	4,5	6,0	5,0
55,18	2,72	4,5	6,0	5,0
55,21	2,73	4,5	6,0	5,0
55,23	2,74	4,5	6,0	5,0
55,26	2,76	4,5	6,0	5,0
55,28	2,78	4,5	6,0	5,0
55,31	2,79	4,5	6,0	5,0
55,33	2,81	4,5	6,0	5,0
55,36	2,81	4,5	6,0	5,0
55,38	2,83	4,5	6,0	5,0
55,40	2,84	4,5	6,0	5,0
55,43	2,87	4,5	6,0	5,0
55,45	2,88	4,5	6,0	5,0
55,48	2,90	4,5	6,0	5,0
55,50	2,91	4,5	6,0	5,0
55,53	2,93	4,5	6,0	5,0
55,55	2,96	4,5	6,0	5,0
55,57	2,98	4,5	6,0	5,0
55,60	3,00	4,5	6,0	5,0
55,62	3,01	4,5	6,0	5,0
55,65	3,02	4,5	6,0	5,0
55,67	3,04	4,5	6,0	5,0
55,70	3,06	4,5	6,0	5,0
55,72	3,08	4,5	6,0	5,0
55,75	3,09	4,5	6,0	5,0
55,77	3,11	4,5	6,0	5,0
55,79	3,12	4,5	6,0	5,0
55,82	3,14	4,5	6,0	5,0
55,84	3,16	4,5	6,0	5,0
55,87	3,19	4,5	6,0	5,0
55,89	3,20	4,5	6,0	5,0
55,92	3,21	4,5	6,0	5,0
55,94	3,24	4,5	6,0	5,0
55,97	3,26	4,5	6,0	5,0
55,99	3,28	4,5	6,0	5,0
56,01	3,30	4,5	6,0	5,0
56,04	3,32	4,5	6,0	5,0
56,06	3,33	4,5	6,0	5,0
56,09	3,34	4,5	6,0	5,0
56,11	3,37	4,5	6,0	5,0
56,14	3,40	4,5	6,0	5,0
56,16	3,41	4,5	6,0	5,0
56,19	3,43	4,5	6,0	5,0
56,21	3,45	4,5	6,0	5,0
56,23	3,47	4,5	6,0	5,0
56,26	3,49	4,5	6,0	5,0
56,28	3,52	4,5	6,0	5,0
56,31	3,54	4,5	6,0	5,0
56,33	3,56	4,5	6,0	5,0
56,36	3,57	4,5	6,0	5,0
56,38	3,60	4,5	6,0	5,0
56,41	3,62	4,5	6,0	5,0
56,43	3,65	4,5	6,0	5,0
56,45	3,66	4,5	6,0	5,0
56,48	3,68	4,5	6,0	5,0
56,50	3,70	4,5	6,0	5,0
56,53	3,72	4,5	6,0	5,0
56,55	3,75	4,5	6,0	5,0
56,58	3,77	4,5	6,0	5,0
56,60	3,79	4,5	6,0	5,0
56,62	3,81	4,5	6,0	5,0
56,65	3,84	4,5	6,0	5,0
56,67	3,86	4,5	6,0	5,0
56,70	3,89	4,5	6,0	5,0
56,72	3,91	4,5	6,0	5,0
56,75	3,94	4,5	6,0	5,0
56,77	3,95	4,5	6,0	5,0
56,80	3,97	4,5	6,0	5,0
56,82	4,00	4,5	6,0	5,0
56,84	4,03	4,5	6,0	5,0
56,87	4,05	4,5	6,0	5,0
56,89	4,06	4,5	6,0	5,0
56,92	4,09	4,5	6,0	5,0
56,94	4,10	4,5	6,0	5,0
56,97	4,12	4,5	6,0	5,0
56,99	4,16	4,5	6,0	5,0
57,02	4,18	4,5	6,0	5,0
57,04	4,19	4,5	6,0	5,0
57,06	4,22	4,5	6,0	5,0
57,09	4,24	4,5	6,0	5,0
57,11	4,28	4,5	6,0	5,0
57,14	4,30	4,5	6,0	5,0
57,16	4,33	4,5	6,0	5,0
57,19	4,35	4,5	6,0	5,0
57,21	4,37	4,5	6,0	5,0
57,24	4,40	4,5	6,0	5,0
57,26	4,43	4,5	6,0	5,0
57,28	4,45	4,5	6,0	5,0
57,31	4,48	4,5	6,0	5,0
57,33	4,49	4,5	6,0	5,0
57,36	4,52	4,5	6,0	5,0
57,38	4,54	4,5	6,0	5,0
57,41	4,57	4,5	6,0	5,0
57,43	4,59	4,5	6,0	5,0
57,46	4,61	4,5	6,0	5,0
57,48	4,63	4,5	6,0	5,0
57,50	4,66	4,5	6,0	5,0
57,53	4,69	4,5	6,0	5,0
57,55	4,72	4,5	6,0	5,0
57,58	4,75	4,5	6,0	5,0
57,60	4,77	4,5	6,0	5,0
57,63	4,79	4,5	6,0	5,0
57,65	4,82	4,5	6,0	5,0
57,68	4,85	4,5	6,0	5,0
57,70	4,88	4,5	6,0	5,0
57,72	4,89	4,5	6,0	5,0
57,75	4,92	4,5	6,0	5,0
57,77	4,94	4,5	6,0	5,0
57,80	4,97	4,5	6,0	5,0
57,82	4,98	4,5	6,0	5,0
57,85	5,02	4,5	6,0	5,0
57,87	5,05	4,5	6,0	5,0
57,89	5,07	4,5	6,0	5,0
57,92	5,09	4,5	6,0	5,0
57,94	5,13	4,5	6,0	5,0
57,97	5,15	4,5	6,0	5,0
57,99	5,18	4,5	6,0	5,0
58,02	5,21	4,5	6,0	5,0
58,04	5,23	4,5	6,0	5,0
58,07	5,26	4,5	6,0	5,0
58,09	5,28	4,5	6,0	5,0
58,11	5,32	4,5	6,0	5,0
58,14	5,34	4,5	6,0	5,0
58,16	5,37	4,5	6,0	5,0
58,19	5,39	4,5	6,0	5,0
58,21	5,41	4,5	6,0	5,0
58,24	5,44	4,5	6,0	5,0
58,26	5,46	4,5	6,0	5,0
58,29	5,49	4,5	6,0	5,0
58,31	5,52	4,5	6,0	5,0
58,33	5,54	4,5	6,0	5,0
58,36	5,57	4,5	6,0	5,0
58,38	5,60	4,5	6,0	5,0
58,41	5,63	4,5	6,0	5,0
58,43	5,66	4,5	6,0	5,0
58,46	5,68	4,5	6,0	5,0
58,48	5,71	4,5	6,0	5,0
58,51	5,73	4,5	6,0	5,0
58,53	5,75	4,5	6,0	5,0
58,55	5,79	4,5	6,0	5,0
58,58	5,82	4,5	6,0	5,0
58,60	5,84	4,5	6,0	5,0
58,63	5,86	4,5	6,0	5,0
58,65	5,88	4,5	6,0	5,0
58,68	5,91	4,5	6,0	5,0
58,70	5,94	4,5	6,0	5,0
58,73	5,97	4,5	6,0	5,0
58,75	5,99	4,5	6,0	5,0
58,77	6,01	4,5	6,0	5,0
58,80	6,04	4,5	6,0	5,0
58,82	6,07	4,5	6,0	5,0
58,85	6,11	4,5	6,0	5,0
58,87	6,14	4,5	6,0	5,0
58,90	6,16	4,5	6,0	5,0
58,92	6,18	4,5	6,0	5,0
58,94	6,21	4,5	6,0	5,0
58,97	6,25	4,5	6,0	5,0
58,99	6,28	4,5	6,0	5,0
59,02	6,30	4,5	6,0	5,0
59,04	6,32	4,5	6,0	5,0
59,07	6,34	4,5	6,0	5,0
59,09	6,37	4,5	6,0	5,0
59,12	6,40	4,5	6,0	5,0
59,14	6,43	4,5	6,0	5,0
59,16	6,46	4,5	6,0	5,0
59,19	6,48	4,5	6,0	5,0
59,21	6,50	4,5	6,0	5,0
59,24	6,54	4,5	6,0	5,0
59,26	6,58	4,5	6,0	5,0
59,29	6,60	4,5	6,0	5,0
59,31	6,63	4,5	6,0	5,0
59,34	6,65	4,5	6,0	5,0
59,36	6,67	4,5	6,0	5,0
59,38	6,70	4,5	6,0	5,0
59,41	6,74	4,5	6,0	5,0
59,43	6,77	4,5	6,0	5,0
59,46	6,79	4,5	6,0	5,0
59,48	6,81	4,5	6,0	5,0
59,51	6,83	4,5	6,0	5,0
59,53	6,87	4,5	6,0	5,0
59,56	6,89	4,5	6,0	5,0
59,58	6,92	4,5	6,0	5,0
59,60	6,95	4,5	6,0	5,0
59,63	6,97	4,5	6,0	5,0
59,65	7,00	4,5	6,0	5,0
59,68	7,03	4,5	6,0	5,0
59,70	7,06	4,5	6,0	5,0
59,73	7,09	4,5	6,0	5,0
59,75	7,11	4,5	6,0	5,0
59,78	7,13	4,5	6,0	5,0
59,80	7,15	4,5	6,0	5,0
59,82	7,18	4,5	6,0	5,0
59,85	7,21	4,5	6,0	5,0
59,87	7,24	4,5	6,0	5,0
59,90	7,26	4,5	6,0	5,0
59,92	7,29	4,5	6,0	5,0
59,95	7,32	4,5	6,0	5,0
59,97	7,36	4,5	6,0	5,0
59,99	7,38	4,5	6,0	5,0
60,02	7,41	4,5	6,0	5,0
60,04	7,45	4,5	6,0	5,0
60,07	7,47	4,5	6,0	5,0
60,09	7,49	4,5	6,0	5,0
60,12	7,53	4,5	6,0	5,0
60,14	7,55	4,5	6,0	5,0
60,17	7,58	4,5	6,0	5,0
60,19	7,59	4,5	6,0	5,0
60,21	7,62	4,5	6,0	5,0
60,24	7,64	4,5	6,0	5,0
60,26	7,67	4,5	6,0	5,0
60,29	7,70	4,5	6,0	5,0
60,31	7,73	4,5	6,0	5,0
60,34	7,75	4,5	6,0	5,0
60,36	7,78	4,5	6,0	5,0
60,39	7,80	4,5	6,0	5,0
60,41	7,84	4,5	6,0	5,0
60,43	7,86	4,5	6,0	5,0
60,46	7,89	4,5	6,0	5,0
60,48	7,91	4,5	6,0	5,0
60,51	7,94	4,5	6,0	5,0
60,53	7,97	4,5	6,0	5,0
60,56	8,00	4,5	6,0	5,0
60,58	8,02	4,5	6,0	5,0
60,61	8,05	4,5	6,0	5,0
60,63	8,06	4,5	6,0	5,0
60,65	8,08	4,5	6,0	5,0
60,68	8,11	4,5	6,0	5,0
60,70	8,14	4,5	6,0	5,0
60,73	8,17	4,5	6,0	5,0
60,75	8,19	4,5	6,0	5,0
60,78	8,21	4,5	6,0	5,0
60,80	8,24	4,5	6,0	5,0
60,83	8,27	4,5	6,0	5,0
60,85	8,30	4,5	6,0	5,0
60,87	8,32	4,5	6,0	5,0
60,90	8,35	4,5	6,0	5,0
60,92	8,37	4,5	6,0	5,0
60,95	8,39	4,5	6,0	5,0
60,97	8,42	4,5	6,0	5,0
61,00	8,45	4,5	6,0	5,0
61,02	8,47	4,5	6,0	5,0
61,05	8,50	4,5	6,0	5,0
61,07	8,51	4,5	6,0	5,0
61,09	8,54	4,5	6,0	5,0
61,12	8,56	4,5	6,0	5,0
61,14	8,59	4,5	6,0	5,0
61,17	8,62	4,5	6,0	5,0
61,19	8,64	4,5	6,0	5,0
61,22	8,66	4,5	6,0	5,0
61,24	8,69	4,5	6,0	5,0
61,26	8,72	4,5	6,0	5,0
61,29	8,74	4,5	6,0	5,0
61,31	8,77	4,5	6,0	5,0
61,34	8,79	4,5	6,0	5,0
61,36	8,80	4,5	6,0	5,0
61,39	8,83	4,5	6,0	5,0
61,41	8,86	4,5	6,0	5,0
61,44	8,88	4,5	6,0	5,0
61,46	8,90	4,5	6,0	5,0
61,48	8,92	4,5	6,0	5,0
61,51	8,94	4,5	6,0	5,0
61,53	8,96	4,5	6,0	5,0
61,56	8,98	4,5	6,0	5,0
61,58	9,02	4,5	6,0	5,0
61,61	9,04	4,5	6,0	5,0
61,63	9,06	4,5	6,0	5,0
61,66	9,08	4,5	6,0	5,0
61,68	9,11	4,5	6,0	5,0
61,70	9,14	4,5	6,0	5,0
61,73	9,16	4,5	6,0	5,0
61,75	9,18	4,5	6,0	5,0
61,78	9,20	4,5	6,0	5,0
61,80	9,22	4,5	6,0	5,0
61,83	9,24	4,5	6,0	5,0
61,85	9,27	4,5	6,0	5,0
61,88	9,29	4,5	6,0	5,0
61,90	9,31	4,5	6,0	5,0
61,92	9,33	4,5	6,0	5,0
61,95	9,34	4,5	6,0	5,0
61,97	9,37	4,5	6,0	5,0
62,00	9,40	4,5	6,0	5,0
62,02	9,42	4,5	6,0	5,0
62,05	9,44	4,5	6,0	5,0
62,07	9,46	4,5	6,0	5,0
62,10	9,49	4,5	6,0	5,0
62,12	9,51	4,5	6,0	5,0
62,14	9,54	4,5	6,0	5,0
62,17	9,56	4,5	6,0	5,0
62,19	9,59	4,5	6,0	5,0
62,22	9,60	4,5	6,0	5,0
62,24	9,62	4,5	6,0	5,0
62,27	9,65	4,5	6,0	5,0
62,29	9,68	4,5	6,0	5,0
62,31	9,69	4,5	6,0	5,0
62,34	9,71	4,5	6,0	5,0
62,36	9,73	4,5	6,0	5,0
62,39	9,75	4,5	6,0	5,0
62,41	9,77	4,5	6,0	5,0
62,44	9,80	4,5	6,0	5,0
62,46	9,82	4,5	6,0	5,0
62,49	9,83	4,5	6,0	5,0
62,51	9,85	4,5	6,0	5,0
62,53	9,87	4,5	6,0	5,0
62,56	9,90	4,5	6,0	5,0
62,58	9,92	4,5	6,0	5,0
62,61	9,93	4,5	6,0	5,0
62,63	9,95	4,5	6,0	5,0
62,66	9,96	4,5	6,0	5,0
62,68	9,98	4,5	6,0	5,0
62,71	10,01	4,5	6,0	5,0
62,73	10,03	4,5	6,0	5,0
62,75	10,04	4,5	6,0	5,0
62,78	10,06	4,5	6,0	5,0
62,80	10,07	4,5	6,0	5,0
62,83	10,10	4,5	6,0	5,0
62,85	10,11	4,5	6,0	5,0
62,88	10,15	4,5	6,0	5,0
62,90	10,17	4,5	6,0	5,0
62,93	10,18	4,5	6,0	5,0
62,95	10,20	4,5	6,0	5,0
62,97	10,22	4,5	6,0	5,0
63,00	10,24	4,5	6,0	5,0
63,02	10,26	4,5	6,0	5,0
63,05	10,27	4,5	6,0	5,0
63,07	10,29	4,5	6,0	5,0
63,10	10,29	4,5	6,0	5,0
63,12	10,31	4,5	6,0	5,0
63,15	10,34	4,5	6,0	5,0
63,17	10,36	4,5	6,0	5,0
63,19	10,37	4,5	6,0	5,0
63,22	10,39	4,5	6,0	5,0
63,24	10,41	4,5	6,0	5,0
63,27	10,43	4,5	6,0	5,0
63,29	10,45	4,5	6,0	5,0
63,32	10,48	4,5	6,0	5,0
63,34	10,50	4,5	6,0	5,0
63,36	10,51	4,5	6,0	5,0
63,39	10,53	4,5	6,0	5,0
63,41	10,55	4,5	6,0	5,0
63,44	10,56	4,5	6,0	5,0
63,46	10,58	4,5	6,0	5,0
63,49	10,58	4,5	6,0	5,0
63,51	10,59	4,5	6,0	5,0
63,54	10,60	4,5	6,0	5,0
63,56	10,62	4,5	6,0	5,0
63,58	10,64	4,5	6,0	5,0
63,61	10,65	4,5	6,0	5,0
63,63	10,66	4,5	6,0	5,0
63,66	10,68	4,5	6,0	5,0
63,68	10,69	4,5	6,0	5,0
63,71	10,72	4,5	6,0	5,0
63,73	10,73	4,5	6,0	5,0
63,76	10,74	4,5	6,0	5,0
63,78	10,75	4,5	6,0	5,0
63,80	10,76	4,5	6,0	5,0
63,83	10,78	4,5	6,0	5,0
63,85	10,79	4,5	6,0	5,0
63,88	10,79	4,5	6,0	5,0
63,90	10,80	4,5	6,0	5,0
63,93	10,80	4,5	6,0	5,0
63,95	10,81	4,5	6,0	5,0
63,98	10,82	4,5	6,0	5,0
64,00	10,83	4,5	6,0	5,0
64,02	10,84	4,5	6,0	5,0
64,05	10,85	4,5	6,0	5,0
64,07	10,85	4,5	6,0	5,0
64,10	10,86	4,5	6,0	5,0
64,12	10,87	4,5	6,0	5,0
64,15	10,88	4,5	6,0	5,0
64,17	10,89	4,5	6,0	5,0
64,20	10,90	4,5	6,0	5,0
64,22	10,90	4,5	6,0	5,0
64,24	10,90	4,5	6,0	5,0
64,27	10,91	4,5	6,0	5,0
64,29	10,92	4,5	6,0	5,0
64,32	10,91	4,5	6,0	5,0
64,34	10,91	4,5	6,0	5,0
64,37	10,91	4,5	6,0	5,0
64,39	10,92	4,5	6,0	5,0
64,41	10,92	4,5	6,0	5,0
64,44	10,93	4,5	6,0	5,0
64,46	10,93	4,5	6,0	5,0
64,49	10,92	4,5	6,0	5,0
64,51	10,92	4,5	6,0	5,0
64,54	10,94	4,5	6,0	5,0
64,56	10,94	4,5	6,0	5,0
64,59	10,94	4,5	6,0	5,0
64,61	10,94	4,5	6,0	5,0
64,63	10,94	4,5	6,0	5,0
64,66	10,94	4,5	6,0	5,0
64,68	10,94	4,5	6,0	5,0
64,71	10,95	4,5	6,0	5,0
64,73	10,95	4,5	6,0	5,0
64,76	10,95	4,5	6,0	5,0
64,78	10,94	4,5	6,0	5,0
64,81	10,94	4,5	6,0	5,0
64,83	10,94	4,5	6,0	5,0
64,85	10,95	4,5	6,0	5,0
64,88	10,95	4,5	6,0	5,0
64,90	10,95	4,5	6,0	5,0
64,93	10,95	4,5	6,0	5,0
64,95	10,96	4,5	6,0	5,0
64,98	10,96	4,5	6,0	5,0
65,00	10,96	4,5	6,0	5,0
65,03	10,96	4,5	6,0	5,0
65,05	10,96	4,5	6,0	5,0
65,07	10,97	4,5	6,0	5,0
65,10	10,97	4,5	6,0	5,0
65,12	10,97	4,5	6,0	5,0
65,15	10,97	4,5	6,0	5,0
65,17	10,97	4,5	6,0	5,0
65,20	10,97	4,5	6,0	5,0
65,22	10,96	4,5	6,0	5,0
65,25	10,96	4,5	6,0	5,0
65,27	10,96	4,5	6,0	5,0
65,29	10,96	4,5	6,0	5,0
65,32	10,96	4,5	6,0	5,0
65,34	10,95	4,5	6,0	5,0
65,37	10,95	4,5	6,0	5,0
65,39	10,96	4,5	6,0	5,0
65,42	10,96	4,5	6,0	5,0
65,44	10,96	4,5	6,0	5,0
65,47	10,95	4,5	6,0	5,0
65,49	10,95	4,5	6,0	5,0
65,51	10,94	4,5	6,0	5,0
65,54	10,94	4,5	6,0	5,0
65,56	10,95	4,5	6,0	5,0
65,59	10,94	4,5	6,0	5,0
65,61	10,93	4,5	6,0	5,0
65,64	10,93	4,5	6,0	5,0
65,66	10,92	4,5	6,0	5,0
65,68	10,91	4,5	6,0	5,0
65,71	10,91	4,5	6,0	5,0
65,73	10,91	4,5	6,0	5,0
65,76	10,90	4,5	6,0	5,0
65,78	10,89	4,5	6,0	5,0
65,81	10,88	4,5	6,0	5,0
65,83	10,89	4,5	6,0	5,0
65,86	10,89	4,5	6,0	5,0
65,88	10,88	4,5	6,0	5,0
65,90	10,86	4,5	6,0	5,0
65,93	10,85	4,5	6,0	5,0
65,95	10,84	4,5	6,0	5,0
65,98	10,83	4,5	6,0	5,0
66,00	10,83	4,5	6,0	5,0
66,03	10,82	4,5	6,0	5,0
66,05	10,80	4,5	6,0	5,0
66,08	10,80	4,5	6,0	5,0
66,10	10,78	4,5	6,0	5,0
66,12	10,78	4,5	6,0	5,0
66,15	10,77	4,5	6,0	5,0
66,17	10,77	4,5	6,0	5,0
66,20	10,76	4,5	6,0	5,0
66,22	10,74	4,5	6,0	5,0
66,25	10,73	4,5	6,0	5,0
66,27	10,73	4,5	6,0	5,0
66,30	10,71	4,5	6,0	5,0
66,32	10,70	4,5	6,0	5,0
66,34	10,68	4,5	6,0	5,0
66,37	10,67	4,5	6,0	5,0
66,39	10,65	4,5	6,0	5,0
66,42	10,64	4,5	6,0	5,0
66,44	10,63	4,5	6,0	5,0
66,47	10,61	4,5	6,0	5,0
66,49	10,60	4,5	6,0	5,0
66,52	10,59	4,5	6,0	5,0
66,54	10,58	4,5	6,0	5,0
66,56	10,58	4,5	6,0	5,0
66,59	10,57	4,5	6,0	5,0
66,61	10,56	4,5	6,0	5,0
66,64	10,54	4,5	6,0	5,0
66,66	10,52	4,5	6,0	5,0
66,69	10,52	4,5	6,0	5,0
66,71	10,51	4,5	6,0	5,0
66,73	10,49	4,5	6,0	5,0
66,76	10,48	4,5	6,0	5,0
66,78	10,45	4,5	6,0	5,0
66,81	10,43	4,5	6,0	5,0
66,83	10,42	4,5	6,0	5,0
66,86	10,41	4,5	6,0	5,0
66,88	10,41	4,5	6,0	5,0
66,91	10,38	4,5	6,0	5,0
66,93	10,37	4,5	6,0	5,0
66,95	10,36	4,5	6,0	5,0
66,98	10,34	4,5	6,0	5,0
67,00	10,34	4,5	6,0	5,0
67,03	10,32	4,5	6,0	5,0
67,05	10,31	4,5	6,0	5,0
67,08	10,29	4,5	6,0	5,0
67,10	10,28	4,5	6,0	5,0
67,13	10,27	4,5	6,0	5,0
67,15	10,26	4,5	6,0	5,0
67,17	10,24	4,5	6,0	5,0
67,20	10,22	4,5	6,0	5,0
67,22	10,19	4,5	6,0	5,0
67,25	10,18	4,5	6,0	5,0
67,27	10,17	4,5	6,0	5,0
67,30	10,16	4,5	6,0	5,0
67,32	10,14	4,5	6,0	5,0
67,35	10,12	4,5	6,0	5,0
67,37	10,11	4,5	6,0	5,0
67,39	10,10	4,5	6,0	5,0
67,42	10,09	4,5	6,0	5,0
67,44	10,08	4,5	6,0	5,0
67,47	10,06	4,5	6,0	5,0
67,49	10,04	4,5	6,0	5,0
67,52	10,01	4,5	6,0	5,0
67,54	10,00	4,5	6,0	5,0
67,57	9,99	4,5	6,0	5,0
67,59	9,99	4,5	6,0	5,0
67,61	9,95	4,5	6,0	5,0
67,64	9,94	4,5	6,0	5,0
67,66	9,92	4,5	6,0	5,0
67,69	9,90	4,5	6,0	5,0
67,71	9,89	4,5	6,0	5,0
67,74	9,88	4,5	6,0	5,0
67,76	9,86	4,5	6,0	5,0
67,78	9,83	4,5	6,0	5,0
67,81	9,82	4,5	6,0	5,0
67,83	9,81	4,5	6,0	5,0
67,86	9,80	4,5	6,0	5,0
67,88	9,78	4,5	6,0	5,0
67,91	9,76	4,5	6,0	5,0
67,93	9,74	4,5	6,0	5,0
67,96	9,72	4,5	6,0	5,0
67,98	9,71	4,5	6,0	5,0
68,00	9,70	4,5	6,0	5,0
68,03	9,67	4,5	6,0	5,0
68,05	9,65	4,5	6,0	5,0
68,08	9,63	4,5	6,0	5,0
68,10	9,62	4,5	6,0	5,0
68,13	9,60	4,5	6,0	5,0
68,15	9,59	4,5	6,0	5,0
68,18	9,58	4,5	6,0	5,0
68,20	9,56	4,5	6,0	5,0
68,22	9,54	4,5	6,0	5,0
68,25	9,53	4,5	6,0	5,0
68,27	9,51	4,5	6,0	5,0
68,30	9,50	4,5	6,0	5,0
68,32	9,48	4,5	6,0	5,0
68,35	9,46	4,5	6,0	5,0
68,37	9,44	4,5	6,0	5,0
68,40	9,43	4,5	6,0	5,0
68,42	9,42	4,5	6,0	5,0
68,44	9,41	4,5	6,0	5,0
68,47	9,39	4,5	6,0	5,0
68,49	9,37	4,5	6,0	5,0
68,52	9,35	4,5	6,0	5,0
68,54	9,34	4,5	6,0	5,0
68,57	9,32	4,5	6,0	5,0
68,59	9,31	4,5	6,0	5,0
68,62	9,30	4,5	6,0	5,0
68,64	9,28	4,5	6,0	5,0
68,66	9,26	4,5	6,0	5,0
68,69	9,25	4,5	6,0	5,0
68,71	9,23	4,5	6,0	5,0
68,74	9,22	4,5	6,0	5,0
68,76	9,20	4,5	6,0	5,0
68,79	9,19	4,5	6,0	5,0
68,81	9,17	4,5	6,0	5,0
68,83	9,15	4,5	6,0	5,0
68,86	9,15	4,5	6,0	5,0
68,88	9,13	4,5	6,0	5,0
68,91	9,11	4,5	6,0	5,0
68,93	9,09	4,5	6,0	5,0
68,96	9,07	4,5	6,0	5,0
68,98	9,05	4,5	6,0	5,0
69,01	9,04	4,5	6,0	5,0
69,03	9,03	4,5	6,0	5,0
69,05	9,01	4,5	6,0	5,0
69,08	8,99	4,5	6,0	5,0
69,10	8,97	4,5	6,0	5,0
69,13	8,96	4,5	6,0	5,0
69,15	8,94	4,5	6,0	5,0
69,18	8,92	4,5	6,0	5,0
69,20	8,90	4,5	6,0	5,0
69,23	8,88	4,5	6,0	5,0
69,25	8,86	4,5	6,0	5,0
69,27	8,84	4,5	6,0	5,0
69,30	8,83	4,5	6,0	5,0
69,32	8,82	4,5	6,0	5,0
69,35	8,79	4,5	6,0	5,0
69,37	8,78	4,5	6,0	5,0
69,40	8,75	4,5	6,0	5,0
69,42	8,75	4,5	6,0	5,0
69,45	8,73	4,5	6,0	5,0
69,47	8,72	4,5	6,0	5,0
69,49	8,70	4,5	6,0	5,0
69,52	8,68	4,5	6,0	5,0
69,54	8,67	4,5	6,0	5,0
69,57	8,66	4,5	6,0	5,0
69,59	8,64	4,5	6,0	5,0
69,62	8,62	4,5	6,0	5,0
69,64	8,60	4,5	6,0	5,0
69,67	8,58	4,5	6,0	5,0
69,69	8,56	4,5	6,0	5,0
69,71	8,56	4,5	6,0	5,0
69,74	8,55	4,5	6,0	5,0
69,76	8,53	4,5	6,0	5,0
69,79	8,51	4,5	6,0	5,0
69,81	8,50	4,5	6,0	5,0
69,84	8,48	4,5	6,0	5,0
69,86	8,48	4,5	6,0	5,0
69,89	8,47	4,5	6,0	5,0
69,91	8,46	4,5	6,0	5,0
69,93	8,44	4,5	6,0	5,0
69,96	8,43	4,5	6,0	5,0
69,98	8,42	4,5	6,0	5,0
70,01	8,41	4,5	6,0	5,0
70,03	8,39	4,5	6,0	5,0
70,06	8,38	4,5	6,0	5,0
70,08	8,35	4,5	6,0	5,0
70,10	8,34	4,5	6,0	5,0
70,13	8,33	4,5	6,0	5,0
70,15	8,32	4,5	6,0	5,0
70,18	8,31	4,5	6,0	5,0
70,20	8,29	4,5	6,0	5,0
70,23	8,28	4,5	6,0	5,0
70,25	8,27	4,5	6,0	5,0
70,28	8,26	4,5	6,0	5,0
70,30	8,26	4,5	6,0	5,0
70,32	8,25	4,5	6,0	5,0
70,35	8,24	4,5	6,0	5,0
70,37	8,22	4,5	6,0	5,0
70,40	8,21	4,5	6,0	5,0
70,42	8,21	4,5	6,0	5,0
70,45	8,20	4,5	6,0	5,0
70,47	8,18	4,5	6,0	5,0
70,50	8,16	4,5	6,0	5,0
70,52	8,15	4,5	6,0	5,0
70,54	8,14	4,5	6,0	5,0
70,57	8,13	4,5	6,0	5,0
70,59	8,13	4,5	6,0	5,0
70,62	8,12	4,5	6,0	5,0
70,64	8,10	4,5	6,0	5,0
70,67	8,09	4,5	6,0	5,0
70,69	8,08	4,5	6,0	5,0
70,72	8,08	4,5	6,0	5,0
70,74	8,07	4,5	6,0	5,0
70,76	8,06	4,5	6,0	5,0
70,79	8,05	4,5	6,0	5,0
70,81	8,03	4,5	6,0	5,0
70,84	8,03	4,5	6,0	5,0
70,86	8,02	4,5	6,0	5,0
70,89	8,02	4,5	6,0	5,0
70,91	7,99	4,5	6,0	5,0
70,94	7,98	4,5	6,0	5,0
70,96	7,97	4,5	6,0	5,0
70,98	7,97	4,5	6,0	5,0
71,01	7,97	4,5	6,0	5,0
71,03	7,96	4,5	6,0	5,0
71,06	7,95	4,5	6,0	5,0
71,08	7,93	4,5	6,0	5,0
71,11	7,93	4,5	6,0	5,0
71,13	7,92	4,5	6,0	5,0
71,15	7,92	4,5	6,0	5,0
71,18	7,91	4,5	6,0	5,0
71,20	7,90	4,5	6,0	5,0
71,23	7,88	4,5	6,0	5,0
71,25	7,87	4,5	6,0	5,0
71,28	7,87	4,5	6,0	5,0
71,30	7,87	4,5	6,0	5,0
71,33	7,85	4,5	6,0	5,0
71,35	7,84	4,5	6,0	5,0
71,37	7,83	4,5	6,0	5,0
71,40	7,82	4,5	6,0	5,0
71,42	7,82	4,5	6,0	5,0
71,45	7,82	4,5	6,0	5,0
71,47	7,82	4,5	6,0	5,0
71,50	7,80	4,5	6,0	5,0
71,52	7,80	4,5	6,0	5,0
71,55	7,79	4,5	6,0	5,0
71,57	7,79	4,5	6,0	5,0
71,59	7,78	4,5	6,0	5,0
71,62	7,76	4,5	6,0	5,0
71,64	7,76	4,5	6,0	5,0
71,67	7,75	4,5	6,0	5,0
71,69	7,74	4,5	6,0	5,0
71,72	7,74	4,5	6,0	5,0
71,74	7,74	4,5	6,0	5,0
71,77	7,73	4,5	6,0	5,0
71,79	7,72	4,5	6,0	5,0
71,81	7,71	4,5	6,0	5,0
71,84	7,72	4,5	6,0	5,0
71,86	7,71	4,5	6,0	5,0
71,89	7,72	4,5	6,0	5,0
71,91	7,71	4,5	6,0	5,0
71,94	7,70	4,5	6,0	5,0
71,96	7,70	4,5	6,0	5,0
71,99	7,70	4,5	6,0	5,0
72,01	7,69	4,5	6,0	5,0
72,03	7,69	4,5	6,0	5,0
72,06	7,68	4,5	6,0	5,0
72,08	7,68	4,5	6,0	5,0
72,11	7,67	4,5	6,0	5,0
72,13	7,67	4,5	6,0	5,0
72,16	7,68	4,5	6,0	5,0
72,18	7,67	4,5	6,0	5,0
72,20	7,66	4,5	6,0	5,0
72,23	7,66	4,5	6,0	5,0
72,25	7,66	4,5	6,0	5,0
72,28	7,67	4,5	6,0	5,0
72,30	7,67	4,5	6,0	5,0
72,33	7,68	4,5	6,0	5,0
72,35	7,67	4,5	6,0	5,0
72,38	7,66	4,5	6,0	5,0
72,40	7,67	4,5	6,0	5,0
72,42	7,67	4,5	6,0	5,0
72,45	7,67	4,5	6,0	5,0
72,47	7,67	4,5	6,0	5,0
72,50	7,67	4,5	6,0	5,0
72,52	7,67	4,5	6,0	5,0
72,55	7,66	4,5	6,0	5,0
72,57	7,67	4,5	6,0	5,0
72,60	7,68	4,5	6,0	5,0
72,62	7,68	4,5	6,0	5,0
72,64	7,67	4,5	6,0	5,0
72,67	7,68	4,5	6,0	5,0
72,69	7,67	4,5	6,0	5,0
72,72	7,69	4,5	6,0	5,0
72,74	7,69	4,5	6,0	5,0
72,77	7,69	4,5	6,0	5,0
72,79	7,69	4,5	6,0	5,0
72,82	7,69	4,5	6,0	5,0
72,84	7,70	4,5	6,0	5,0
72,86	7,70	4,5	6,0	5,0
72,89	7,70	4,5	6,0	5,0
72,91	7,70	4,5	6,0	5,0
72,94	7,69	4,5	6,0	5,0
72,96	7,71	4,5	6,0	5,0
72,99	7,71	4,5	6,0	5,0
73,01	7,72	4,5	6,0	5,0
73,04	7,72	4,5	6,0	5,0
73,06	7,72	4,5	6,0	5,0
73,08	7,72	4,5	6,0	5,0
73,11	7,72	4,5	6,0	5,0
73,13	7,73	4,5	6,0	5,0
73,16	7,75	4,5	6,0	5,0
73,18	7,74	4,5	6,0	5,0
73,21	7,75	4,5	6,0	5,0
73,23	7,75	4,5	6,0	5,0
73,25	7,76	4,5	6,0	5,0
73,28	7,76	4,5	6,0	5,0
73,30	7,77	4,5	6,0	5,0
73,33	7,77	4,5	6,0	5,0
73,35	7,78	4,5	6,0	5,0
73,38	7,78	4,5	6,0	5,0
73,40	7,79	4,5	6,0	5,0
73,43	7,80	4,5	6,0	5,0
73,45	7,81	4,5	6,0	5,0
73,47	7,82	4,5	6,0	5,0
73,50	7,82	4,5	6,0	5,0
73,52	7,83	4,5	6,0	5,0
73,55	7,84	4,5	6,0	5,0
73,57	7,85	4,5	6,0	5,0
73,60	7,86	4,5	6,0	5,0
73,62	7,86	4,5	6,0	5,0
73,65	7,87	4,5	6,0	5,0
73,67	7,87	4,5	6,0	5,0
73,69	7,88	4,5	6,0	5,0
73,72	7,90	4,5	6,0	5,0
73,74	7,90	4,5	6,0	5,0
73,77	7,90	4,5	6,0	5,0
73,79	7,91	4,5	6,0	5,0
73,82	7,92	4,5	6,0	5,0
73,84	7,94	4,5	6,0	5,0
73,87	7,95	4,5	6,0	5,0
73,89	7,97	4,5	6,0	5,0
73,91	7,98	4,5	6,0	5,0
73,94	7,98	4,5	6,0	5,0
73,96	8,00	4,5	6,0	5,0
73,99	8,01	4,5	6,0	5,0
74,01	8,02	4,5	6,0	5,0
74,04	8,03	4,5	6,0	5,0
74,06	8,04	4,5	6,0	5,0
74,09	8,05	4,5	6,0	5,0
74,11	8,05	4,5	6,0	5,0
74,13	8,07	4,5	6,0	5,0
74,16	8,09	4,5	6,0	5,0
74,18	8,09	4,5	6,0	5,0
74,21	8,09	4,5	6,0	5,0
74,23	8,12	4,5	6,0	5,0
74,26	8,13	4,5	6,0	5,0
74,28	8,15	4,5	6,0	5,0
74,31	8,16	4,5	6,0	5,0
74,33	8,18	4,5	6,0	5,0
74,35	8,19	4,5	6,0	5,0
74,38	8,19	4,5	6,0	5,0
74,40	8,22	4,5	6,0	5,0
74,43	8,23	4,5	6,0	5,0
74,45	8,24	4,5	6,0	5,0
74,48	8,25	4,5	6,0	5,0
74,50	8,26	4,5	6,0	5,0
74,52	8,28	4,5	6,0	5,0
74,55	8,29	4,5	6,0	5,0
74,57	8,31	4,5	6,0	5,0
74,60	8,32	4,5	6,0	5,0
74,62	8,33	4,5	6,0	5,0
74,65	8,35	4,5	6,0	5,0
74,67	8,36	4,5	6,0	5,0
74,70	8,39	4,5	6,0	5,0
74,72	8,41	4,5	6,0	5,0
74,74	8,43	4,5	6,0	5,0
74,77	8,44	4,5	6,0	5,0
74,79	8,45	4,5	6,0	5,0
74,82	8,47	4,5	6,0	5,0
74,84	8,48	4,5	6,0	5,0
74,87	8,51	4,5	6,0	5,0
74,89	8,51	4,5	6,0	5,0
74,92	8,53	4,5	6,0	5,0
74,94	8,54	4,5	6,0	5,0
74,96	8,56	4,5	6,0	5,0
74,99	8,58	4,5	6,0	5,0
75,01	8,60	4,5	6,0	5,0
75,04	8,62	4,5	6,0	5,0
75,06	8,63	4,5	6,0	5,0
75,09	8,65	4,5	6,0	5,0
75,11	8,67	4,5	6,0	5,0
75,14	8,69	4,5	6,0	5,0
75,16	8,72	4,5	6,0	5,0
75,18	8,73	4,5	6,0	5,0
75,21	8,75	4,5	6,0	5,0
75,23	8,76	4,5	6,0	5,0
75,26	8,78	4,5	6,0	5,0
75,28	8,81	4,5	6,0	5,0
75,31	8,82	4,5	6,0	5,0
75,33	8,84	4,5	6,0	5,0
75,36	8,85	4,5	6,0	5,0
75,38	8,87	4,5	6,0	5,0
75,40	8,89	4,5	6,0	5,0
75,43	8,92	4,5	6,0	5,0
75,45	8,95	4,5	6,0	5,0
75,48	8,96	4,5	6,0	5,0
75,50	8,97	4,5	6,0	5,0
75,53	9,00	4,5	6,0	5,0
75,55	9,02	4,5	6,0	5,0
75,57	9,05	4,5	6,0	5,0
75,60	9,07	4,5	6,0	5,0
75,62	9,10	4,5	6,0	5,0
75,65	9,11	4,5	6,0	5,0
75,67	9,13	4,5	6,0	5,0
75,70	9,16	4,5	6,0	5,0
75,72	9,19	4,5	6,0	5,0
75,75	9,20	4,5	6,0	5,0
75,77	9,22	4,5	6,0	5,0
75,79	9,24	4,5	6,0	5,0
75,82	9,26	4,5	6,0	5,0
75,84	9,29	4,5	6,0	5,0
75,87	9,32	4,5	6,0	5,0
75,89	9,34	4,5	6,0	5,0
75,92	9,36	4,5	6,0	5,0
75,94	9,37	4,5	6,0	5,0
75,97	9,40	4,5	6,0	5,0
75,99	9,43	4,5	6,0	5,0
76,01	9,46	4,5	6,0	5,0
76,04	9,48	4,5	6,0	5,0
76,06	9,50	4,5	6,0	5,0
76,09	9,52	4,5	6,0	5,0
76,11	9,54	4,5	6,0	5,0
76,14	9,57	4,5	6,0	5,0
76,16	9,60	4,5	6,0	5,0
76,19	9,62	4,5	6,0	5,0
76,21	9,64	4,5	6,0	5,0
76,23	9,66	4,5	6,0	5,0
76,26	9,70	4,5	6,0	5,0
76,28	9,72	4,5	6,0	5,0
76,31	9,75	4,5	6,0	5,0
76,33	9,78	4,5	6,0	5,0
76,36	9,80	4,5	6,0	5,0
76,38	9,82	4,5	6,0	5,0
76,41	9,85	4,5	6,0	5,0
76,43	9,89	4,5	6,0	5,0
76,45	9,91	4,5	6,0	5,0
76,48	9,93	4,5	6,0	5,0
76,50	9,95	4,5	6,0	5,0
76,53	9,97	4,5	6,0	5,0
76,55	10,00	4,5	6,0	5,0
76,58	10,03	4,5	6,0	5,0
76,60	10,06	4,5	6,0	5,0
76,62	10,08	4,5	6,0	5,0
76,65	10,10	4,5	6,0	5,0
76,67	10,13	4,5	6,0	5,0
76,70	10,17	4,5	6,0	5,0
76,72	10,20	4,5	6,0	5,0
76,75	10,23	4,5	6,0	5,0
76,77	10,26	4,5	6,0	5,0
76,80	10,28	4,5	6,0	5,0
76,82	10,31	4,5	6,0	5,0
76,84	10,34	4,5	6,0	5,0
76,87	10,37	4,5	6,0	5,0
76,89	10,41	4,5	6,0	5,0
76,92	10,42	4,5	6,0	5,0
76,94	10,45	4,5	6,0	5,0
76,97	10,48	4,5	6,0	5,0
76,99	10,51	4,5	6,0	5,0
77,02	10,55	4,5	6,0	5,0
77,04	10,56	4,5	6,0	5,0
77,06	10,59	4,5	6,0	5,0
77,09	10,63	4,5	6,0	5,0
77,11	10,66	4,5	6,0	5,0
77,14	10,70	4,5	6,0	5,0
77,16	10,73	4,5	6,0	5,0
77,19	10,76	4,5	6,0	5,0
77,21	10,78	4,5	6,0	5,0
77,24	10,81	4,5	6,0	5,0
77,26	10,85	4,5	6,0	5,0
77,28	10,88	4,5	6,0	5,0
77,31	10,90	4,5	6,0	5,0
77,33	10,94	4,5	6,0	5,0
77,36	10,96	4,5	6,0	5,0
77,38	10,98	4,5	6,0	5,0
77,41	11,01	4,5	6,0	5,0
77,43	11,05	4,5	6,0	5,0
77,46	11,09	4,5	6,0	5,0
77,48	11,11	4,5	6,0	5,0
77,50	11,13	4,5	6,0	5,0
77,53	11,17	4,5	6,0	5,0
77,55	11,20	4,5	6,0	5,0
77,58	11,25	4,5	6,0	5,0
77,60	11,27	4,5	6,0	5,0
77,63	11,31	4,5	6,0	5,0
77,65	11,34	4,5	6,0	5,0
77,68	11,36	4,5	6,0	5,0
77,70	11,40	4,5	6,0	5,0
77,72	11,43	4,5	6,0	5,0
77,75	11,46	4,5	6,0	5,0
77,77	11,49	4,5	6,0	5,0
77,80	11,51	4,5	6,0	5,0
77,82	11,55	4,5	6,0	5,0
77,85	11,57	4,5	6,0	5,0
77,87	11,61	4,5	6,0	5,0
77,89	11,65	4,5	6,0	5,0
77,92	11,67	4,5	6,0	5,0
77,94	11,70	4,5	6,0	5,0
77,97	11,75	4,5	6,0	5,0
77,99	11,78	4,5	6,0	5,0
78,02	11,82	4,5	6,0	5,0
78,04	11,85	4,5	6,0	5,0
78,07	11,89	4,5	6,0	5,0
78,09	11,91	4,5	6,0	5,0
78,11	11,94	4,5	6,0	5,0
78,14	11,98	4,5	6,0	5,0
78,16	12,02	4,5	6,0	5,0
78,19	12,04	4,5	6,0	5,0
78,21	12,07	4,5	6,0	5,0
78,24	12,10	4,5	6,0	5,0
78,26	12,13	4,5	6,0	5,0
78,29	12,17	4,5	6,0	5,0
78,31	12,21	4,5	6,0	5,0
78,33	12,25	4,5	6,0	5,0
78,36	12,27	4,5	6,0	5,0
78,38	12,30	4,5	6,0	5,0
78,41	12,34	4,5	6,0	5,0
78,43	12,38	4,5	6,0	5,0
78,46	12,42	4,5	6,0	5,0
78,48	12,45	4,5	6,0	5,0
78,51	12,48	4,5	6,0	5,0
78,53	12,50	4,5	6,0	5,0
78,55	12,54	4,5	6,0	5,0
78,58	12,58	4,5	6,0	5,0
78,60	12,61	4,5	6,0	5,0
78,63	12,65	4,5	6,0	5,0
78,65	12,69	4,5	6,0	5,0
78,68	12,72	4,5	6,0	5,0
78,70	12,75	4,5	6,0	5,0
78,73	12,79	4,5	6,0	5,0
78,75	12,83	4,5	6,0	5,0
78,77	12,85	4,5	6,0	5,0
78,80	12,89	4,5	6,0	5,0
78,82	12,93	4,5	6,0	5,0
78,85	12,96	4,5	6,0	5,0
78,87	13,00	4,5	6,0	5,0
78,90	13,04	4,5	6,0	5,0
78,92	13,08	4,5	6,0	5,0
78,94	13,10	4,5	6,0	5,0
78,97	13,13	4,5	6,0	5,0
78,99	13,17	4,5	6,0	5,0
79,02	13,21	4,5	6,0	5,0
79,04	13,24	4,5	6,0	5,0
79,07	13,28	4,5	6,0	5,0
79,09	13,31	4,5	6,0	5,0
79,12	13,35	4,5	6,0	5,0
79,14	13,39	4,5	6,0	5,0
79,16	13,43	4,5	6,0	5,0
79,19	13,47	4,5	6,0	5,0
79,21	13,50	4,5	6,0	5,0
79,24	13,52	4,5	6,0	5,0
79,26	13,57	4,5	6,0	5,0
79,29	13,60	4,5	6,0	5,0
79,31	13,65	4,5	6,0	5,0
79,34	13,68	4,5	6,0	5,0
79,36	13,71	4,5	6,0	5,0
79,38	13,74	4,5	6,0	5,0
79,41	13,76	4,5	6,0	5,0
79,43	13,81	4,5	6,0	5,0
79,46	13,85	4,5	6,0	5,0
79,48	13,88	4,5	6,0	5,0
79,51	13,91	4,5	6,0	5,0
79,53	13,95	4,5	6,0	5,0
79,56	13,99	4,5	6,0	5,0
79,58	14,03	4,5	6,0	5,0
79,60	14,08	4,5	6,0	5,0
79,63	14,11	4,5	6,0	5,0
79,65	14,14	4,5	6,0	5,0
79,68	14,18	4,5	6,0	5,0
79,70	14,22	4,5	6,0	5,0
79,73	14,26	4,5	6,0	5,0
79,75	14,30	4,5	6,0	5,0
79,78	14,32	4,5	6,0	5,0
79,80	14,35	4,5	6,0	5,0
79,82	14,38	4,5	6,0	5,0
79,85	14,41	4,5	6,0	5,0
79,87	14,45	4,5	6,0	5,0
79,90	14,49	4,5	6,0	5,0
79,92	14,51	4,5	6,0	5,0
79,95	14,55	4,5	6,0	5,0
79,97	14,60	4,5	6,0	5,0
79,99	14,64	4,5	6,0	5,0
80,02	14,68	4,5	6,0	5,0
80,04	14,72	4,5	6,0	5,0
80,07	14,75	4,5	6,0	5,0
80,09	14,78	4,5	6,0	5,0
80,12	14,82	4,5	6,0	5,0
80,14	14,86	4,5	6,0	5,0
80,17	14,90	4,5	6,0	5,0
80,19	14,93	4,5	6,0	5,0
80,21	14,95	4,5	6,0	5,0
80,24	14,99	4,5	6,0	5,0
80,26	15,02	4,5	6,0	5,0
80,29	15,06	4,5	6,0	5,0
80,31	15,11	4,5	6,0	5,0
80,34	15,13	4,5	6,0	5,0
80,36	15,17	4,5	6,0	5,0
80,39	15,21	4,5	6,0	5,0
80,41	15,24	4,5	6,0	5,0
80,43	15,29	4,5	6,0	5,0
80,46	15,32	4,5	6,0	5,0
80,48	15,36	4,5	6,0	5,0
80,51	15,38	4,5	6,0	5,0
80,53	15,41	4,5	6,0	5,0
80,56	15,45	4,5	6,0	5,0
80,58	15,49	4,5	6,0	5,0
80,61	15,51	4,5	6,0	5,0
80,63	15,55	4,5	6,0	5,0
80,65	15,57	4,5	6,0	5,0
80,68	15,60	4,5	6,0	5,0
80,70	15,63	4,5	6,0	5,0
80,73	15,67	4,5	6,0	5,0
80,75	15,70	4,5	6,0	5,0
80,78	15,73	4,5	6,0	5,0
80,80	15,76	4,5	6,0	5,0
80,83	15,80	4,5	6,0	5,0
80,85	15,83	4,5	6,0	5,0
80,87	15,87	4,5	6,0	5,0
80,90	15,90	4,5	6,0	5,0
80,92	15,93	4,5	6,0	5,0
80,95	15,95	4,5	6,0	5,0
80,97	15,98	4,5	6,0	5,0
81,00	16,03	4,5	6,0	5,0
81,02	16,06	4,5	6,0	5,0
81,04	16,08	4,5	6,0	5,0
81,07	16,11	4,5	6,0	5,0
81,09	16,13	4,5	6,0	5,0
81,12	16,17	4,5	6,0	5,0
81,14	16,20	4,5	6,0	5,0
81,17	16,24	4,5	6,0	5,0
81,19	16,27	4,5	6,0	5,0
81,22	16,30	4,5	6,0	5,0
81,24	16,32	4,5	6,0	5,0
81,26	16,37	4,5	6,0	5,0
81,29	16,40	4,5	6,0	5,0
81,31	16,44	4,5	6,0	5,0
81,34	16,47	4,5	6,0	5,0
81,36	16,50	4,5	6,0	5,0
81,39	16,52	4,5	6,0	5,0
81,41	16,55	4,5	6,0	5,0
81,44	16,59	4,5	6,0	5,0
81,46	16,62	4,5	6,0	5,0
81,48	16,65	4,5	6,0	5,0
81,51	16,68	4,5	6,0	5,0
81,53	16,70	4,5	6,0	5,0
81,56	16,73	4,5	6,0	5,0
81,58	16,77	4,5	6,0	5,0
81,61	16,79	4,5	6,0	5,0
81,63	16,82	4,5	6,0	5,0
81,66	16,85	4,5	6,0	5,0
81,68	16,88	4,5	6,0	5,0
81,70	16,92	4,5	6,0	5,0
81,73	16,95	4,5	6,0	5,0
81,75	16,98	4,5	6,0	5,0
81,78	17,01	4,5	6,0	5,0
81,80	17,03	4,5	6,0	5,0
81,83	17,05	4,5	6,0	5,0
81,85	17,09	4,5	6,0	5,0
81,88	17,13	4,5	6,0	5,0
81,90	17,15	4,5	6,0	5,0
81,92	17,17	4,5	6,0	5,0
81,95	17,20	4,5	6,0	5,0
81,97	17,23	4,5	6,0	5,0
82,00	17,26	4,5	6,0	5,0
82,02	17,29	4,5	6,0	5,0
82,05	17,32	4,5	6,0	5,0
82,07	17,34	4,5	6,0	5,0
82,10	17,37	4,5	6,0	5,0
82,12	17,40	4,5	6,0	5,0
82,14	17,44	4,5	6,0	5,0
82,17	17,47	4,5	6,0	5,0
82,19	17,49	4,5	6,0	5,0
82,22	17,52	4,5	6,0	5,0
82,24	17,53	4,5	6,0	5,0
82,27	17,56	4,5	6,0	5,0
82,29	17,60	4,5	6,0	5,0
82,31	17,62	4,5	6,0	5,0
82,34	17,65	4,5	6,0	5,0
82,36	17,68	4,5	6,0	5,0
82,39	17,70	4,5	6,0	5,0
82,41	17,74	4,5	6,0	5,0
82,44	17,76	4,5	6,0	5,0
82,46	17,80	4,5	6,0	5,0
82,49	17,83	4,5	6,0	5,0
82,51	17,84	4,5	6,0	5,0
82,53	17,87	4,5	6,0	5,0
82,56	17,91	4,5	6,0	5,0
82,58	17,94	4,5	6,0	5,0
82,61	17,96	4,5	6,0	5,0
82,63	17,98	4,5	6,0	5,0
82,66	18,00	4,5	6,0	5,0
82,68	18,02	4,5	6,0	5,0
82,71	18,03	4,5	6,0	5,0
82,73	18,07	4,5	6,0	5,0
82,75	18,09	4,5	6,0	5,0
82,78	18,10	4,5	6,0	5,0
82,80	18,13	4,5	6,0	5,0
82,83	18,15	4,5	6,0	5,0
82,85	18,19	4,5	6,0	5,0
82,88	18,21	4,5	6,0	5,0
82,90	18,24	4,5	6,0	5,0
82,93	18,26	4,5	6,0	5,0
82,95	18,28	4,5	6,0	5,0
82,97	18,30	4,5	6,0	5,0
83,00	18,33	4,5	6,0	5,0
83,02	18,35	4,5	6,0	5,0
83,05	18,37	4,5	6,0	5,0
83,07	18,37	4,5	6,0	5,0
83,10	18,39	4,5	6,0	5,0
83,12	18,41	4,5	6,0	5,0
83,15	18,43	4,5	6,0	5,0
83,17	18,45	4,5	6,0	5,0
83,19	18,47	4,5	6,0	5,0
83,22	18,49	4,5	6,0	5,0
83,24	18,51	4,5	6,0	5,0
83,27	18,53	4,5	6,0	5,0
83,29	18,56	4,5	6,0	5,0
83,32	18,59	4,5	6,0	5,0
83,34	18,60	4,5	6,0	5,0
83,36	18,62	4,5	6,0	5,0
83,39	18,64	4,5	6,0	5,0
83,41	18,66	4,5	6,0	5,0
83,44	18,69	4,5	6,0	5,0
83,46	18,70	4,5	6,0	5,0
83,49	18,72	4,5	6,0	5,0
83,51	18,72	4,5	6,0	5,0
83,54	18,74	4,5	6,0	5,0
83,56	18,75	4,5	6,0	5,0
83,58	18,78	4,5	6,0	5,0
83,61	18,80	4,5	6,0	5,0
83,63	18,82	4,5	6,0	5,0
83,66	18,84	4,5	6,0	5,0
83,68	18,86	4,5	6,0	5,0
83,71	18,88	4,5	6,0	5,0
83,73	18,91	4,5	6,0	5,0
83,76	18,92	4,5	6,0	5,0
83,78	18,94	4,5	6,0	5,0
83,80	18,94	4,5	6,0	5,0
83,83	18,96	4,5	6,0	5,0
83,85	18,99	4,5	6,0	5,0
83,88	19,01	4,5	6,0	5,0
83,90	19,02	4,5	6,0	5,0
83,93	19,04	4,5	6,0	5,0
83,95	19,05	4,5	6,0	5,0
83,98	19,07	4,5	6,0	5,0
84,00	19,08	4,5	6,0	5,0
84,02	19,11	4,5	6,0	5,0
84,05	19,12	4,5	6,0	5,0
84,07	19,13	4,5	6,0	5,0
84,10	19,14	4,5	6,0	5,0
84,12	19,17	4,5	6,0	5,0
84,15	19,19	4,5	6,0	5,0
84,17	19,21	4,5	6,0	5,0
84,20	19,22	4,5	6,0	5,0
84,22	19,24	4,5	6,0	5,0
84,24	19,24	4,5	6,0	5,0
84,27	19,25	4,5	6,0	5,0
84,29	19,28	4,5	6,0	5,0
84,32	19,30	4,5	6,0	5,0
84,34	19,31	4,5	6,0	5,0
84,37	19,32	4,5	6,0	5,0
84,39	19,33	4,5	6,0	5,0
84,41	19,36	4,5	6,0	5,0
84,44	19,37	4,5	6,0	5,0
84,46	19,39	4,5	6,0	5,0
84,49	19,40	4,5	6,0	5,0
84,51	19,40	4,5	6,0	5,0
84,54	19,42	4,5	6,0	5,0
84,56	19,44	4,5	6,0	5,0
84,59	19,46	4,5	6,0	5,0
84,61	19,47	4,5	6,0	5,0
84,63	19,49	4,5	6,0	5,0
84,66	19,49	4,5	6,0	5,0
84,68	19,50	4,5	6,0	5,0
84,71	19,52	4,5	6,0	5,0
84,73	19,54	4,5	6,0	5,0
84,76	19,54	4,5	6,0	5,0
84,78	19,55	4,5	6,0	5,0
84,81	19,56	4,5	6,0	5,0
84,83	19,58	4,5	6,0	5,0
84,85	19,58	4,5	6,0	5,0
84,88	19,60	4,5	6,0	5,0
84,90	19,62	4,5	6,0	5,0
84,93	19,62	4,5	6,0	5,0
84,95	19,63	4,5	6,0	5,0
84,98	19,64	4,5	6,0	5,0
85,00	19,66	4,5	6,0	5,0
85,03	19,67	4,5	6,0	5,0
85,05	19,69	4,5	6,0	5,0
85,07	19,69	4,5	6,0	5,0
85,10	19,70	4,5	6,0	5,0
85,12	19,71	4,5	6,0	5,0
85,15	19,73	4,5	6,0	5,0
85,17	19,74	4,5	6,0	5,0
85,20	19,75	4,5	6,0	5,0
85,22	19,75	4,5	6,0	5,0
85,25	19,76	4,5	6,0	5,0
85,27	19,78	4,5	6,0	5,0
85,29	19,79	4,5	6,0	5,0
85,32	19,81	4,5	6,0	5,0
85,34	19,82	4,5	6,0	5,0
85,37	19,81	4,5	6,0	5,0
85,39	19,83	4,5	6,0	5,0
85,42	19,85	4,5	6,0	5,0
85,44	19,86	4,5	6,0	5,0
85,47	19,88	4,5	6,0	5,0
85,49	19,88	4,5	6,0	5,0
85,51	19,88	4,5	6,0	5,0
85,54	19,87	4,5	6,0	5,0
85,56	19,88	4,5	6,0	5,0
85,59	19,90	4,5	6,0	5,0
85,61	19,91	4,5	6,0	5,0
85,64	19,91	4,5	6,0	5,0
85,66	19,92	4,5	6,0	5,0
85,68	19,92	4,5	6,0	5,0
85,71	19,94	4,5	6,0	5,0
85,73	19,95	4,5	6,0	5,0
85,76	19,96	4,5	6,0	5,0
85,78	19,97	4,5	6,0	5,0
85,81	19,97	4,5	6,0	5,0
85,83	19,98	4,5	6,0	5,0
85,86	20,00	4,5	6,0	5,0
85,88	20,00	4,5	6,0	5,0
85,90	20,01	4,5	6,0	5,0
85,93	20,01	4,5	6,0	5,0
85,95	20,01	4,5	6,0	5,0
85,98	20,01	4,5	6,0	5,0
86,00	20,02	4,5	6,0	5,0
86,03	20,04	4,5	6,0	5,0
86,05	20,04	4,5	6,0	5,0
86,08	20,04	4,5	6,0	5,0
86,10	20,05	4,5	6,0	5,0
86,12	20,06	4,5	6,0	5,0
86,15	20,08	4,5	6,0	5,0
86,17	20,08	4,5	6,0	5,0
86,20	20,10	4,5	6,0	5,0
86,22	20,10	4,5	6,0	5,0
86,25	20,10	4,5	6,0	5,0
86,27	20,11	4,5	6,0	5,0
86,30	20,12	4,5	6,0	5,0
86,32	20,12	4,5	6,0	5,0
86,34	20,13	4,5	6,0	5,0
86,37	20,11	4,5	6,0	5,0
86,39	20,12	4,5	6,0	5,0
86,42	20,12	4,5	6,0	5,0
86,44	20,13	4,5	6,0	5,0
86,47	20,14	4,5	6,0	5,0
86,49	20,15	4,5	6,0	5,0
86,52	20,15	4,5	6,0	5,0
86,54	20,16	4,5	6,0	5,0
86,56	20,17	4,5	6,0	5,0
86,59	20,19	4,5	6,0	5,0
86,61	20,19	4,5	6,0	5,0
86,64	20,19	4,5	6,0	5,0
86,66	20,19	4,5	6,0	5,0
86,69	20,19	4,5	6,0	5,0
86,71	20,21	4,5	6,0	5,0
86,73	20,21	4,5	6,0	5,0
86,76	20,21	4,5	6,0	5,0
86,78	20,22	4,5	6,0	5,0
86,81	20,21	4,5	6,0	5,0
86,83	20,22	4,5	6,0	5,0
86,86	20,22	4,5	6,0	5,0
86,88	20,23	4,5	6,0	5,0
86,91	20,24	4,5	6,0	5,0
86,93	20,24	4,5	6,0	5,0
86,95	20,24	4,5	6,0	5,0
86,98	20,26	4,5	6,0	5,0
87,00	20,26	4,5	6,0	5,0
87,03	20,27	4,5	6,0	5,0
87,05	20,27	4,5	6,0	5,0
87,08	20,28	4,5	6,0	5,0
87,10	20,26	4,5	6,0	5,0
87,13	20,28	4,5	6,0	5,0
87,15	20,29	4,5	6,0	5,0
87,17	20,29	4,5	6,0	5,0
87,20	20,28	4,5	6,0	5,0
87,22	20,28	4,5	6,0	5,0
87,25	20,29	4,5	6,0	5,0
87,27	20,29	4,5	6,0	5,0
87,30	20,30	4,5	6,0	5,0
87,32	20,32	4,5	6,0	5,0
87,35	20,32	4,5	6,0	5,0
87,37	20,31	4,5	6,0	5,0
87,39	20,32	4,5	6,0	5,0
87,42	20,33	4,5	6,0	5,0
87,44	20,33	4,5	6,0	5,0
87,47	20,34	4,5	6,0	5,0
87,49	20,34	4,5	6,0	5,0
87,52	20,34	4,5	6,0	5,0
87,54	20,34	4,5	6,0	5,0
87,57	20,35	4,5	6,0	5,0
87,59	20,36	4,5	6,0	5,0
87,61	20,36	4,5	6,0	5,0
87,64	20,36	4,5	6,0	5,0
87,66	20,37	4,5	6,0	5,0
87,69	20,37	4,5	6,0	5,0
87,71	20,38	4,5	6,0	5,0
87,74	20,38	4,5	6,0	5,0
87,76	20,40	4,5	6,0	5,0
87,78	20,40	4,5	6,0	5,0
87,81	20,40	4,5	6,0	5,0
87,83	20,41	4,5	6,0	5,0
87,86	20,42	4,5	6,0	5,0
87,88	20,42	4,5	6,0	5,0
87,91	20,42	4,5	6,0	5,0
87,93	20,42	4,5	6,0	5,0
87,96	20,42	4,5	6,0	5,0
87,98	20,42	4,5	6,0	5,0
88,00	20,42	4,5	6,0	5,0
88,03	20,43	4,5	6,0	5,0
88,05	20,43	4,5	6,0	5,0
88,08	20,43	4,5	6,0	5,0
88,10	20,43	4,5	6,0	5,0
88,13	20,44	4,5	6,0	5,0
88,15	20,44	4,5	6,0	5,0
88,18	20,45	4,5	6,0	5,0
88,20	20,45	4,5	6,0	5,0
88,22	20,45	4,5	6,0	5,0
88,25	20,45	4,5	6,0	5,0
88,27	20,46	4,5	6,0	5,0
88,30	20,46	4,5	6,0	5,0
88,32	20,47	4,5	6,0	5,0
88,35	20,47	4,5	6,0	5,0
88,37	20,46	4,5	6,0	5,0
88,40	20,46	4,5	6,0	5,0
88,42	20,46	4,5	6,0	5,0
88,44	20,47	4,5	6,0	5,0
88,47	20,48	4,5	6,0	5,0
88,49	20,47	4,5	6,0	5,0
88,52	20,47	4,5	6,0	5,0
88,54	20,48	4,5	6,0	5,0
88,57	20,49	4,5	6,0	5,0
88,59	20,49	4,5	6,0	5,0
88,62	20,50	4,5	6,0	5,0
88,64	20,51	4,5	6,0	5,0
88,66	20,51	4,5	6,0	5,0
88,69	20,51	4,5	6,0	5,0
88,71	20,53	4,5	6,0	5,0
88,74	20,53	4,5	6,0	5,0
88,76	20,54	4,5	6,0	5,0
88,79	20,53	4,5	6,0	5,0
88,81	20,54	4,5	6,0	5,0
88,83	20,53	4,5	6,0	5,0
88,86	20,54	4,5	6,0	5,0
88,88	20,55	4,5	6,0	5,0
88,91	20,56	4,5	6,0	5,0
88,93	20,55	4,5	6,0	5,0
88,96	20,56	4,5	6,0	5,0
88,98	20,56	4,5	6,0	5,0
89,01	20,57	4,5	6,0	5,0
89,03	20,58	4,5	6,0	5,0
89,05	20,59	4,5	6,0	5,0
89,08	20,59	4,5	6,0	5,0
89,10	20,59	4,5	6,0	5,0
89,13	20,60	4,5	6,0	5,0
89,15	20,61	4,5	6,0	5,0
89,18	20,61	4,5	6,0	5,0
89,20	20,62	4,5	6,0	5,0
89,23	20,61	4,5	6,0	5,0
89,25	20,61	4,5	6,0	5,0
89,27	20,61	4,5	6,0	5,0
89,30	20,61	4,5	6,0	5,0
89,32	20,63	4,5	6,0	5,0
89,35	20,63	4,5	6,0	5,0
89,37	20,63	4,5	6,0	5,0
89,40	20,64	4,5	6,0	5,0
89,42	20,64	4,5	6,0	5,0
89,45	20,66	4,5	6,0	5,0
89,47	20,66	4,5	6,0	5,0
89,49	20,67	4,5	6,0	5,0
89,52	20,67	4,5	6,0	5,0
89,54	20,67	4,5	6,0	5,0
89,57	20,69	4,5	6,0	5,0
89,59	20,69	4,5	6,0	5,0
89,62	20,69	4,5	6,0	5,0
89,64	20,70	4,5	6,0	5,0
89,67	20,69	4,5	6,0	5,0
89,69	20,69	4,5	6,0	5,0
89,71	20,72	4,5	6,0	5,0
89,74	20,75	4,5	6,0	5,0
89,76	20,75	4,5	6,0	5,0
89,79	20,76	4,5	6,0	5,0
89,81	20,79	4,5	6,0	5,0
89,84	20,81	4,5	6,0	5,0
89,86	20,82	4,5	6,0	5,0
89,89	20,85	4,5	6,0	5,0
89,91	20,88	4,5	6,0	5,0
89,93	20,88	4,5	6,0	5,0
89,96	20,88	4,5	6,0	5,0
89,98	20,91	4,5	6,0	5,0
